1.0000000000000007,1.0000000000000007,0.07765329687889409
1.0000000000000007,0.9900000000000007,0.0779565772541115
1.0000000000000007,0.9800000000000006,0.07826408954420917
1.0000000000000007,0.9700000000000006,0.07857589634715008
1.0000000000000007,0.9600000000000006,0.07889206120943686
1.0000000000000007,0.9500000000000006,0.0792126486390905
1.0000000000000007,0.9400000000000006,0.07953772411870667
1.0000000000000007,0.9300000000000006,0.07986735411858492
1.0000000000000007,0.9200000000000006,0.08020160610992506
1.0000000000000007,0.9100000000000006,0.0805405485780859
1.0000000000000007,0.9000000000000006,0.08088425103589843
1.0000000000000007,0.8900000000000006,0.08123278403702869
1.0000000000000007,0.8800000000000006,0.08158621918938294
1.0000000000000007,0.8700000000000006,0.08194462916854685
1.0000000000000007,0.8600000000000005,0.08230808773125252
1.0000000000000007,0.8500000000000005,0.08267666972886438
1.0000000000000007,0.8400000000000005,0.08305045112087461
1.0000000000000007,0.8300000000000005,0.08342950898840115
1.0000000000000007,0.8200000000000005,0.08381392154767599
1.0000000000000007,0.8100000000000005,0.08420376816351607
1.0000000000000007,0.8000000000000005,0.08459912936276451
1.0000000000000007,0.7900000000000005,0.08500008684769197
1.0000000000000007,0.7800000000000005,0.08540672350934608
1.0000000000000007,0.7700000000000005,0.08581912344083674
1.0000000000000007,0.7600000000000005,0.08623737195054394
1.0000000000000007,0.7500000000000004,0.08666155557523604
1.0000000000000007,0.7400000000000004,0.08709176209308202
1.0000000000000007,0.7300000000000004,0.08752808053654543
1.0000000000000007,0.7200000000000004,0.08797060120514275
1.0000000000000007,0.7100000000000004,0.08841941567805092
1.0000000000000007,0.7000000000000004,0.0888746168265466
1.0000000000000007,0.6900000000000004,0.08933629882626039
1.0000000000000007,0.6800000000000004,0.08980455716922629
1.0000000000000007,0.6700000000000004,0.09027948867570895
1.0000000000000007,0.6600000000000004,0.09076119150578715
1.0000000000000007,0.6500000000000004,0.09124976517067387
1.0000000000000007,0.6400000000000003,0.09174531054375079
1.0000000000000007,0.6300000000000003,0.09224792987129485
1.0000000000000007,0.6200000000000003,0.09275772678287393
1.0000000000000007,0.6100000000000003,0.09327480630138657
1.0000000000000007,0.6000000000000003,0.0937992748527214
1.0000000000000007,0.5900000000000003,0.09433124027500983
1.0000000000000007,0.5800000000000003,0.09487081182744495
1.0000000000000007,0.5700000000000003,0.09541810019863838
1.0000000000000007,0.5600000000000003,0.09597321751448663
1.0000000000000007,0.5500000000000003,0.09653627734551629
1.0000000000000007,0.5400000000000003,0.09710739471367738
1.0000000000000007,0.5300000000000002,0.0976866860985527
1.0000000000000007,0.5200000000000002,0.09827426944294965
1.0000000000000007,0.5100000000000002,0.09887026415784098
1.0000000000000007,0.5000000000000002,0.09947479112661813
1.0000000000000007,0.49000000000000027,0.1000879727086217
1.0000000000000007,0.48000000000000026,0.10070993274191103
1.0000000000000007,0.47000000000000025,0.10134079654523412
1.0000000000000007,0.46000000000000024,0.10198069091915847
1.0000000000000007,0.45000000000000023,0.1026297441463214
1.0000000000000007,0.4400000000000002,0.10328808599075849
1.0000000000000007,0.4300000000000002,0.1039558476962664
1.0000000000000007,0.4200000000000002,0.1046331619837556
1.0000000000000007,0.4100000000000002,0.10532016304754846
1.0000000000000007,0.4000000000000002,0.10601698655057519
1.0000000000000007,0.3900000000000002,0.10672376961841998
1.0000000000000007,0.38000000000000017,0.1074406508321693
1.0000000000000007,0.37000000000000016,0.10816777022001177
1.0000000000000007,0.36000000000000015,0.10890526924753847
1.0000000000000007,0.35000000000000014,0.1096532908066924
1.0000000000000007,0.34000000000000014,0.11041197920331346
1.0000000000000007,0.3300000000000001,0.11118148014322472
1.0000000000000007,0.3200000000000001,0.11196194071680547
1.0000000000000007,0.3100000000000001,0.1127535093819948
1.0000000000000007,0.3000000000000001,0.11355633594566845
1.0000000000000007,0.2900000000000001,0.11437057154333184
1.0000000000000007,0.2800000000000001,0.11519636861707058
1.0000000000000007,0.2700000000000001,0.11603388089169824
1.0000000000000007,0.26000000000000006,0.11688326334904303
1.0000000000000007,0.25000000000000006,0.11774467220031157
1.0000000000000007,0.24000000000000007,0.1186182648564686
1.0000000000000007,0.23000000000000007,0.11950419989657216
1.0000000000000007,0.22000000000000006,0.12040263703400046
1.0000000000000007,0.21000000000000005,0.12131373708050983
1.0000000000000007,0.20000000000000004,0.12223766190806004
1.0000000000000007,0.19000000000000003,0.12317457440834487
1.0000000000000007,0.18000000000000002,0.12412463844996534
1.0000000000000007,0.17,0.12508801883318282
1.0000000000000007,0.16,0.12606488124219015
1.0000000000000007,0.15,0.1270553921948385
1.0000000000000007,0.13999999999999999,0.12805971898975904
1.0000000000000007,0.12999999999999998,0.12907802965081852
1.0000000000000007,0.11999999999999998,0.13011049286884838
1.0000000000000007,0.10999999999999999,0.13115727794059012
1.0000000000000007,0.09999999999999999,0.13221855470479713
1.0000000000000007,0.09,0.13329449347543795
1.0000000000000007,0.08,0.13438526497194617
1.0000000000000007,0.07,0.13549104024646258
1.0000000000000007,0.060000000000000005,0.13661199060801965
1.0000000000000007,0.05,0.13774828754361898
1.0000000000000007,0.04,0.13890010263615346
1.0000000000000007,0.03,0.1400676074791327
1.0000000000000007,0.02,0.14125097358816716
1.0000000000000007,0.01,0.14245037230917576
1.0000000000000007,0,0.1436659747232789
0.9900000000000007,1.0000000000000007,0.0779860199800948
0.9900000000000007,0.9900000000000007,0.0782939037657044
0.9900000000000007,0.9800000000000006,0.07860608724658992
0.9900000000000007,0.9700000000000006,0.07892263404757409
0.9900000000000007,0.9600000000000006,0.0792436087561467
0.9900000000000007,0.9500000000000006,0.07956907693553156
0.9900000000000007,0.9400000000000006,0.079899105137826
0.9900000000000007,0.9300000000000006,0.08023376091720764
0.9900000000000007,0.9200000000000006,0.08057311284320197
0.9900000000000007,0.9100000000000006,0.08091723051400583
0.9900000000000007,0.9000000000000006,0.0812661845698587
0.9900000000000007,0.8900000000000006,0.08162004670645652
0.9900000000000007,0.8800000000000006,0.0819788896883994
0.9900000000000007,0.8700000000000006,0.08234278736266601
0.9900000000000007,0.8600000000000005,0.08271181467210656
0.9900000000000007,0.8500000000000005,0.08308604766894562
0.9900000000000007,0.8400000000000005,0.08346556352828535
0.9900000000000007,0.8300000000000005,0.0838504405616001
0.9900000000000007,0.8200000000000005,0.0842407582302117
0.9900000000000007,0.8100000000000005,0.08463659715873535
0.9900000000000007,0.8000000000000005,0.08503803914848432
0.9900000000000007,0.7900000000000005,0.08544516719082204
0.9900000000000007,0.7800000000000005,0.08585806548044965
0.9900000000000007,0.7700000000000005,0.08627681942861495
0.9900000000000007,0.7600000000000005,0.08670151567623066
0.9900000000000007,0.7500000000000004,0.08713224210688654
0.9900000000000007,0.7400000000000004,0.08756908785974107
0.9900000000000007,0.7300000000000004,0.08801214334227775
0.9900000000000007,0.7200000000000004,0.08846150024290826
0.9900000000000007,0.7100000000000004,0.08891725154340749
0.9900000000000007,0.7000000000000004,0.08937949153116073
0.9900000000000007,0.6900000000000004,0.08984831581120685
0.9900000000000007,0.6800000000000004,0.09032382131805596
0.9900000000000007,0.6700000000000004,0.09080610632726344
0.9900000000000007,0.6600000000000004,0.09129527046673783
0.9900000000000007,0.6500000000000004,0.091791414727763
0.9900000000000007,0.6400000000000003,0.09229464147570972
0.9900000000000007,0.6300000000000003,0.09280505446041493
0.9900000000000007,0.6200000000000003,0.09332275882620389
0.9900000000000007,0.6100000000000003,0.09384786112152955
0.9900000000000007,0.6000000000000003,0.09438046930820344
0.9900000000000007,0.5900000000000003,0.09492069277019122
0.9900000000000007,0.5800000000000003,0.09546864232194369
0.9900000000000007,0.5700000000000003,0.09602443021623555
0.9900000000000007,0.5600000000000003,0.09658817015148047
0.9900000000000007,0.5500000000000003,0.0971599772784922
0.9900000000000007,0.5400000000000003,0.09773996820665934
0.9900000000000007,0.5300000000000002,0.0983282610095001
0.9900000000000007,0.5200000000000002,0.09892497522956333
0.9900000000000007,0.5100000000000002,0.09953023188263935
0.9900000000000007,0.5000000000000002,0.1001441534612461
0.9900000000000007,0.49000000000000027,0.10076686393734995
0.9900000000000007,0.48000000000000026,0.10139848876428541
0.9900000000000007,0.47000000000000025,0.10203915487783197
0.9900000000000007,0.46000000000000024,0.10268899069640736
0.9900000000000007,0.45000000000000023,0.10334812612033585
0.9900000000000007,0.4400000000000002,0.10401669253014759
0.9900000000000007,0.4300000000000002,0.10469482278386431
0.9900000000000007,0.4200000000000002,0.10538265121322664
0.9900000000000007,0.4100000000000002,0.10608031361881619
0.9900000000000007,0.4000000000000002,0.1067879472640236
0.9900000000000007,0.3900000000000002,0.1075056908678151
0.9900000000000007,0.38000000000000017,0.10823368459624631
0.9900000000000007,0.37000000000000016,0.1089720700526731
0.9900000000000007,0.36000000000000015,0.10972099026660682
0.9900000000000007,0.35000000000000014,0.11048058968116094
0.9900000000000007,0.34000000000000014,0.11125101413903446
0.9900000000000007,0.3300000000000001,0.11203241086697822
0.9900000000000007,0.3200000000000001,0.11282492845868618
0.9900000000000007,0.3100000000000001,0.11362871685605598
0.9900000000000007,0.3000000000000001,0.1144439273287609
0.9900000000000007,0.2900000000000001,0.1152707124520735
0.9900000000000007,0.2800000000000001,0.11610922608288322
0.9900000000000007,0.2700000000000001,0.11695962333384599
0.9900000000000007,0.26000000000000006,0.11782206054560704
0.9900000000000007,0.25000000000000006,0.11869669525703404
0.9900000000000007,0.24000000000000007,0.11958368617339989
0.9900000000000007,0.23000000000000007,0.1204831931324528
0.9900000000000007,0.22000000000000006,0.12139537706831122
0.9900000000000007,0.21000000000000005,0.12232039997312066
0.9900000000000007,0.20000000000000004,0.12325842485641085
0.9900000000000007,0.19000000000000003,0.12420961570208898
0.9900000000000007,0.18000000000000002,0.12517413742300812
0.9900000000000007,0.17,0.12615215581304698
0.9900000000000007,0.16,0.1271438374966409
0.9900000000000007,0.15,0.12814934987570029
0.9900000000000007,0.13999999999999999,0.1291688610738588
0.9900000000000007,0.12999999999999998,0.1302025398779889
0.9900000000000007,0.11999999999999998,0.1312505556769268
0.9900000000000007,0.10999999999999999,0.13231307839734993
0.9900000000000007,0.09999999999999999,0.1333902784367493
0.9900000000000007,0.09,0.1344823265934424
0.9900000000000007,0.08,0.13558939399357417
0.9900000000000007,0.07,0.13671165201505356
0.9900000000000007,0.060000000000000005,0.13784927220837828
0.9900000000000007,0.05,0.13900242621429956
0.9900000000000007,0.04,0.14017128567828374
0.9900000000000007,0.03,0.1413560221617293
0.9900000000000007,0.02,0.1425568070499008
0.9900000000000007,0.01,0.1437738114565454
0.9900000000000007,0,0.14500720612515966
0.9800000000000006,1.0000000000000007,0.07832379196937234
0.9800000000000006,0.9900000000000007,0.07863635300505815
0.9800000000000006,0.9800000000000006,0.07895328263208361
0.9800000000000006,0.9700000000000006,0.07927464551751393
0.9800000000000006,0.9600000000000006,0.07960050730530763
0.9800000000000006,0.9500000000000006,0.07993093462946627
0.9800000000000006,0.9400000000000006,0.08026599512725115
0.9800000000000006,0.9300000000000006,0.08060575745246054
0.9800000000000006,0.9200000000000006,0.08095029128876244
0.9800000000000006,0.9100000000000006,0.08129966736307496
0.9800000000000006,0.9000000000000006,0.08165395745898842
0.9800000000000006,0.8900000000000006,0.08201323443022107
0.9800000000000006,0.8800000000000006,0.08237757221410143
0.9800000000000006,0.8700000000000006,0.08274704584506813
0.9800000000000006,0.8600000000000005,0.08312173146817949
0.9800000000000006,0.8500000000000005,0.0835017063526226
0.9800000000000006,0.8400000000000005,0.08388704890521353
0.9800000000000006,0.8300000000000005,0.0842778386838775
0.9800000000000006,0.8200000000000005,0.08467415641109854
0.9800000000000006,0.8100000000000005,0.08507608398732802
0.9800000000000006,0.8000000000000005,0.08548370450433918
0.9800000000000006,0.7900000000000005,0.08589710225851656
0.9800000000000006,0.7800000000000005,0.08631636276406625
0.9800000000000006,0.7700000000000005,0.08674157276613373
0.9800000000000006,0.7600000000000005,0.0871728202538156
0.9800000000000006,0.7500000000000004,0.0876101944730495
0.9800000000000006,0.7400000000000004,0.08805378593936719
0.9800000000000006,0.7300000000000004,0.08850368645049426
0.9800000000000006,0.7200000000000004,0.08895998909877956
0.9800000000000006,0.7100000000000004,0.08942278828343674
0.9800000000000006,0.7000000000000004,0.08989217972257915
0.9800000000000006,0.6900000000000004,0.09036826046502928
0.9800000000000006,0.6800000000000004,0.09085112890188185
0.9800000000000006,0.6700000000000004,0.09134088477780072
0.9800000000000006,0.6600000000000004,0.09183762920202722
0.9800000000000006,0.6500000000000004,0.09234146465907704
0.9800000000000006,0.6400000000000003,0.09285249501910313
0.9800000000000006,0.6300000000000003,0.09337082554789965
0.9800000000000006,0.6200000000000003,0.09389656291652078
0.9800000000000006,0.6100000000000003,0.09442981521049063
0.9800000000000006,0.6000000000000003,0.09497069193857391
0.9800000000000006,0.5900000000000003,0.09551930404108185
0.9800000000000006,0.5800000000000003,0.09607576389768221
0.9800000000000006,0.5700000000000003,0.09664018533468464
0.9800000000000006,0.5600000000000003,0.09721268363176896
0.9800000000000006,0.5500000000000003,0.09779337552812495
0.9800000000000006,0.5400000000000003,0.09838237922796997
0.9800000000000006,0.5300000000000002,0.09897981440540961
0.9800000000000006,0.5200000000000002,0.09958580220860656
0.9800000000000006,0.5100000000000002,0.10020046526322046
0.9800000000000006,0.5000000000000002,0.10082392767508144
0.9800000000000006,0.49000000000000027,0.10145631503205803
0.9800000000000006,0.48000000000000026,0.10209775440507991
0.9800000000000006,0.47000000000000025,0.10274837434827402
0.9800000000000006,0.46000000000000024,0.10340830489817224
0.9800000000000006,0.45000000000000023,0.10407767757194639
0.9800000000000006,0.4400000000000002,0.10475662536462692
0.9800000000000006,0.4300000000000002,0.10544528274525942
0.9800000000000006,0.4200000000000002,0.10614378565195155
0.9800000000000006,0.4100000000000002,0.1068522714857632
0.9800000000000006,0.4000000000000002,0.10757087910339035
0.9800000000000006,0.3900000000000002,0.10829974880859311
0.9800000000000006,0.38000000000000017,0.109039022342316
0.9800000000000006,0.37000000000000016,0.10978884287144867
0.9800000000000006,0.36000000000000015,0.11054935497617362
0.9800000000000006,0.35000000000000014,0.11132070463584696
0.9800000000000006,0.34000000000000014,0.11210303921335624
0.9800000000000006,0.3300000000000001,0.11289650743789988
0.9800000000000006,0.3200000000000001,0.11370125938613099
0.9800000000000006,0.3100000000000001,0.11451744646160658
0.9800000000000006,0.3000000000000001,0.11534522137248583
0.9800000000000006,0.2900000000000001,0.11618473810741471
0.9800000000000006,0.2800000000000001,0.1170361519095398
0.9800000000000006,0.2700000000000001,0.11789961924858852
0.9800000000000006,0.26000000000000006,0.11877529779095554
0.9800000000000006,0.25000000000000006,0.11966334636773274
0.9800000000000006,0.24000000000000007,0.12056392494062185
0.9800000000000006,0.23000000000000007,0.12147719456566547
0.9800000000000006,0.22000000000000006,0.12240331735473575
0.9800000000000006,0.21000000000000005,0.12334245643471621
0.9800000000000006,0.20000000000000004,0.12429477590431597
0.9800000000000006,0.19000000000000003,0.12526044078845144
0.9800000000000006,0.18000000000000002,0.1262396169901356
0.9800000000000006,0.17,0.12723247123981088
0.9800000000000006,0.16,0.12823917104206592
0.9800000000000006,0.15,0.12925988461967405
0.9800000000000006,0.13999999999999999,0.1302947808548952
0.9800000000000006,0.12999999999999998,0.13134402922798075
0.9800000000000006,0.11999999999999998,0.13240779975282502
0.9800000000000006,0.10999999999999999,0.13348626290970644
0.9800000000000006,0.09999999999999999,0.1345795895750639
0.9800000000000006,0.09,0.13568795094825453
0.9800000000000006,0.08,0.13681151847524323
0.9800000000000006,0.07,0.13795046376917375
0.9800000000000006,0.060000000000000005,0.13910495852777516
0.9800000000000006,0.05,0.14027517444756005
0.9800000000000006,0.04,0.1414612831347734
0.9800000000000006,0.03,0.14266345601305308
0.9800000000000006,0.02,0.14388186422776866
0.9800000000000006,0.01,0.14511667854700672
0.9800000000000006,0,0.14636806925917503
0.9700000000000006,1.0000000000000007,0.07866669377118164
0.9700000000000006,0.9900000000000007,0.07898400711313472
0.9700000000000006,0.9800000000000006,0.079305759074916
0.9700000000000006,0.9700000000000006,0.07963201538132497
0.9700000000000006,0.9600000000000006,0.07996284274837372
0.9700000000000006,0.9500000000000006,0.08029830889651314
0.9700000000000006,0.9400000000000006,0.08063848256392019
0.9700000000000006,0.9300000000000006,0.08098343351983933
0.9700000000000006,0.9200000000000006,0.08133323257797216
0.9700000000000006,0.9100000000000006,0.08168795160990765
0.9700000000000006,0.9000000000000006,0.08204766355858606
0.9700000000000006,0.8900000000000006,0.08241244245178875
0.9700000000000006,0.8800000000000006,0.08278236341564509
0.9700000000000006,0.8700000000000006,0.08315750268814828
0.9700000000000006,0.8600000000000005,0.08353793763267083
0.9700000000000006,0.8500000000000005,0.0839237467514697
0.9700000000000006,0.8400000000000005,0.08431500969917136
0.9700000000000006,0.8300000000000005,0.0847118072962255
0.9700000000000006,0.8200000000000005,0.08511422154231661
0.9700000000000006,0.8100000000000005,0.08552233562972139
0.9700000000000006,0.8000000000000005,0.08593623395659968
0.9700000000000006,0.7900000000000005,0.08635600214020557
0.9700000000000006,0.7800000000000005,0.08678172703000547
0.9700000000000006,0.7700000000000005,0.08721349672068866
0.9700000000000006,0.7600000000000005,0.08765140056505534
0.9700000000000006,0.7500000000000004,0.08809552918676664
0.9700000000000006,0.7400000000000004,0.08854597449294041
0.9700000000000006,0.7300000000000004,0.08900282968657515
0.9700000000000006,0.7200000000000004,0.08946618927878527
0.9700000000000006,0.7100000000000004,0.08993614910082819
0.9700000000000006,0.7000000000000004,0.09041280631590455
0.9700000000000006,0.6900000000000004,0.09089625943071115
0.9700000000000006,0.6800000000000004,0.09138660830672572
0.9700000000000006,0.6700000000000004,0.09188395417120161
0.9700000000000006,0.6600000000000004,0.09238839962785009
0.9700000000000006,0.6500000000000004,0.09290004866718617
0.9700000000000006,0.6400000000000003,0.09341900667651383
0.9700000000000006,0.6300000000000003,0.09394538044952544
0.9700000000000006,0.6200000000000003,0.09447927819548846
0.9700000000000006,0.6100000000000003,0.09502080954799284
0.9700000000000006,0.6000000000000003,0.09557008557322985
0.9700000000000006,0.5900000000000003,0.09612721877777478
0.9700000000000006,0.5800000000000003,0.09669232311584068
0.9700000000000006,0.5700000000000003,0.09726551399597481
0.9700000000000006,0.5600000000000003,0.09784690828716258
0.9700000000000006,0.5500000000000003,0.09843662432430736
0.9700000000000006,0.5400000000000003,0.09903478191305135
0.9700000000000006,0.5300000000000002,0.09964150233390112
0.9700000000000006,0.5200000000000002,0.1002569083456219
0.9700000000000006,0.5100000000000002,0.10088112418786235
0.9700000000000006,0.5000000000000002,0.1015142755829712
0.9700000000000006,0.49000000000000027,0.10215648973696533
0.9700000000000006,0.48000000000000026,0.10280789533960798
0.9700000000000006,0.47000000000000025,0.10346862256355577
0.9700000000000006,0.46000000000000024,0.10413880306252896
0.9700000000000006,0.45000000000000023,0.10481856996846298
0.9700000000000006,0.4400000000000002,0.10550805788759261
0.9700000000000006,0.4300000000000002,0.10620740289542474
0.9700000000000006,0.4200000000000002,0.10691674253054922
0.9700000000000006,0.4100000000000002,0.10763621578724035
0.9700000000000006,0.4000000000000002,0.10836596310679798
0.9700000000000006,0.3900000000000002,0.109106126367577
0.9700000000000006,0.38000000000000017,0.10985684887365327
0.9700000000000006,0.37000000000000016,0.11061827534207189
0.9700000000000006,0.36000000000000015,0.11139055188862451
0.9700000000000006,0.35000000000000014,0.1121738260120986
0.9700000000000006,0.34000000000000014,0.11296824657694458
0.9700000000000006,0.3300000000000001,0.11377396379430127
0.9700000000000006,0.3200000000000001,0.11459112920132417
0.9700000000000006,0.3100000000000001,0.11541989563875478
0.9700000000000006,0.3000000000000001,0.11626041722667456
0.9700000000000006,0.2900000000000001,0.11711284933838044
0.9700000000000006,0.2800000000000001,0.1179773485723231
0.9700000000000006,0.2700000000000001,0.11885407272204543
0.9700000000000006,0.26000000000000006,0.11974318074405974
0.9700000000000006,0.25000000000000006,0.12064483272360135
0.9700000000000006,0.24000000000000007,0.12155918983819664
0.9700000000000006,0.23000000000000007,0.12248641431898137
0.9700000000000006,0.22000000000000006,0.12342666940970842
0.9700000000000006,0.21000000000000005,0.12438011932338035
0.9700000000000006,0.20000000000000004,0.12534692919644613
0.9700000000000006,0.19000000000000003,0.12632726504049727
0.9700000000000006,0.18000000000000002,0.12732129369140374
0.9700000000000006,0.17,0.12832918275582691
0.9700000000000006,0.16,0.12935110055504942
0.9700000000000006,0.15,0.13038721606606157
0.9700000000000006,0.13999999999999999,0.13143769885984624
0.9700000000000006,0.12999999999999998,0.13250271903680388
0.9700000000000006,0.11999999999999998,0.13358244715926199
0.9700000000000006,0.10999999999999999,0.13467705418101353
0.9700000000000006,0.09999999999999999,0.13578671137383275
0.9700000000000006,0.09,0.13691159025091562
0.9700000000000006,0.08,0.1380518624871976
0.9700000000000006,0.07,0.13920769983650136
0.9700000000000006,0.060000000000000005,0.14037927404547118
0.9700000000000006,0.05,0.14156675676425262
0.9700000000000006,0.04,0.1427703194538802
0.9700000000000006,0.03,0.14399013329033783
0.9700000000000006,0.02,0.14522636906526187
0.9700000000000006,0.01,0.14647919708325882
0.9700000000000006,0,0.14774878705581587
0.9600000000000006,1.0000000000000007,0.07901480764116524
0.9600000000000006,0.9900000000000007,0.0793369495803463
0.9600000000000006,0.9800000000000006,0.0796636013171445
0.9600000000000006,0.9700000000000006,0.0799948296496885
0.9600000000000006,0.9600000000000006,0.08033070238172474
0.9600000000000006,0.9500000000000006,0.08067128833591426
0.9600000000000006,0.9400000000000006,0.08101665736718337
0.9600000000000006,0.9300000000000006,0.08136688037612165
0.9600000000000006,0.9200000000000006,0.08172202932242108
0.9600000000000006,0.9100000000000006,0.0820821772383475
0.9600000000000006,0.9000000000000006,0.08244739824223773
0.9600000000000006,0.8900000000000006,0.08281776755201398
0.9600000000000006,0.8800000000000006,0.08319336149870551
0.9600000000000006,0.8700000000000006,0.0835742575399702
0.9600000000000006,0.8600000000000005,0.08396053427360484
0.9600000000000006,0.8500000000000005,0.08435227145103485
0.9600000000000006,0.8400000000000005,0.08474954999077178
0.9600000000000006,0.8300000000000005,0.08515245199182815
0.9600000000000006,0.8200000000000005,0.08556106074707744
0.9600000000000006,0.8100000000000005,0.08597546075654607
0.9600000000000006,0.8000000000000005,0.0863957377406258
0.9600000000000006,0.7900000000000005,0.08682197865319155
0.9600000000000006,0.7800000000000005,0.08725427169461056
0.9600000000000006,0.7700000000000005,0.0876927063246287
0.9600000000000006,0.7600000000000005,0.08813737327511703
0.9600000000000006,0.7500000000000004,0.0885883645626634
0.9600000000000006,0.7400000000000004,0.08904577350099112
0.9600000000000006,0.7300000000000004,0.08950969471318729
0.9600000000000006,0.7200000000000004,0.08998022414372218
0.9600000000000006,0.7100000000000004,0.09045745907024014
0.9600000000000006,0.7000000000000004,0.09094149811510177
0.9600000000000006,0.6900000000000004,0.09143244125665648
0.9600000000000006,0.6800000000000004,0.09193038984022384
0.9600000000000006,0.6700000000000004,0.0924354465887603
0.9600000000000006,0.6600000000000004,0.09294771561318801
0.9600000000000006,0.6500000000000004,0.09346730242236174
0.9600000000000006,0.6400000000000003,0.09399431393264714
0.9600000000000006,0.6300000000000003,0.09452885847708561
0.9600000000000006,0.6200000000000003,0.0950710458141169
0.9600000000000006,0.6100000000000003,0.09562098713583174
0.9600000000000006,0.6000000000000003,0.09617879507572566
0.9600000000000006,0.5900000000000003,0.09674458371592219
0.9600000000000006,0.5800000000000003,0.0973184685938359
0.9600000000000006,0.5700000000000003,0.09790056670824095
0.9600000000000006,0.5600000000000003,0.09849099652471294
0.9600000000000006,0.5500000000000003,0.09908987798040897
0.9600000000000006,0.5400000000000003,0.09969733248814985
0.9600000000000006,0.5300000000000002,0.1003134829397687
0.9600000000000006,0.5200000000000002,0.10093845370868648
0.9600000000000006,0.5100000000000002,0.10157237065167679
0.9600000000000006,0.5000000000000002,0.10221536110977893
0.9600000000000006,0.49000000000000027,0.10286755390831848
0.9600000000000006,0.48000000000000026,0.1035290793559921
0.9600000000000006,0.47000000000000025,0.104200069242974
0.9600000000000006,0.46000000000000024,0.10488065683799822
0.9600000000000006,0.45000000000000023,0.10557097688437218
0.9600000000000006,0.4400000000000002,0.10627116559487296
0.9600000000000006,0.4300000000000002,0.10698136064547953
0.9600000000000006,0.4200000000000002,0.1077017011678908
0.9600000000000006,0.4100000000000002,0.10843232774077957
0.9600000000000006,0.4000000000000002,0.10917338237973102
0.9600000000000006,0.3900000000000002,0.10992500852581304
0.9600000000000006,0.38000000000000017,0.11068735103272476
0.9600000000000006,0.37000000000000016,0.11146055615246936
0.9600000000000006,0.36000000000000015,0.1122447715194955
0.9600000000000006,0.35000000000000014,0.11304014613325006
0.9600000000000006,0.34000000000000014,0.1138468303390866
0.9600000000000006,0.3300000000000001,0.11466497580746983
0.9600000000000006,0.3200000000000001,0.11549473551141803
0.9600000000000006,0.3100000000000001,0.11633626370212376
0.9600000000000006,0.3000000000000001,0.11718971588269163
0.9600000000000006,0.2900000000000001,0.11805524877993381
0.9600000000000006,0.2800000000000001,0.11893302031415975
0.9600000000000006,0.2700000000000001,0.11982318956690043
0.9600000000000006,0.26000000000000006,0.1207259167465025
0.9600000000000006,0.25000000000000006,0.12164136315153193
0.9600000000000006,0.24000000000000007,0.1225696911319228
0.9600000000000006,0.23000000000000007,0.1235110640478088
0.9600000000000006,0.22000000000000006,0.1244656462259753
0.9600000000000006,0.21000000000000005,0.12543360291386865
0.9600000000000006,0.20000000000000004,0.12641510023110036
0.9600000000000006,0.19000000000000003,0.12741030511838458
0.9600000000000006,0.18000000000000002,0.1284193852838468
0.9600000000000006,0.17,0.12944250914664457
0.9600000000000006,0.16,0.1304798457778382
0.9600000000000006,0.15,0.13153156483845457
0.9600000000000006,0.13999999999999999,0.13259783651468582
0.9600000000000006,0.12999999999999998,0.1336788314501656
0.9600000000000006,0.11999999999999998,0.13477472067527088
0.9600000000000006,0.10999999999999999,0.13588567553339323
0.9600000000000006,0.09999999999999999,0.13701186760413106
0.9600000000000006,0.09,0.1381534686233532
0.9600000000000006,0.08,0.13931065040008755
0.9600000000000006,0.07,0.14048358473019099
0.9600000000000006,0.060000000000000005,0.14167244330676018
0.9600000000000006,0.05,0.1428773976272452
0.9600000000000006,0.04,0.1440986188972318
0.9600000000000006,0.03,0.14533627793086168
0.9600000000000006,0.02,0.1465905450478639
0.9600000000000006,0.01,0.14786158996717438
0.9600000000000006,0,0.1491495816971261
0.9500000000000006,1.0000000000000007,0.0793682171860681
0.9500000000000006,0.9900000000000007,0.07969526526659841
0.9500000000000006,0.9800000000000006,0.0800268954888233
0.9500000000000006,0.9700000000000006,0.08036317573989062
0.9500000000000006,0.9600000000000006,0.0807041749270509
0.9500000000000006,0.9500000000000006,0.08104996299101717
0.9500000000000006,0.9400000000000006,0.08140061091937185
0.9500000000000006,0.9300000000000006,0.0817561907600136
0.9500000000000006,0.9200000000000006,0.08211677563463728
0.9500000000000006,0.9100000000000006,0.08248243975223801
0.9500000000000006,0.9000000000000006,0.08285325842263225
0.9500000000000006,0.8900000000000006,0.08322930806998631
0.9500000000000006,0.8800000000000006,0.08361066624634313
0.9500000000000006,0.8700000000000006,0.08399741164513815
0.9500000000000006,0.8600000000000005,0.0843896241146929
0.9500000000000006,0.8500000000000005,0.08478738467167692
0.9500000000000006,0.8400000000000005,0.08519077551452535
0.9500000000000006,0.8300000000000005,0.08559988003680088
0.9500000000000006,0.8200000000000005,0.08601478284048798
0.9500000000000006,0.8100000000000005,0.08643556974920523
0.9500000000000006,0.8000000000000005,0.08686232782132303
0.9500000000000006,0.7900000000000005,0.0872951453629716
0.9500000000000006,0.7800000000000005,0.087734111940925
0.9500000000000006,0.7700000000000005,0.08817931839534425
0.9500000000000006,0.7600000000000005,0.08863085685236459
0.9500000000000006,0.7500000000000004,0.08908882073650855
0.9500000000000006,0.7400000000000004,0.08955330478290746
0.9500000000000006,0.7300000000000004,0.09002440504931251
0.9500000000000006,0.7200000000000004,0.0905022189278766
0.9500000000000006,0.7100000000000004,0.09098684515668523
0.9500000000000006,0.7000000000000004,0.09147838383101692
0.9500000000000006,0.6900000000000004,0.09197693641431064
0.9500000000000006,0.6800000000000004,0.09248260574881681
0.9500000000000006,0.6700000000000004,0.09299549606590934
0.9500000000000006,0.6600000000000004,0.09351571299603331
0.9500000000000006,0.6500000000000004,0.09404336357826243
0.9500000000000006,0.6400000000000003,0.09457855626944153
0.9500000000000006,0.6300000000000003,0.09512140095288388
0.9500000000000006,0.6200000000000003,0.09567200894659787
0.9500000000000006,0.6100000000000003,0.09623049301101126
0.9500000000000006,0.6000000000000003,0.09679696735616382
0.9500000000000006,0.5900000000000003,0.09737154764833643
0.9500000000000006,0.5800000000000003,0.09795435101608405
0.9500000000000006,0.5700000000000003,0.0985454960556392
0.9500000000000006,0.5600000000000003,0.09914510283565094
0.9500000000000006,0.5500000000000003,0.0997532929012239
0.9500000000000006,0.5400000000000003,0.10037018927721969
0.9500000000000006,0.5300000000000002,0.10099591647078385
0.9500000000000006,0.5200000000000002,0.10163060047305819
0.9500000000000006,0.5100000000000002,0.1022743687600386
0.9500000000000006,0.5000000000000002,0.10292735029253679
0.9500000000000006,0.49000000000000027,0.10358967551520377
0.9500000000000006,0.48000000000000026,0.1042614763545709
0.9500000000000006,0.47000000000000025,0.10494288621606374
0.9500000000000006,0.46000000000000024,0.10563403997994326
0.9500000000000006,0.45000000000000023,0.10633507399612623
0.9500000000000006,0.4400000000000002,0.10704612607783776
0.9500000000000006,0.4300000000000002,0.10776733549404584
0.9500000000000006,0.4200000000000002,0.10849884296062777
0.9500000000000006,0.4100000000000002,0.10924079063021669
0.9500000000000006,0.4000000000000002,0.10999332208067604
0.9500000000000006,0.3900000000000002,0.11075658230214812
0.9500000000000006,0.38000000000000017,0.11153071768262215
0.9500000000000006,0.37000000000000016,0.11231587599196594
0.9500000000000006,0.36000000000000015,0.11311220636436581
0.9500000000000006,0.35000000000000014,0.11391985927911581
0.9500000000000006,0.34000000000000014,0.11473898653969901
0.9500000000000006,0.3300000000000001,0.11556974125110162
0.9500000000000006,0.3200000000000001,0.11641227779530053
0.9500000000000006,0.3100000000000001,0.11726675180486272
0.9500000000000006,0.3000000000000001,0.11813332013459697
0.9500000000000006,0.2900000000000001,0.11901214083119531
0.9500000000000006,0.2800000000000001,0.11990337310080243
0.9500000000000006,0.2700000000000001,0.12080717727445091
0.9500000000000006,0.26000000000000006,0.12172371477129948
0.9500000000000006,0.25000000000000006,0.12265314805961153
0.9500000000000006,0.24000000000000007,0.12359564061541031
0.9500000000000006,0.23000000000000007,0.12455135687874969
0.9500000000000006,0.22000000000000006,0.12552046220753554
0.9500000000000006,0.21000000000000005,0.12650312282883694
0.9500000000000006,0.20000000000000004,0.12749950578762534
0.9500000000000006,0.19000000000000003,0.12850977889287857
0.9500000000000006,0.18000000000000002,0.1295341106609908
0.9500000000000006,0.17,0.13057267025642835
0.9500000000000006,0.16,0.13162562742957107
0.9500000000000006,0.15,0.13269315245168395
0.9500000000000006,0.13999999999999999,0.13377541604696128
0.9500000000000006,0.12999999999999998,0.1348725893215888
0.9500000000000006,0.11999999999999998,0.13598484368977226
0.9500000000000006,0.10999999999999999,0.13711235079667966
0.9500000000000006,0.09999999999999999,0.13825528243825105
0.9500000000000006,0.09,0.13941381047782692
0.9500000000000006,0.08,0.1405881067595537
0.9500000000000006,0.07,0.1417783430185251
0.9500000000000006,0.060000000000000005,0.14298469078762177
0.9500000000000006,0.05,0.14420732130101457
0.9500000000000006,0.04,0.14544640539430193
0.9500000000000006,0.03,0.1467021134012546
0.9500000000000006,0.02,0.14797461504714426
0.9500000000000006,0.01,0.14926407933863958
0.9500000000000006,0,0.1505706744502555
0.9400000000000006,1.0000000000000007,0.07972700738378988
0.9400000000000006,0.9900000000000007,0.08005904042146311
0.9400000000000006,0.9800000000000006,0.08039572912828899
0.9400000000000006,0.9700000000000006,0.08073714249621292
0.9400000000000006,0.9600000000000006,0.08108335055183942
0.9400000000000006,0.9500000000000006,0.081434424369848
0.9400000000000006,0.9400000000000006,0.08179043608644808
0.9400000000000006,0.9300000000000006,0.08215145891286649
0.9400000000000006,0.9200000000000006,0.08251756714885898
0.9400000000000006,0.9100000000000006,0.08288883619623794
0.9400000000000006,0.9000000000000006,0.08326534257240711
0.9400000000000006,0.8900000000000006,0.08364716392389426
0.9400000000000006,0.8800000000000006,0.0840343790398715
0.9400000000000006,0.8700000000000006,0.0844270678656539
0.9400000000000006,0.8600000000000005,0.0848253115161644
0.9400000000000006,0.8500000000000005,0.08522919228935487
0.9400000000000006,0.8400000000000005,0.08563879367956995
0.9400000000000006,0.8300000000000005,0.08605420039084265
0.9400000000000006,0.8200000000000005,0.08647549835010722
0.9400000000000006,0.8100000000000005,0.08690277472031613
0.9400000000000006,0.8000000000000005,0.08733611791344716
0.9400000000000006,0.7900000000000005,0.08777561760338455
0.9400000000000006,0.7800000000000005,0.08822136473865892
0.9400000000000006,0.7700000000000005,0.08867345155502968
0.9400000000000006,0.7600000000000005,0.08913197158789252
0.9400000000000006,0.7500000000000004,0.08959701968449373
0.9400000000000006,0.7400000000000004,0.09006869201593332
0.9400000000000006,0.7300000000000004,0.09054708608893657
0.9400000000000006,0.7200000000000004,0.0910323007573744
0.9400000000000006,0.7100000000000004,0.09152443623351104
0.9400000000000006,0.7000000000000004,0.09202359409895736
0.9400000000000006,0.6900000000000004,0.09252987731530611
0.9400000000000006,0.6800000000000004,0.09304339023442647
0.9400000000000006,0.6700000000000004,0.09356423860839251
0.9400000000000006,0.6600000000000004,0.0940925295990201
0.9400000000000006,0.6500000000000004,0.09462837178698566
0.9400000000000006,0.6400000000000003,0.09517187518049934
0.9400000000000006,0.6300000000000003,0.09572315122350411
0.9400000000000006,0.6200000000000003,0.09628231280337105
0.9400000000000006,0.6100000000000003,0.0968494742580607
0.9400000000000006,0.6000000000000003,0.09742475138271811
0.9400000000000006,0.5900000000000003,0.09800826143567003
0.9400000000000006,0.5800000000000003,0.09860012314378944
0.9400000000000006,0.5700000000000003,0.09920045670719328
0.9400000000000006,0.5600000000000003,0.09980938380323781
0.9400000000000006,0.5500000000000003,0.10042702758977286
0.9400000000000006,0.5400000000000003,0.10105351270761952
0.9400000000000006,0.5300000000000002,0.10168896528222961
0.9400000000000006,0.5200000000000002,0.10233351292448786
0.9400000000000006,0.5100000000000002,0.1029872847306149
0.9400000000000006,0.5000000000000002,0.10365041128112851
0.9400000000000006,0.49000000000000027,0.10432302463881911
0.9400000000000006,0.48000000000000026,0.10500525834569452
0.9400000000000006,0.47000000000000025,0.10569724741884863
0.9400000000000006,0.46000000000000024,0.10639912834520548
0.9400000000000006,0.45000000000000023,0.10711103907509177
0.9400000000000006,0.4400000000000002,0.10783311901458702
0.9400000000000006,0.4300000000000002,0.10856550901660236
0.9400000000000006,0.4200000000000002,0.10930835137063438
0.9400000000000006,0.4100000000000002,0.11006178979114396
0.9400000000000006,0.4000000000000002,0.11082596940450341
0.9400000000000006,0.3900000000000002,0.11160103673445955
0.9400000000000006,0.38000000000000017,0.11238713968605611
0.9400000000000006,0.37000000000000016,0.11318442752795878
0.9400000000000006,0.36000000000000015,0.11399305087312543
0.9400000000000006,0.35000000000000014,0.1148131616577641
0.9400000000000006,0.34000000000000014,0.11564491311851771
0.9400000000000006,0.3300000000000001,0.11648845976781798
0.9400000000000006,0.3200000000000001,0.11734395736734624
0.9400000000000006,0.3100000000000001,0.11821156289954028
0.9400000000000006,0.3000000000000001,0.1190914345370875
0.9400000000000006,0.2900000000000001,0.11998373161033876
0.9400000000000006,0.2800000000000001,0.12088861457258407
0.9400000000000006,0.2700000000000001,0.12180624496312516
0.9400000000000006,0.26000000000000006,0.12273678536808251
0.9400000000000006,0.25000000000000006,0.12368039937887464
0.9400000000000006,0.24000000000000007,0.1246372515483059
0.9400000000000006,0.23000000000000007,0.12560750734420048
0.9400000000000006,0.22000000000000006,0.12659133310051976
0.9400000000000006,0.21000000000000005,0.12758889596590187
0.9400000000000006,0.20000000000000004,0.12860036384956117
0.9400000000000006,0.19000000000000003,0.12962590536448743
0.9400000000000006,0.18000000000000002,0.1306656897678846
0.9400000000000006,0.17,0.13171988689879086
0.9400000000000006,0.16,0.13278866711282222
0.9400000000000006,0.15,0.13387220121398286
0.9400000000000006,0.13999999999999999,0.13497066038348926
0.9400000000000006,0.12999999999999998,0.13608421610555357
0.9400000000000006,0.11999999999999998,0.1372130400900773
0.9400000000000006,0.10999999999999999,0.13835730419220468
0.9400000000000006,0.09999999999999999,0.13951718032869237
0.9400000000000006,0.09,0.14069284039104918
0.9400000000000006,0.08,0.141884456155408
0.9400000000000006,0.07,0.14309219918909036
0.9400000000000006,0.060000000000000005,0.1443162407538311
0.9400000000000006,0.05,0.14555675170563276
0.9400000000000006,0.04,0.14681390239122274
0.9400000000000006,0.03,0.14808786254109108
0.9400000000000006,0.02,0.14937880115909233
0.9400000000000006,0.01,0.15068688640859682
0.9400000000000006,0,0.15201228549518533
0.9300000000000006,1.0000000000000007,0.0800912646035656
0.9300000000000006,0.9900000000000007,0.080428362704472
0.9300000000000006,0.9800000000000006,0.08077019120255799
0.9300000000000006,0.9700000000000006,0.08111682021042463
0.9300000000000006,0.9600000000000006,0.0814683208899526
0.9300000000000006,0.9500000000000006,0.08182476546576545
0.9300000000000006,0.9400000000000006,0.08218622723872507
0.9300000000000006,0.9300000000000006,0.08255278059944991
0.9300000000000006,0.9200000000000006,0.08292450104184973
0.9300000000000006,0.9100000000000006,0.08330146517666595
0.9300000000000006,0.9000000000000006,0.08368375074501029
0.9300000000000006,0.8900000000000006,0.08407143663188972
0.9300000000000006,0.8800000000000006,0.08446460287970946
0.9300000000000006,0.8700000000000006,0.0848633307017414
0.9300000000000006,0.8600000000000005,0.08526770249554777
0.9300000000000006,0.8500000000000005,0.08567780185634738
0.9300000000000006,0.8400000000000005,0.08609371359031198
0.9300000000000006,0.8300000000000005,0.08651552372777979
0.9300000000000006,0.8200000000000005,0.0869433195363719
0.9300000000000006,0.8100000000000005,0.08737718953399748
0.9300000000000006,0.8000000000000005,0.08781722350173253
0.9300000000000006,0.7900000000000005,0.08826351249655622
0.9300000000000006,0.7800000000000005,0.08871614886392859
0.9300000000000006,0.7700000000000005,0.08917522625019175
0.9300000000000006,0.7600000000000005,0.08964083961477742
0.9300000000000006,0.7500000000000004,0.09011308524220102
0.9300000000000006,0.7400000000000004,0.09059206075382399
0.9300000000000006,0.7300000000000004,0.09107786511936242
0.9300000000000006,0.7200000000000004,0.09157059866812223
0.9300000000000006,0.7100000000000004,0.09207036309993769
0.9300000000000006,0.7000000000000004,0.09257726149579142
0.9300000000000006,0.6900000000000004,0.09309139832809067
0.9300000000000006,0.6800000000000004,0.09361287947057677
0.9300000000000006,0.6700000000000004,0.09414181220784039
0.9300000000000006,0.6600000000000004,0.09467830524441724
0.9300000000000006,0.6500000000000004,0.09522246871343638
0.9300000000000006,0.6400000000000003,0.09577441418479145
0.9300000000000006,0.6300000000000003,0.09633425467280687
0.9300000000000006,0.6200000000000003,0.09690210464336743
0.9300000000000006,0.6100000000000003,0.09747808002047922
0.9300000000000006,0.6000000000000003,0.09806229819223042
0.9300000000000006,0.5900000000000003,0.09865487801611686
0.9300000000000006,0.5800000000000003,0.09925593982369826
0.9300000000000006,0.5700000000000003,0.09986560542454874
0.9300000000000006,0.5600000000000003,0.10048399810946487
0.9300000000000006,0.5500000000000003,0.10111124265289269
0.9300000000000006,0.5400000000000003,0.1017474653145345
0.9300000000000006,0.5300000000000002,0.10239279384009484
0.9300000000000006,0.5200000000000002,0.1030473574611243
0.9300000000000006,0.5100000000000002,0.10371128689391824
0.9300000000000006,0.5000000000000002,0.10438471433742631
0.9300000000000006,0.49000000000000027,0.10506777347012781
0.9300000000000006,0.48000000000000026,0.10576059944582725
0.9300000000000006,0.47000000000000025,0.1064633288883216
0.9300000000000006,0.46000000000000024,0.10717609988489243
0.9300000000000006,0.45000000000000023,0.1078990519785715
0.9300000000000006,0.4400000000000002,0.10863232615913093
0.9300000000000006,0.4300000000000002,0.10937606485274479
0.9300000000000006,0.4200000000000002,0.11013041191027055
0.9300000000000006,0.4100000000000002,0.11089551259409522
0.9300000000000006,0.4000000000000002,0.11167151356349307
0.9300000000000006,0.3900000000000002,0.11245856285843746
0.9300000000000006,0.38000000000000017,0.11325680988181117
0.9300000000000006,0.37000000000000016,0.11406640537995731
0.9300000000000006,0.36000000000000015,0.11488750142151238
0.9300000000000006,0.35000000000000014,0.1157202513744625
0.9300000000000006,0.34000000000000014,0.11656480988136206
0.9300000000000006,0.3300000000000001,0.11742133283265536
0.9300000000000006,0.3200000000000001,0.11828997733803989
0.9300000000000006,0.3100000000000001,0.11917090169580767
0.9300000000000006,0.3000000000000001,0.12006426536010542
0.9300000000000006,0.2900000000000001,0.12097022890604907
0.9300000000000006,0.2800000000000001,0.12188895399263018
0.9300000000000006,0.2700000000000001,0.12282060332335151
0.9300000000000006,0.26000000000000006,0.12376534060452882
0.9300000000000006,0.25000000000000006,0.12472333050119627
0.9300000000000006,0.24000000000000007,0.12569473859055147
0.9300000000000006,0.23000000000000007,0.12667973131287907
0.9300000000000006,0.22000000000000006,0.12767847591989023
0.9300000000000006,0.21000000000000005,0.12869114042041663
0.9300000000000006,0.20000000000000004,0.12971789352339827
0.9300000000000006,0.19000000000000003,0.13075890457810543
0.9300000000000006,0.18000000000000002,0.13181434351153615
0.9300000000000006,0.17,0.13288438076293108
0.9300000000000006,0.16,0.1339691872153507
0.9300000000000006,0.15,0.13506893412425955
0.9300000000000006,0.13999999999999999,0.13618379304306524
0.9300000000000006,0.12999999999999998,0.13731393574556136
0.9300000000000006,0.11999999999999998,0.13845953414522652
0.9300000000000006,0.10999999999999999,0.1396207602113325
0.9300000000000006,0.09999999999999999,0.14079778588181938
0.9300000000000006,0.09,0.14199078297289658
0.9300000000000006,0.08,0.143199923085333
0.9300000000000006,0.07,0.14442537750740247
0.9300000000000006,0.060000000000000005,0.1456673171144543
0.9300000000000006,0.05,0.1469259122650832
0.9300000000000006,0.04,0.14820133269387586
0.9300000000000006,0.03,0.14949374740071844
0.9300000000000006,0.02,0.15080332453665005
0.9300000000000006,0.01,0.15213023128625658
0.9300000000000006,0,0.1534746337466025
0.9200000000000006,1.0000000000000007,0.08046107662626537
0.9200000000000006,0.9900000000000007,0.08080332120551899
0.9200000000000006,0.9800000000000006,0.08115037212782354
0.9200000000000006,0.9700000000000006,0.08150230064236498
0.9200000000000006,0.9600000000000006,0.08185917906228464
0.9200000000000006,0.9500000000000006,0.08222108077818194
0.9200000000000006,0.9400000000000006,0.0825880802716401
0.9200000000000006,0.9300000000000006,0.08296025312876701
0.9200000000000006,0.9200000000000006,0.08333767605374218
0.9200000000000006,0.9100000000000006,0.08372042688235999
0.9200000000000006,0.9000000000000006,0.08410858459556025
0.9200000000000006,0.8900000000000006,0.08450222933293462
0.9200000000000006,0.8800000000000006,0.08490144240619892
0.9200000000000006,0.8700000000000006,0.08530630631261926
0.9200000000000006,0.8600000000000005,0.08571690474838027
0.9200000000000006,0.8500000000000005,0.08613332262188252
0.9200000000000006,0.8400000000000005,0.08655564606695605
0.9200000000000006,0.8300000000000005,0.08698396245597635
0.9200000000000006,0.8200000000000005,0.08741836041286749
0.9200000000000006,0.8100000000000005,0.08785892982597852
0.9200000000000006,0.8000000000000005,0.0883057618608156
0.9200000000000006,0.7900000000000005,0.08875894897261513
0.9200000000000006,0.7800000000000005,0.08921858491873848
0.9200000000000006,0.7700000000000005,0.08968476477087231
0.9200000000000006,0.7600000000000005,0.09015758492701413
0.9200000000000006,0.7500000000000004,0.09063714312322411
0.9200000000000006,0.7400000000000004,0.09112353844512282
0.9200000000000006,0.7300000000000004,0.09161687133911275
0.9200000000000006,0.7200000000000004,0.09211724362330297
0.9200000000000006,0.7100000000000004,0.09262475849811234
0.9200000000000006,0.7000000000000004,0.0931395205565284
0.9200000000000006,0.6900000000000004,0.09366163579399667
0.9200000000000006,0.6800000000000004,0.0941912116179148
0.9200000000000006,0.6700000000000004,0.09472835685670462
0.9200000000000006,0.6600000000000004,0.09527318176843487
0.9200000000000006,0.6500000000000004,0.0958257980489652
0.9200000000000006,0.6400000000000003,0.09638631883958226
0.9200000000000006,0.6300000000000003,0.09695485873409748
0.9200000000000006,0.6200000000000003,0.09753153378537376
0.9200000000000006,0.6100000000000003,0.09811646151124936
0.9200000000000006,0.6000000000000003,0.09870976089982397
0.9200000000000006,0.5900000000000003,0.09931155241407347
0.9200000000000006,0.5800000000000003,0.09992195799575533
0.9200000000000006,0.5700000000000003,0.10054110106856974
0.9200000000000006,0.5600000000000003,0.10116910654053564
0.9200000000000006,0.5500000000000003,0.10180610080554486
0.9200000000000006,0.5400000000000003,0.1024522117440512
0.9200000000000006,0.5300000000000002,0.10310756872285474
0.9200000000000006,0.5200000000000002,0.10377230259393784
0.9200000000000006,0.5100000000000002,0.10444654569230755
0.9200000000000006,0.5000000000000002,0.10513043183280239
0.9200000000000006,0.49000000000000027,0.105824096305813
0.9200000000000006,0.48000000000000026,0.10652767587187352
0.9200000000000006,0.47000000000000025,0.10724130875507175
0.9200000000000006,0.46000000000000024,0.10796513463523039
0.9200000000000006,0.45000000000000023,0.10869929463880791
0.9200000000000006,0.4400000000000002,0.10944393132846728
0.9200000000000006,0.4300000000000002,0.11019918869125976
0.9200000000000006,0.4200000000000002,0.11096521212536997
0.9200000000000006,0.4100000000000002,0.11174214842536674
0.9200000000000006,0.4000000000000002,0.11253014576590457
0.9200000000000006,0.3900000000000002,0.11332935368381893
0.9200000000000006,0.38000000000000017,0.11413992305855655
0.9200000000000006,0.37000000000000016,0.11496200609088413
0.9200000000000006,0.36000000000000015,0.11579575627981394
0.9200000000000006,0.35000000000000014,0.11664132839768868
0.9200000000000006,0.34000000000000014,0.11749887846336236
0.9200000000000006,0.3300000000000001,0.11836856371341825
0.9200000000000006,0.3200000000000001,0.11925054257136067
0.9200000000000006,0.3100000000000001,0.1201449746147187
0.9200000000000006,0.3000000000000001,0.12105202053999957
0.9200000000000006,0.2900000000000001,0.12197184212542848
0.9200000000000006,0.2800000000000001,0.12290460219141225
0.9200000000000006,0.2700000000000001,0.12385046455866304
0.9200000000000006,0.26000000000000006,0.12480959400392037
0.9200000000000006,0.25000000000000006,0.12578215621320743
0.9200000000000006,0.24000000000000007,0.12676831773255964
0.9200000000000006,0.23000000000000007,0.12776824591616387
0.9200000000000006,0.22000000000000006,0.12878210887184635
0.9200000000000006,0.21000000000000005,0.12981007540384856
0.9200000000000006,0.20000000000000004,0.130852314952832
0.9200000000000006,0.19000000000000003,0.13190899753305202
0.9200000000000006,0.18000000000000002,0.1329802936666443
0.9200000000000006,0.17,0.1340663743149678
0.9200000000000006,0.16,0.1351674108069487
0.9200000000000006,0.15,0.13628357476437475
0.9200000000000006,0.13999999999999999,0.13741503802408714
0.9200000000000006,0.12999999999999998,0.13856197255702396
0.9200000000000006,0.11999999999999998,0.1397245503840674
0.9200000000000006,0.10999999999999999,0.14090294348865334
0.9200000000000006,0.09999999999999999,0.1420973237261012
0.9200000000000006,0.09,0.14330786272962956
0.9200000000000006,0.08,0.14453473181302154
0.9200000000000006,0.07,0.14577810186991186
0.9200000000000006,0.060000000000000005,0.14703814326966885
0.9200000000000006,0.05,0.1483150257498501
0.9200000000000006,0.04,0.1496089183052146
0.9200000000000006,0.03,0.15091998907327892
0.9200000000000006,0.02,0.15224840521641045
0.9200000000000006,0.01,0.15359433280045565
0.9200000000000006,0,0.1549579366699072
0.9100000000000006,1.0000000000000007,0.08083653266480355
0.9100000000000006,0.9900000000000007,0.08118400646536282
0.9100000000000006,0.9800000000000006,0.08153636379004178
0.9100000000000006,0.9700000000000006,0.08189367704060269
0.9100000000000006,0.9600000000000006,0.08225601969748508
0.9100000000000006,0.9500000000000006,0.08262346633333849
0.9100000000000006,0.9400000000000006,0.08299609262656991
0.9100000000000006,0.9300000000000006,0.08337397537489656
0.9100000000000006,0.9200000000000006,0.0837571925088944
0.9100000000000006,0.9100000000000006,0.08414582310553324
0.9100000000000006,0.9000000000000006,0.08453994740168749
0.9100000000000006,0.8900000000000006,0.08493964680761153
0.9100000000000006,0.8800000000000006,0.08534500392036846
0.9100000000000006,0.8700000000000006,0.0857561025372001
0.9100000000000006,0.8600000000000005,0.08617302766882536
0.9100000000000006,0.8500000000000005,0.0865958655526536
0.9100000000000006,0.8400000000000005,0.0870247036659
0.9100000000000006,0.8300000000000005,0.08745963073858681
0.9100000000000006,0.8200000000000005,0.08790073676641662
0.9100000000000006,0.8100000000000005,0.0883481130235007
0.9100000000000006,0.8000000000000005,0.08880185207492679
0.9100000000000006,0.7900000000000005,0.089262047789148
0.9100000000000006,0.7800000000000005,0.08972879535017494
0.9100000000000006,0.7700000000000005,0.09020219126955288
0.9100000000000006,0.7600000000000005,0.09068233339810311
0.9100000000000006,0.7500000000000004,0.09116932093740879
0.9100000000000006,0.7400000000000004,0.09166325445102372
0.9100000000000006,0.7300000000000004,0.09216423587538188
0.9100000000000006,0.7200000000000004,0.09267236853038435
0.9100000000000006,0.7100000000000004,0.09318775712963999
0.9100000000000006,0.7000000000000004,0.09371050779033512
0.9100000000000006,0.6900000000000004,0.09424072804270531
0.9100000000000006,0.6800000000000004,0.09477852683908429
0.9100000000000006,0.6700000000000004,0.09532401456250073
0.9100000000000006,0.6600000000000004,0.09587730303479414
0.9100000000000006,0.6500000000000004,0.09643850552422162
0.9100000000000006,0.6400000000000003,0.09700773675252247
0.9100000000000006,0.6300000000000003,0.09758511290141102
0.9100000000000006,0.6200000000000003,0.0981707516184628
0.9100000000000006,0.6100000000000003,0.09876477202236157
0.9100000000000006,0.6000000000000003,0.09936729470747122
0.9100000000000006,0.5900000000000003,0.09997844174769695
0.9100000000000006,0.5800000000000003,0.10059833669959774
0.9100000000000006,0.5700000000000003,0.1012271046047126
0.9100000000000006,0.5600000000000003,0.10186487199105997
0.9100000000000006,0.5500000000000003,0.10251176687377099
0.9100000000000006,0.5400000000000003,0.10316791875481346
0.9100000000000006,0.5300000000000002,0.10383345862176374
0.9100000000000006,0.5200000000000002,0.10450851894558387
0.9100000000000006,0.5100000000000002,0.1051932336773566
0.9100000000000006,0.5000000000000002,0.10588773824393335
0.9100000000000006,0.49000000000000027,0.10659216954244714
0.9100000000000006,0.48000000000000026,0.1073066659336418
0.9100000000000006,0.47000000000000025,0.10803136723396752
0.9100000000000006,0.46000000000000024,0.10876641470639246
0.9100000000000006,0.45000000000000023,0.10951195104987795
0.9100000000000006,0.4400000000000002,0.11026812038746439
0.9100000000000006,0.4300000000000002,0.11103506825291398
0.9100000000000006,0.4200000000000002,0.11181294157585533
0.9100000000000006,0.4100000000000002,0.1126018886653735
0.9100000000000006,0.4000000000000002,0.11340205919198941
0.9100000000000006,0.3900000000000002,0.11421360416796973
0.9100000000000006,0.38000000000000017,0.1150366759259098
0.9100000000000006,0.37000000000000016,0.11587142809552962
0.9100000000000006,0.36000000000000015,0.11671801557862226
0.9100000000000006,0.35000000000000014,0.11757659452209515
0.9100000000000006,0.34000000000000014,0.11844732228904181
0.9100000000000006,0.3300000000000001,0.11933035742778267
0.9100000000000006,0.3200000000000001,0.12022585963881283
0.9100000000000006,0.3100000000000001,0.12113398973959326
0.9100000000000006,0.3000000000000001,0.12205490962712379
0.9100000000000006,0.2900000000000001,0.12298878223823362
0.9100000000000006,0.2800000000000001,0.12393577150752726
0.9100000000000006,0.2700000000000001,0.12489604232292215
0.9100000000000006,0.26000000000000006,0.12586976047871545
0.9100000000000006,0.25000000000000006,0.12685709262611752
0.9100000000000006,0.24000000000000007,0.1278582062211903
0.9100000000000006,0.23000000000000007,0.12887326947012806
0.9100000000000006,0.22000000000000006,0.1299024512718216
0.9100000000000006,0.21000000000000005,0.13094592115764433
0.9100000000000006,0.20000000000000004,0.1320038492284032
0.9100000000000006,0.19000000000000003,0.13307640608839527
0.9100000000000006,0.18000000000000002,0.1341637627765161
0.9100000000000006,0.17,0.1352660906943636
0.9100000000000006,0.16,0.13638356153128597
0.9100000000000006,0.15,0.13751634718632352
0.9100000000000006,0.13999999999999999,0.1386646196869951
0.9100000000000006,0.12999999999999998,0.13982855110488449
0.9100000000000006,0.11999999999999998,0.14100831346798332
0.9100000000000006,0.10999999999999999,0.1422040786697508
0.9100000000000006,0.09999999999999999,0.14341601837485288
0.9100000000000006,0.09,0.14464430392154823
0.9100000000000006,0.08,0.14588910622069126
0.9100000000000006,0.07,0.1471505956513262
0.9100000000000006,0.060000000000000005,0.14842894195285103
0.9100000000000006,0.05,0.1497243141137346
0.9100000000000006,0.04,0.1510368802567756
0.9100000000000006,0.03,0.15236680752089427
0.9100000000000006,0.02,0.15371426193945822
0.9100000000000006,0.01,0.15507940831514458
0.9100000000000006,0,0.156462410091349
0.9000000000000006,1.0000000000000007,0.08121772338464535
0.9000000000000006,0.9900000000000007,0.08157051049621679
0.9000000000000006,0.9800000000000006,0.08192825956559481
0.9000000000000006,0.9700000000000006,0.08229104416316144
0.9000000000000006,0.9600000000000006,0.08265893895273403
0.9000000000000006,0.9500000000000006,0.08303201970511928
0.9000000000000006,0.9400000000000006,0.08341036331167138
0.9000000000000006,0.9300000000000006,0.08379404779784638
0.9000000000000006,0.9200000000000006,0.08418315233674141
0.9000000000000006,0.9100000000000006,0.08457775726260931
0.9000000000000006,0.9000000000000006,0.08497794408433743
0.9000000000000006,0.8900000000000006,0.0853837954988785
0.9000000000000006,0.8800000000000006,0.08579539540462257
0.9000000000000006,0.8700000000000006,0.08621282891469585
0.9000000000000006,0.8600000000000005,0.08663618237017434
0.9000000000000006,0.8500000000000005,0.08706554335319786
0.9000000000000006,0.8400000000000005,0.08750100069996924
0.9000000000000006,0.8300000000000005,0.08794264451362485
0.9000000000000006,0.8200000000000005,0.08839056617695858
0.9000000000000006,0.8100000000000005,0.0888448583649843
0.9000000000000006,0.8000000000000005,0.08930561505731831
0.9000000000000006,0.7900000000000005,0.08977293155036384
0.9000000000000006,0.7800000000000005,0.09024690446927891
0.9000000000000006,0.7700000000000005,0.0907276317797073
0.9000000000000006,0.7600000000000005,0.09121521279925282
0.9000000000000006,0.7500000000000004,0.09170974820867424
0.9000000000000006,0.7400000000000004,0.09221134006277985
0.9000000000000006,0.7300000000000004,0.09272009180099813
0.9000000000000006,0.7200000000000004,0.09323610825759976
0.9000000000000006,0.7100000000000004,0.09375949567154691
0.9000000000000006,0.7000000000000004,0.09429036169594378
0.9000000000000006,0.6900000000000004,0.09482881540706067
0.9000000000000006,0.6800000000000004,0.09537496731290519
0.9000000000000006,0.6700000000000004,0.0959289293613102
0.9000000000000006,0.6600000000000004,0.09649081494750966
0.9000000000000006,0.6500000000000004,0.09706073892117134
0.9000000000000006,0.6400000000000003,0.09763881759285421
0.9000000000000006,0.6300000000000003,0.09822516873985748
0.9000000000000006,0.6200000000000003,0.09881991161142752
0.9000000000000006,0.6100000000000003,0.09942316693328747
0.9000000000000006,0.6000000000000003,0.10003505691145242
0.9000000000000006,0.5900000000000003,0.10065570523529482
0.9000000000000006,0.5800000000000003,0.1012852370798186
0.9000000000000006,0.5700000000000003,0.10192377910710528
0.9000000000000006,0.5600000000000003,0.10257145946688961
0.9000000000000006,0.5500000000000003,0.10322840779622318
0.9000000000000006,0.5400000000000003,0.1038947552181829
0.9000000000000006,0.5300000000000002,0.10457063433958055
0.9000000000000006,0.5200000000000002,0.10525617924762742
0.9000000000000006,0.5100000000000002,0.10595152550550774
0.9000000000000006,0.5000000000000002,0.10665681014681376
0.9000000000000006,0.49000000000000027,0.1073721716687929
0.9000000000000006,0.48000000000000026,0.10809775002435755
0.9000000000000006,0.47000000000000025,0.10883368661280701
0.9000000000000006,0.46000000000000024,0.10958012426920824
0.9000000000000006,0.45000000000000023,0.11033720725238368
0.9000000000000006,0.4400000000000002,0.11110508123145149
0.9000000000000006,0.4300000000000002,0.11188389327086268
0.9000000000000006,0.4200000000000002,0.11267379181387971
0.9000000000000006,0.4100000000000002,0.11347492666443948
0.9000000000000006,0.4000000000000002,0.1142874489673424
0.9000000000000006,0.3900000000000002,0.11511151118670886
0.9000000000000006,0.38000000000000017,0.1159472670826445
0.9000000000000006,0.37000000000000016,0.116794871686053
0.9000000000000006,0.36000000000000015,0.11765448127153583
0.9000000000000006,0.35000000000000014,0.11852625332831826
0.9000000000000006,0.34000000000000014,0.11941034652913814
0.9000000000000006,0.3300000000000001,0.12030692069703701
0.9000000000000006,0.3200000000000001,0.12121613676998926
0.9000000000000006,0.3100000000000001,0.12213815676330676
0.9000000000000006,0.3000000000000001,0.12307314372975688
0.9000000000000006,0.2900000000000001,0.1240212617173287
0.9000000000000006,0.2800000000000001,0.12498267572458675
0.9000000000000006,0.2700000000000001,0.12595755165354747
0.9000000000000006,0.26000000000000006,0.126946056260017
0.9000000000000006,0.25000000000000006,0.12794835710132782
0.9000000000000006,0.24000000000000007,0.1289646224814124
0.9000000000000006,0.23000000000000007,0.12999502139315486
0.9000000000000006,0.22000000000000006,0.13103972345795808
0.9000000000000006,0.21000000000000005,0.1320988988624704
0.9000000000000006,0.20000000000000004,0.13317271829241323
0.9000000000000006,0.19000000000000003,0.13426135286345295
0.9000000000000006,0.18000000000000002,0.13536497404906492
0.9000000000000006,0.17,0.13648375360533485
0.9000000000000006,0.16,0.13761786349264918
0.9000000000000006,0.15,0.13876747579422477
0.9000000000000006,0.13999999999999999,0.13993276263143395
0.9000000000000006,0.12999999999999998,0.1411138960758805
0.9000000000000006,0.11999999999999998,0.14231104805818826
0.9000000000000006,0.10999999999999999,0.14352439027346434
0.9000000000000006,0.09999999999999999,0.14475409408340512
0.9000000000000006,0.09,0.1460003304150145
0.9000000000000006,0.08,0.14726326965591044
0.9000000000000006,0.07,0.14854308154619658
0.9000000000000006,0.060000000000000005,0.14983993506688484
0.9000000000000006,0.05,0.15115399832485565
0.9000000000000006,0.04,0.15248543843434959
0.9000000000000006,0.03,0.15383442139498996
0.9000000000000006,0.02,0.15520111196633982
0.9000000000000006,0.01,0.15658567353900507
0.9000000000000006,0,0.15798826800229956
0.8900000000000006,1.0000000000000007,0.08160474092440083
0.8900000000000006,0.9900000000000007,0.08196292680241432
0.8900000000000006,0.9800000000000006,0.08232615434201704
0.8900000000000006,0.9700000000000006,0.08269449829829552
0.8900000000000006,0.9600000000000006,0.08306803453455629
0.8900000000000006,0.9500000000000006,0.08344684003589012
0.8900000000000006,0.9400000000000006,0.0838309929227309
0.8900000000000006,0.9300000000000006,0.08422057246440005
0.8900000000000006,0.9200000000000006,0.08461565909262443
0.8900000000000006,0.9100000000000006,0.08501633441501816
0.8900000000000006,0.9000000000000006,0.08542268122851618
0.8900000000000006,0.8900000000000006,0.08583478353274718
0.8900000000000006,0.8800000000000006,0.08625272654333359
0.8900000000000006,0.8700000000000006,0.08667659670510457
0.8900000000000006,0.8600000000000005,0.08710648170520899
0.8900000000000006,0.8500000000000005,0.0875424704861127
0.8900000000000006,0.8400000000000005,0.08798465325846526
0.8900000000000006,0.8300000000000005,0.08843312151382017
0.8900000000000006,0.8200000000000005,0.08888796803719158
0.8900000000000006,0.8100000000000005,0.08934928691943013
0.8900000000000006,0.8000000000000005,0.08981717356939938
0.8900000000000006,0.7900000000000005,0.09029172472593466
0.8900000000000006,0.7800000000000005,0.09077303846956335
0.8900000000000006,0.7700000000000005,0.09126121423396662
0.8900000000000006,0.7600000000000005,0.09175635281716123
0.8900000000000006,0.7500000000000004,0.09225855639237883
0.8900000000000006,0.7400000000000004,0.09276792851861937
0.8900000000000006,0.7300000000000004,0.09328457415085492
0.8900000000000006,0.7200000000000004,0.0938085996498583
0.8900000000000006,0.7100000000000004,0.09434011279163142
0.8900000000000006,0.7000000000000004,0.09487922277640529
0.8900000000000006,0.6900000000000004,0.09542604023718457
0.8900000000000006,0.6800000000000004,0.0959806772478074
0.8900000000000006,0.6700000000000004,0.09654324733049063
0.8900000000000006,0.6600000000000004,0.09711386546282959
0.8900000000000006,0.6500000000000004,0.09769264808422021
0.8900000000000006,0.6400000000000003,0.09827971310167033
0.8900000000000006,0.6300000000000003,0.0988751798949666
0.8900000000000006,0.6200000000000003,0.09947916932116066
0.8900000000000006,0.6100000000000003,0.10009180371833949
0.8900000000000006,0.6000000000000003,0.10071320690864119
0.8900000000000006,0.5900000000000003,0.10134350420047877
0.8900000000000006,0.5800000000000003,0.10198282238993141
0.8900000000000006,0.5700000000000003,0.1026312897612623
0.8900000000000006,0.5600000000000003,0.10328903608652176
0.8900000000000006,0.5500000000000003,0.10395619262419155
0.8900000000000006,0.5400000000000003,0.10463289211682668
0.8900000000000006,0.5300000000000002,0.10531926878764905
0.8900000000000006,0.5200000000000002,0.1060154583360464
0.8900000000000006,0.5100000000000002,0.10672159793192845
0.8900000000000006,0.5000000000000002,0.10743782620889197
0.8900000000000006,0.49000000000000027,0.10816428325614454
0.8900000000000006,0.48000000000000026,0.10890111060913563
0.8900000000000006,0.47000000000000025,0.10964845123884301
0.8900000000000006,0.46000000000000024,0.11040644953966218
0.8900000000000006,0.45000000000000023,0.11117525131584303
0.8900000000000006,0.4400000000000002,0.11195500376641945
0.8900000000000006,0.4300000000000002,0.11274585546857598
0.8900000000000006,0.4200000000000002,0.11354795635939362
0.8900000000000006,0.4100000000000002,0.11436145771591741
0.8900000000000006,0.4000000000000002,0.11518651213348677
0.8900000000000006,0.3900000000000002,0.1160232735022687
0.8900000000000006,0.38000000000000017,0.11687189698193447
0.8900000000000006,0.37000000000000016,0.11773253897441797
0.8900000000000006,0.36000000000000015,0.11860535709469444
0.8900000000000006,0.35000000000000014,0.11949051013951766
0.8900000000000006,0.34000000000000014,0.12038815805405333
0.8900000000000006,0.3300000000000001,0.12129846189634542
0.8900000000000006,0.3200000000000001,0.12222158379955271
0.8900000000000006,0.3100000000000001,0.1231576869318927
0.8900000000000006,0.3000000000000001,0.12410693545422846
0.8900000000000006,0.2900000000000001,0.12506949447523755
0.8900000000000006,0.2800000000000001,0.12604553000409752
0.8900000000000006,0.2700000000000001,0.12703520890062736
0.8900000000000006,0.26000000000000006,0.12803869882282223
0.8900000000000006,0.25000000000000006,0.12905616817171975
0.8900000000000006,0.24000000000000007,0.13008778603353716
0.8900000000000006,0.23000000000000007,0.13113372211902075
0.8900000000000006,0.22000000000000006,0.1321941466999468
0.8900000000000006,0.21000000000000005,0.13326923054271952
0.8900000000000006,0.20000000000000004,0.1343591448390069
0.8900000000000006,0.19000000000000003,0.1354640611333636
0.8900000000000006,0.18000000000000002,0.1365841512477855
0.8900000000000006,0.17,0.13771958720314828
0.8900000000000006,0.16,0.13887054113748035
0.8900000000000006,0.15,0.14003718522102507
0.8900000000000006,0.13999999999999999,0.14121969156805056
0.8900000000000006,0.12999999999999998,0.14241823214536614
0.8900000000000006,0.11999999999999998,0.14363297867750963
0.8900000000000006,0.10999999999999999,0.14486410254857263
0.8900000000000006,0.09999999999999999,0.1461117747006346
0.8900000000000006,0.09,0.1473761655287806
0.8900000000000006,0.08,0.1486574447726809
0.8900000000000006,0.07,0.14995578140471894
0.8900000000000006,0.060000000000000005,0.15127134351465282
0.8900000000000006,0.05,0.15260429819080648
0.8900000000000006,0.04,0.15395481139778877
0.8900000000000006,0.03,0.1553230478507464
0.8900000000000006,0.02,0.1567091708861599
0.8900000000000006,0.01,0.15811334232920202
0.8900000000000006,0,0.15953572235768068
0.8800000000000006,1.0000000000000007,0.08199767891649268
0.8800000000000006,0.9900000000000007,0.08236135040113694
0.8800000000000006,0.9800000000000006,0.08273014453877155
0.8800000000000006,0.9700000000000006,0.08310413728530301
0.8800000000000006,0.9600000000000006,0.08348340571965747
0.8800000000000006,0.9500000000000006,0.08386802805734479
0.8800000000000006,0.9400000000000006,0.08425808366400697
0.8800000000000006,0.9300000000000006,0.08465365306894006
0.8800000000000006,0.9200000000000006,0.08505481797857868
0.8800000000000006,0.9100000000000006,0.0854616612899319
0.8800000000000006,0.9000000000000006,0.08587426710395749
0.8800000000000006,0.8900000000000006,0.08629272073886207
0.8800000000000006,0.8800000000000006,0.08671710874331451
0.8800000000000006,0.8700000000000006,0.08714751890955667
0.8800000000000006,0.8600000000000005,0.08758404028639899
0.8800000000000006,0.8500000000000005,0.08802676319208343
0.8800000000000006,0.8400000000000005,0.08847577922699955
0.8800000000000006,0.8300000000000005,0.08893118128623527
0.8800000000000006,0.8200000000000005,0.08939306357194612
0.8800000000000006,0.8100000000000005,0.08986152160552335
0.8800000000000006,0.8000000000000005,0.09033665223954339
0.8800000000000006,0.7900000000000005,0.0908185536694773
0.8800000000000006,0.7800000000000005,0.09130732544514011
0.8800000000000006,0.7700000000000005,0.09180306848185889
0.8800000000000006,0.7600000000000005,0.09230588507133657
0.8800000000000006,0.7500000000000004,0.09281587889218802
0.8800000000000006,0.7400000000000004,0.09333315502012543
0.8800000000000006,0.7300000000000004,0.09385781993776614
0.8800000000000006,0.7200000000000004,0.09438998154403816
0.8800000000000006,0.7100000000000004,0.09492974916315616
0.8800000000000006,0.7000000000000004,0.09547723355313903
0.8800000000000006,0.6900000000000004,0.09603254691384135
0.8800000000000006,0.6800000000000004,0.09659580289446751
0.8800000000000006,0.6700000000000004,0.09716711660053844
0.8800000000000006,0.6600000000000004,0.09774660460027836
0.8800000000000006,0.6500000000000004,0.09833438493038753
0.8800000000000006,0.6400000000000003,0.09893057710116895
0.8800000000000006,0.6300000000000003,0.0995353021009713
0.8800000000000006,0.6200000000000003,0.10014868239991329
0.8800000000000006,0.6100000000000003,0.10077084195285037
0.8800000000000006,0.6000000000000003,0.10140190620154699
0.8800000000000006,0.5900000000000003,0.10204200207601297
0.8800000000000006,0.5800000000000003,0.10269125799496338
0.8800000000000006,0.5700000000000003,0.10334980386536052
0.8800000000000006,0.5600000000000003,0.10401777108099367
0.8800000000000006,0.5500000000000003,0.1046952925200529
0.8800000000000006,0.5400000000000003,0.10538250254165127
0.8800000000000006,0.5300000000000002,0.10607953698124863
0.8800000000000006,0.5200000000000002,0.10678653314492864
0.8800000000000006,0.5100000000000002,0.1075036298024816
0.8800000000000006,0.5000000000000002,0.10823096717924051
0.8800000000000006,0.49000000000000027,0.10896868694662229
0.8800000000000006,0.48000000000000026,0.10971693221131898
0.8800000000000006,0.47000000000000025,0.11047584750308768
0.8800000000000006,0.46000000000000024,0.11124557876108357
0.8800000000000006,0.45000000000000023,0.11202627331868165
0.8800000000000006,0.4400000000000002,0.11281807988673072
0.8800000000000006,0.4300000000000002,0.11362114853518156
0.8800000000000006,0.4200000000000002,0.11443563067303272
0.8800000000000006,0.4100000000000002,0.11526167902653335
0.8800000000000006,0.4000000000000002,0.11609944761558517
0.8800000000000006,0.3900000000000002,0.11694909172828166
0.8800000000000006,0.38000000000000017,0.11781076789352414
0.8800000000000006,0.37000000000000016,0.11868463385165365
0.8800000000000006,0.36000000000000015,0.11957084852303529
0.8800000000000006,0.35000000000000014,0.12046957197453365
0.8800000000000006,0.34000000000000014,0.12138096538381565
0.8800000000000006,0.3300000000000001,0.12230519100141841
0.8800000000000006,0.3200000000000001,0.1232424121105184
0.8800000000000006,0.3100000000000001,0.12419279298433915
0.8800000000000006,0.3000000000000001,0.12515649884113336
0.8800000000000006,0.2900000000000001,0.12613369579667824
0.8800000000000006,0.2800000000000001,0.1271245508142196
0.8800000000000006,0.2700000000000001,0.12812923165180393
0.8800000000000006,0.26000000000000006,0.12914790680693647
0.8800000000000006,0.25000000000000006,0.13018074545850494
0.8800000000000006,0.24000000000000007,0.13122791740590845
0.8800000000000006,0.23000000000000007,0.13228959300533427
0.8800000000000006,0.22000000000000006,0.13336594310312408
0.8800000000000006,0.21000000000000005,0.13445713896617434
0.8800000000000006,0.20000000000000004,0.1355633522093167
0.8800000000000006,0.19000000000000003,0.13668475471962618
0.8800000000000006,0.18000000000000002,0.13782151857760683
0.8800000000000006,0.17,0.13897381597520753
0.8800000000000006,0.16,0.14014181913062163
0.8800000000000006,0.15,0.14132570019982924
0.8800000000000006,0.13999999999999999,0.14252563118484202
0.8800000000000006,0.12999999999999998,0.14374178383861372
0.8800000000000006,0.11999999999999998,0.1449743295665847
0.8800000000000006,0.10999999999999999,0.1462234393248314
0.8800000000000006,0.09999999999999999,0.1474892835147948
0.8800000000000006,0.09,0.14877203187456925
0.8800000000000006,0.08,0.1500718533667333
0.8800000000000006,0.07,0.15138891606271432
0.8800000000000006,0.060000000000000005,0.15272338702367821
0.8800000000000006,0.05,0.1540754321779455
0.8800000000000006,0.04,0.15544521619493945
0.8800000000000006,0.03,0.15683290235567587
0.8800000000000006,0.02,0.1582386524198139
0.8800000000000006,0.01,0.15966262648929197
0.8800000000000006,0,0.16110498286857938
0.8700000000000006,1.0000000000000007,0.08239663250788525
0.8700000000000006,0.9900000000000007,0.0827658778431907
0.8700000000000006,0.9800000000000006,0.08314032812806207
0.8700000000000006,0.9700000000000006,0.08352006053535958
0.8700000000000006,0.9600000000000006,0.08390515337576664
0.8700000000000006,0.9500000000000006,0.08429568611134224
0.8700000000000006,0.9400000000000006,0.08469173936904621
0.8700000000000006,0.9300000000000006,0.08509339495422717
0.8700000000000006,0.9200000000000006,0.08550073586405985
0.8700000000000006,0.9100000000000006,0.08591384630092071
0.8700000000000006,0.9000000000000006,0.08633281168568892
0.8700000000000006,0.8900000000000006,0.08675771867095844
0.8700000000000006,0.8800000000000006,0.08718865515414795
0.8700000000000006,0.8700000000000006,0.08762571029049351
0.8700000000000006,0.8600000000000005,0.08806897450590827
0.8700000000000006,0.8500000000000005,0.08851853950969367
0.8700000000000006,0.8400000000000005,0.08897449830708448
0.8700000000000006,0.8300000000000005,0.08943694521161091
0.8700000000000006,0.8200000000000005,0.08990597585725867
0.8700000000000006,0.8100000000000005,0.09038168721040858
0.8700000000000006,0.8000000000000005,0.09086417758153466
0.8700000000000006,0.7900000000000005,0.09135354663664161
0.8700000000000006,0.7800000000000005,0.09184989540841837
0.8700000000000006,0.7700000000000005,0.09235332630708615
0.8700000000000006,0.7600000000000005,0.09286394313091782
0.8700000000000006,0.7500000000000004,0.09338185107640343
0.8700000000000006,0.7400000000000004,0.09390715674803755
0.8700000000000006,0.7300000000000004,0.09443996816770213
0.8700000000000006,0.7200000000000004,0.09498039478361725
0.8700000000000006,0.7100000000000004,0.09552854747883235
0.8700000000000006,0.7000000000000004,0.0960845385792284
0.8700000000000006,0.6900000000000004,0.09664848186100121
0.8700000000000006,0.6800000000000004,0.0972204925575943
0.8700000000000006,0.6700000000000004,0.09780068736604977
0.8700000000000006,0.6600000000000004,0.09838918445274333
0.8700000000000006,0.6500000000000004,0.09898610345846935
0.8700000000000006,0.6400000000000003,0.09959156550284057
0.8700000000000006,0.6300000000000003,0.10020569318796582
0.8700000000000006,0.6200000000000003,0.10082861060136823
0.8700000000000006,0.6100000000000003,0.10146044331810472
0.8700000000000006,0.6000000000000003,0.10210131840204728
0.8700000000000006,0.5900000000000003,0.10275136440628474
0.8700000000000006,0.5800000000000003,0.10341071137260303
0.8700000000000006,0.5700000000000003,0.10407949082999991
0.8700000000000006,0.5600000000000003,0.10475783579219072
0.8700000000000006,0.5500000000000003,0.10544588075405847
0.8700000000000006,0.5400000000000003,0.1061437616870017
0.8700000000000006,0.5300000000000002,0.10685161603313305
0.8700000000000006,0.5200000000000002,0.10756958269827763
0.8700000000000006,0.5100000000000002,0.1082978020437233
0.8700000000000006,0.5000000000000002,0.10903641587666933
0.8700000000000006,0.49000000000000027,0.10978556743932301
0.8700000000000006,0.48000000000000026,0.11054540139658935
0.8700000000000006,0.47000000000000025,0.11131606382230046
0.8700000000000006,0.46000000000000024,0.1120977021839284
0.8700000000000006,0.45000000000000023,0.11289046532572578
0.8700000000000006,0.4400000000000002,0.11369450345023666
0.8700000000000006,0.4300000000000002,0.1145099680981189
0.8700000000000006,0.4200000000000002,0.11533701212622044
0.8700000000000006,0.4100000000000002,0.11617578968384774
0.8700000000000006,0.4000000000000002,0.11702645618716821
0.8700000000000006,0.3900000000000002,0.11788916829168357
0.8700000000000006,0.38000000000000017,0.11876408386271321
0.8700000000000006,0.37000000000000016,0.11965136194382618
0.8700000000000006,0.36000000000000015,0.12055116272315744
0.8700000000000006,0.35000000000000014,0.12146364749754725
0.8700000000000006,0.34000000000000014,0.12238897863443939
0.8700000000000006,0.3300000000000001,0.12332731953147533
0.8700000000000006,0.3200000000000001,0.12427883457372142
0.8700000000000006,0.3100000000000001,0.12524368908846517
0.8700000000000006,0.3000000000000001,0.1262220492975182
0.8700000000000006,0.2900000000000001,0.12721408226696349
0.8700000000000006,0.2800000000000001,0.12821995585428408
0.8700000000000006,0.2700000000000001,0.12923983865281224
0.8700000000000006,0.26000000000000006,0.13027389993343882
0.8700000000000006,0.25000000000000006,0.13132230958352245
0.8700000000000006,0.24000000000000007,0.13238523804293992
0.8700000000000006,0.23000000000000007,0.13346285623722168
0.8700000000000006,0.22000000000000006,0.13455533550771534
0.8700000000000006,0.21000000000000005,0.13566284753872357
0.8700000000000006,0.20000000000000004,0.13678556428156532
0.8700000000000006,0.19000000000000003,0.13792365787550812
0.8700000000000006,0.18000000000000002,0.13907730056552628
0.8700000000000006,0.17,0.14024666461683769
0.8700000000000006,0.16,0.14143192222617834
0.8700000000000006,0.15,0.14263324542977454
0.8700000000000006,0.13999999999999999,0.143850806007977
0.8700000000000006,0.12999999999999998,0.14508477538652415
0.8700000000000006,0.11999999999999998,0.14633532453440634
0.8700000000000006,0.10999999999999999,0.14760262385830586
0.8700000000000006,0.09999999999999999,0.14888684309359296
0.8700000000000006,0.09,0.15018815119186166
0.8700000000000006,0.08,0.15150671620499556
0.8700000000000006,0.07,0.15284270516575665
0.8700000000000006,0.060000000000000005,0.15419628396489912
0.8700000000000006,0.05,0.15556761722481136
0.8700000000000006,0.04,0.15695686816970045
0.8700000000000006,0.03,0.158364198492336
0.8700000000000006,0.02,0.15978976821737784
0.8700000000000006,0.01,0.16123373556132078
0.8700000000000006,0,0.16269625678909438
0.8600000000000005,1.0000000000000007,0.08280169838086113
0.8600000000000005,0.9900000000000007,0.08317660723381641
0.8600000000000005,0.9800000000000006,0.08355680465566372
0.8600000000000005,0.9700000000000006,0.08394236905235708
0.8600000000000005,0.9600000000000006,0.08433337998246832
0.8600000000000005,0.9500000000000006,0.08472991817071578
0.8600000000000005,0.9400000000000006,0.08513206552145489
0.8600000000000005,0.9300000000000006,0.08553990513211725
0.8600000000000005,0.9200000000000006,0.0859535213065877
0.8600000000000005,0.9100000000000006,0.08637299956850515
0.8600000000000005,0.9000000000000006,0.08679842667447416
0.8600000000000005,0.8900000000000006,0.08722989062717333
0.8600000000000005,0.8800000000000006,0.0876674806883451
0.8600000000000005,0.8700000000000006,0.08811128739165186
0.8600000000000005,0.8600000000000005,0.0885614025553823
0.8600000000000005,0.8500000000000005,0.08901791929499045
0.8600000000000005,0.8400000000000005,0.08948093203545075
0.8600000000000005,0.8300000000000005,0.08995053652340926
0.8600000000000005,0.8200000000000005,0.09042682983911347
0.8600000000000005,0.8100000000000005,0.09090991040809966
0.8600000000000005,0.8000000000000005,0.091399878012617
0.8600000000000005,0.7900000000000005,0.09189683380276695
0.8600000000000005,0.7800000000000005,0.09240088030733583
0.8600000000000005,0.7700000000000005,0.092912121444296
0.8600000000000005,0.7600000000000005,0.09343066253095252
0.8600000000000005,0.7500000000000004,0.09395661029370933
0.8600000000000005,0.7400000000000004,0.0944900728774288
0.8600000000000005,0.7300000000000004,0.09503115985435762
0.8600000000000005,0.7200000000000004,0.09557998223259083
0.8600000000000005,0.7100000000000004,0.09613665246404514
0.8600000000000005,0.7000000000000004,0.09670128445190998
0.8600000000000005,0.6900000000000004,0.09727399355754748
0.8600000000000005,0.6800000000000004,0.09785489660680666
0.8600000000000005,0.6700000000000004,0.09844411189571978
0.8600000000000005,0.6600000000000004,0.09904175919554647
0.8600000000000005,0.6500000000000004,0.09964795975712921
0.8600000000000005,0.6400000000000003,0.1002628363145247
0.8600000000000005,0.6300000000000003,0.10088651308787208
0.8600000000000005,0.6200000000000003,0.10151911578546022
0.8600000000000005,0.6100000000000003,0.10216077160495364
0.8600000000000005,0.6000000000000003,0.10281160923373502
0.8600000000000005,0.5900000000000003,0.10347175884832394
0.8600000000000005,0.5800000000000003,0.10414135211282634
0.8600000000000005,0.5700000000000003,0.10482052217637107
0.8600000000000005,0.5600000000000003,0.10550940366948784
0.8600000000000005,0.5500000000000003,0.10620813269937936
0.8600000000000005,0.5400000000000003,0.10691684684403945
0.8600000000000005,0.5300000000000002,0.10763568514516852
0.8600000000000005,0.5200000000000002,0.10836478809983571
0.8600000000000005,0.5100000000000002,0.10910429765083571
0.8600000000000005,0.5000000000000002,0.10985435717569014
0.8600000000000005,0.49000000000000027,0.11061511147423618
0.8600000000000005,0.48000000000000026,0.11138670675475199
0.8600000000000005,0.47000000000000025,0.1121692906185601
0.8600000000000005,0.46000000000000024,0.11296301204305464
0.8600000000000005,0.45000000000000023,0.11376802136309339
0.8600000000000005,0.4400000000000002,0.11458447025069758
0.8600000000000005,0.4300000000000002,0.11541251169299949
0.8600000000000005,0.4200000000000002,0.11625229996837848
0.8600000000000005,0.4100000000000002,0.11710399062072466
0.8600000000000005,0.4000000000000002,0.1179677404317699
0.8600000000000005,0.3900000000000002,0.11884370739142215
0.8600000000000005,0.38000000000000017,0.11973205066604367
0.8600000000000005,0.37000000000000016,0.12063293056460875
0.8600000000000005,0.36000000000000015,0.12154650850267808
0.8600000000000005,0.35000000000000014,0.12247294696412721
0.8600000000000005,0.34000000000000014,0.12341240946056543
0.8600000000000005,0.3300000000000001,0.12436506048838133
0.8600000000000005,0.3200000000000001,0.12533106548335307
0.8600000000000005,0.3100000000000001,0.12631059077275839
0.8600000000000005,0.3000000000000001,0.12730380352492426
0.8600000000000005,0.2900000000000001,0.12831087169615166
0.8600000000000005,0.2800000000000001,0.12933196397495583
0.8600000000000005,0.2700000000000001,0.1303672497235602
0.8600000000000005,0.26000000000000006,0.13141689891658515
0.8600000000000005,0.25000000000000006,0.13248108207687234
0.8600000000000005,0.24000000000000007,0.1335599702083881
0.8600000000000005,0.23000000000000007,0.13465373472615
0.8600000000000005,0.22000000000000006,0.13576254738312205
0.8600000000000005,0.21000000000000005,0.13688658019402763
0.8600000000000005,0.20000000000000004,0.13802600535602894
0.8600000000000005,0.19000000000000003,0.13918099516622662
0.8600000000000005,0.18000000000000002,0.1403517219359335
0.8600000000000005,0.17,0.14153835790168098
0.8600000000000005,0.16,0.14274107513291842
0.8600000000000005,0.15,0.1439600454363702
0.8600000000000005,0.13999999999999999,0.14519544025701775
0.8600000000000005,0.12999999999999998,0.14644743057567824
0.8600000000000005,0.11999999999999998,0.14771618680315587
0.8600000000000005,0.10999999999999999,0.14900187867094492
0.8600000000000005,0.09999999999999999,0.15030467511847043
0.8600000000000005,0.09,0.15162474417685493
0.8600000000000005,0.08,0.152962252849207
0.8600000000000005,0.07,0.154317366987431
0.8600000000000005,0.060000000000000005,0.15569025116556556
0.8600000000000005,0.05,0.15708106854966097
0.8600000000000005,0.04,0.1584899807642163
0.8600000000000005,0.03,0.15991714775520027
0.8600000000000005,0.02,0.16136272764968826
0.8600000000000005,0.01,0.16282687661215564
0.8600000000000005,0,0.16430974869747436
0.8500000000000005,1.0000000000000007,0.08321297477382975
0.8500000000000005,0.9900000000000007,0.08359363825351832
0.8500000000000005,0.9800000000000006,0.08397967526175831
0.8500000000000005,0.9700000000000006,0.0843711654537299
0.8500000000000005,0.9600000000000006,0.08476818965200432
0.8500000000000005,0.9500000000000006,0.08517082986003609
0.8500000000000005,0.9400000000000006,0.08557916927560483
0.8500000000000005,0.9300000000000006,0.08599329230419267
0.8500000000000005,0.9200000000000006,0.08641328457228538
0.8500000000000005,0.9100000000000006,0.08683923294058311
0.8500000000000005,0.9000000000000006,0.08727122551710688
0.8500000000000005,0.8900000000000006,0.08770935167018579
0.8500000000000005,0.8800000000000006,0.0881537020413091
0.8500000000000005,0.8700000000000006,0.08860436855782754
0.8500000000000005,0.8600000000000005,0.08906144444548653
0.8500000000000005,0.8500000000000005,0.089525024240773
0.8500000000000005,0.8400000000000005,0.08999520380305903
0.8500000000000005,0.8300000000000005,0.09047208032652092
0.8500000000000005,0.8200000000000005,0.09095575235181512
0.8500000000000005,0.8100000000000005,0.09144631977748942
0.8500000000000005,0.8000000000000005,0.09194388387110808
0.8500000000000005,0.7900000000000005,0.09244854728006802
0.8500000000000005,0.7800000000000005,0.09296041404208229
0.8500000000000005,0.7700000000000005,0.09347958959530726
0.8500000000000005,0.7600000000000005,0.09400618078808715
0.8500000000000005,0.7500000000000004,0.09454029588829059
0.8500000000000005,0.7400000000000004,0.09508204459221094
0.8500000000000005,0.7300000000000004,0.09563153803300319
0.8500000000000005,0.7200000000000004,0.0961888887886274
0.8500000000000005,0.7100000000000004,0.09675421088926851
0.8500000000000005,0.7000000000000004,0.09732761982420197
0.8500000000000005,0.6900000000000004,0.09790923254807113
0.8500000000000005,0.6800000000000004,0.09849916748654532
0.8500000000000005,0.6700000000000004,0.09909754454132183
0.8500000000000005,0.6600000000000004,0.09970448509443733
0.8500000000000005,0.6500000000000004,0.10032011201185226
0.8500000000000005,0.6400000000000003,0.10094454964626923
0.8500000000000005,0.6300000000000003,0.10157792383914718
0.8500000000000005,0.6200000000000003,0.10222036192187155
0.8500000000000005,0.6100000000000003,0.10287199271603788
0.8500000000000005,0.6000000000000003,0.10353294653280785
0.8500000000000005,0.5900000000000003,0.10420335517129303
0.8500000000000005,0.5800000000000003,0.1048833519159226
0.8500000000000005,0.5700000000000003,0.10557307153274831
0.8500000000000005,0.5600000000000003,0.10627265026463992
0.8500000000000005,0.5500000000000003,0.10698222582532364
0.8500000000000005,0.5400000000000003,0.10770193739221307
0.8500000000000005,0.5300000000000002,0.10843192559798306
0.8500000000000005,0.5200000000000002,0.1091723325208353
0.8500000000000005,0.5100000000000002,0.10992330167340203
0.8500000000000005,0.5000000000000002,0.11068497799023495
0.8500000000000005,0.49000000000000027,0.11145750781382506
0.8500000000000005,0.48000000000000026,0.11224103887909664
0.8500000000000005,0.47000000000000025,0.11303572029632014
0.8500000000000005,0.46000000000000024,0.11384170253238578
0.8500000000000005,0.45000000000000023,0.11465913739037893
0.8500000000000005,0.4400000000000002,0.11548817798739974
0.8500000000000005,0.4300000000000002,0.11632897873056545
0.8500000000000005,0.4200000000000002,0.1171816952911356
0.8500000000000005,0.4100000000000002,0.1180464845766987
0.8500000000000005,0.4000000000000002,0.11892350470135839
0.8500000000000005,0.3900000000000002,0.11981291495385707
0.8500000000000005,0.38000000000000017,0.12071487576357376
0.8500000000000005,0.37000000000000016,0.12162954866433381
0.8500000000000005,0.36000000000000015,0.12255709625596681
0.8500000000000005,0.35000000000000014,0.1234976821635489
0.8500000000000005,0.34000000000000014,0.1244514709942675
0.8500000000000005,0.3300000000000001,0.12541862829184353
0.8500000000000005,0.3200000000000001,0.12639932048844932
0.8500000000000005,0.3100000000000001,0.12739371485405918
0.8500000000000005,0.3000000000000001,0.12840197944317017
0.8500000000000005,0.2900000000000001,0.12942428303883247
0.8500000000000005,0.2800000000000001,0.13046079509392772
0.8500000000000005,0.2700000000000001,0.13151168566963697
0.8500000000000005,0.26000000000000006,0.132577125371038
0.8500000000000005,0.25000000000000006,0.13365728527977644
0.8500000000000005,0.24000000000000007,0.13475233688375488
0.8500000000000005,0.23000000000000007,0.1358624520037845
0.8500000000000005,0.22000000000000006,0.13698780271715005
0.8500000000000005,0.21000000000000005,0.13812856127803544
0.8500000000000005,0.20000000000000004,0.13928490003476449
0.8500000000000005,0.19000000000000003,0.1404569913438112
0.8500000000000005,0.18000000000000002,0.1416450074805376
0.8500000000000005,0.17,0.14284912054662036
0.8500000000000005,0.16,0.14406950237413002
0.8500000000000005,0.15,0.14530632442623176
0.8500000000000005,0.13999999999999999,0.14655975769447827
0.8500000000000005,0.12999999999999998,0.14782997259267178
0.8500000000000005,0.11999999999999998,0.14911713884727448
0.8500000000000005,0.10999999999999999,0.15042142538435366
0.8500000000000005,0.09999999999999999,0.15174300021304932
0.8500000000000005,0.09,0.15308203030556208
0.8500000000000005,0.08,0.15443868147366002
0.8500000000000005,0.07,0.1558131182417118
0.8500000000000005,0.060000000000000005,0.15720550371625874
0.8500000000000005,0.05,0.15861599945214494
0.8500000000000005,0.04,0.16004476531523046
0.8500000000000005,0.03,0.16149195934172234
0.8500000000000005,0.02,0.16295773759416116
0.8500000000000005,0.01,0.16444225401411283
0.8500000000000005,0,0.1659456602716197
0.8400000000000005,1.0000000000000007,0.08363056150215291
0.8400000000000005,0.9900000000000007,0.08401707217889415
0.8400000000000005,0.9800000000000006,0.08440904270175388
0.8400000000000005,0.9700000000000006,0.08480655399124974
0.8400000000000005,0.9600000000000006,0.08520968815002797
0.8400000000000005,0.9500000000000006,0.0856185284763064
0.8400000000000005,0.9400000000000006,0.08603315947725323
0.8400000000000005,0.9300000000000006,0.08645366688228763
0.8400000000000005,0.9200000000000006,0.08688013765628992
0.8400000000000005,0.9100000000000006,0.08731266001270578
0.8400000000000005,0.9000000000000006,0.08775132342653057
0.8400000000000005,0.8900000000000006,0.08819621864715758
0.8400000000000005,0.8800000000000006,0.08864743771107383
0.8400000000000005,0.8700000000000006,0.08910507395438723
0.8400000000000005,0.8600000000000005,0.08956922202516586
0.8400000000000005,0.8500000000000005,0.0900399778955723
0.8400000000000005,0.8400000000000005,0.09051743887377289
0.8400000000000005,0.8300000000000005,0.09100170361560168
0.8400000000000005,0.8200000000000005,0.09149287213595877
0.8400000000000005,0.8100000000000005,0.09199104581992049
0.8400000000000005,0.8000000000000005,0.09249632743353918
0.8400000000000005,0.7900000000000005,0.09300882113430894
0.8400000000000005,0.7800000000000005,0.0935286324812727
0.8400000000000005,0.7700000000000005,0.0940558684447453
0.8400000000000005,0.7600000000000005,0.09459063741562625
0.8400000000000005,0.7500000000000004,0.09513304921427482
0.8400000000000005,0.7400000000000004,0.0956832150989192
0.8400000000000005,0.7300000000000004,0.09624124777356967
0.8400000000000005,0.7200000000000004,0.09680726139540727
0.8400000000000005,0.7100000000000004,0.0973813715816141
0.8400000000000005,0.7000000000000004,0.09796369541561468
0.8400000000000005,0.6900000000000004,0.09855435145269414
0.8400000000000005,0.6800000000000004,0.09915345972495873
0.8400000000000005,0.6700000000000004,0.09976114174560262
0.8400000000000005,0.6600000000000004,0.10037752051244454
0.8400000000000005,0.6500000000000004,0.10100272051069628
0.8400000000000005,0.6400000000000003,0.10163686771492365
0.8400000000000005,0.6300000000000003,0.10228008959016026
0.8400000000000005,0.6200000000000003,0.10293251509213143
0.8400000000000005,0.6100000000000003,0.10359427466654776
0.8400000000000005,0.6000000000000003,0.10426550024742275
0.8400000000000005,0.5900000000000003,0.1049463252543708
0.8400000000000005,0.5800000000000003,0.10563688458883888
0.8400000000000005,0.5700000000000003,0.10633731462922552
0.8400000000000005,0.5600000000000003,0.10704775322483794
0.8400000000000005,0.5500000000000003,0.10776833968863898
0.8400000000000005,0.5400000000000003,0.10849921478873238
0.8400000000000005,0.5300000000000002,0.10924052073853527
0.8400000000000005,0.5200000000000002,0.1099924011855853
0.8400000000000005,0.5100000000000002,0.11075500119892853
0.8400000000000005,0.5000000000000002,0.11152846725503351
0.8400000000000005,0.49000000000000027,0.112312947222175
0.8400000000000005,0.48000000000000026,0.1131085903432327
0.8400000000000005,0.47000000000000025,0.11391554721684477
0.8400000000000005,0.46000000000000024,0.11473396977685948
0.8400000000000005,0.45000000000000023,0.11556401127002565
0.8400000000000005,0.4400000000000002,0.11640582623186087
0.8400000000000005,0.4300000000000002,0.11725957046063737
0.8400000000000005,0.4200000000000002,0.11812540098942478
0.8400000000000005,0.4100000000000002,0.11900347605612659
0.8400000000000005,0.4000000000000002,0.11989395507144882
0.8400000000000005,0.3900000000000002,0.12079699858473811
0.8400000000000005,0.38000000000000017,0.1217127682476255
0.8400000000000005,0.37000000000000016,0.12264142677541333
0.8400000000000005,0.36000000000000015,0.12358313790614095
0.8400000000000005,0.35000000000000014,0.12453806635726755
0.8400000000000005,0.34000000000000014,0.125506377779906
0.8400000000000005,0.3300000000000001,0.12648823871054787
0.8400000000000005,0.3200000000000001,0.12748381652021476
0.8400000000000005,0.3100000000000001,0.12849327936097418
0.8400000000000005,0.3000000000000001,0.12951679610975986
0.8400000000000005,0.2900000000000001,0.13055453630943378
0.8400000000000005,0.2800000000000001,0.13160667010703256
0.8400000000000005,0.2700000000000001,0.13267336818913758
0.8400000000000005,0.26000000000000006,0.13375480171431348
0.8400000000000005,0.25000000000000006,0.13485114224255856
0.8400000000000005,0.24000000000000007,0.1359625616617138
0.8400000000000005,0.23000000000000007,0.13708923211077778
0.8400000000000005,0.22000000000000006,0.13823132590007897
0.8400000000000005,0.21000000000000005,0.13938901542825735
0.8400000000000005,0.20000000000000004,0.14056247309601008
0.8400000000000005,0.19000000000000003,0.14175187121656116
0.8400000000000005,0.18000000000000002,0.14295738192281437
0.8400000000000005,0.17,0.14417917707115477
0.8400000000000005,0.16,0.1454174281418676
0.8400000000000005,0.15,0.14667230613614532
0.8400000000000005,0.13999999999999999,0.1479439814696604
0.8400000000000005,0.12999999999999998,0.1492326238626826
0.8400000000000005,0.11999999999999998,0.15053840222672782
0.8400000000000005,0.10999999999999999,0.15186148454772816
0.8400000000000005,0.09999999999999999,0.15320203776571784
0.8400000000000005,0.09,0.15456022765103697
0.8400000000000005,0.08,0.15593621867706065
0.8400000000000005,0.07,0.1573301738894644
0.8400000000000005,0.060000000000000005,0.15874225477204823
0.8400000000000005,0.05,0.1601726211091427
0.8400000000000005,0.04,0.16162143084463323
0.8400000000000005,0.03,0.163088839937641
0.8400000000000005,0.02,0.16457500221490973
0.8400000000000005,0.01,0.16608006921995463
0.8400000000000005,0,0.16760419005903782
0.8300000000000005,1.0000000000000007,0.08405455997897013
0.8300000000000005,0.9900000000000007,0.08444701190344917
0.8300000000000005,0.9800000000000006,0.08484501136707268
0.8300000000000005,0.9700000000000006,0.08524864057177042
0.8300000000000005,0.9600000000000006,0.08565798291628875
0.8300000000000005,0.9500000000000006,0.08607312300957
0.8300000000000005,0.9400000000000006,0.08649414668405316
0.8300000000000005,0.9300000000000006,0.08692114100888251
0.8300000000000005,0.9200000000000006,0.08735419430301017
0.8300000000000005,0.9100000000000006,0.08779339614817708
0.8300000000000005,0.9000000000000006,0.08823883740175696
0.8300000000000005,0.8900000000000006,0.08869061020944721
0.8300000000000005,0.8800000000000006,0.08914880801778871
0.8300000000000005,0.8700000000000006,0.0896135255864982
0.8300000000000005,0.8600000000000005,0.09008485900059301
0.8300000000000005,0.8500000000000005,0.09056290568229002
0.8300000000000005,0.8400000000000005,0.09104776440265779
0.8300000000000005,0.8300000000000005,0.09153953529300145
0.8300000000000005,0.8200000000000005,0.09203831985595798
0.8300000000000005,0.8100000000000005,0.09254422097627923
0.8300000000000005,0.8000000000000005,0.09305734293127985
0.8300000000000005,0.7900000000000005,0.0935777914009237
0.8300000000000005,0.7800000000000005,0.09410567347752563
0.8300000000000005,0.7700000000000005,0.09464109767504
0.8300000000000005,0.7600000000000005,0.09518417393791015
0.8300000000000005,0.7500000000000004,0.09573501364944936
0.8300000000000005,0.7400000000000004,0.0962937296397245
0.8300000000000005,0.7300000000000004,0.09686043619291167
0.8300000000000005,0.7200000000000004,0.09743524905409222
0.8300000000000005,0.7100000000000004,0.09801828543545713
0.8300000000000005,0.7000000000000004,0.09860966402188523
0.8300000000000005,0.6900000000000004,0.09920950497586165
0.8300000000000005,0.6800000000000004,0.0998179299416998
0.8300000000000005,0.6700000000000004,0.10043506204903008
0.8300000000000005,0.6600000000000004,0.10106102591551791
0.8300000000000005,0.6500000000000004,0.10169594764877125
0.8300000000000005,0.6400000000000003,0.1023399548473971
0.8300000000000005,0.6300000000000003,0.1029931766011665
0.8300000000000005,0.6200000000000003,0.10365574349024413
0.8300000000000005,0.6100000000000003,0.10432778758343983
0.8300000000000005,0.6000000000000003,0.10500944243543622
0.8300000000000005,0.5900000000000003,0.10570084308294743
0.8300000000000005,0.5800000000000003,0.10640212603975999
0.8300000000000005,0.5700000000000003,0.10711342929060932
0.8300000000000005,0.5600000000000003,0.10783489228384169
0.8300000000000005,0.5500000000000003,0.10856665592281016
0.8300000000000005,0.5400000000000003,0.10930886255595414
0.8300000000000005,0.5300000000000002,0.11006165596550944
0.8300000000000005,0.5200000000000002,0.11082518135479406
0.8300000000000005,0.5100000000000002,0.11159958533401618
0.8300000000000005,0.5000000000000002,0.11238501590454794
0.8300000000000005,0.49000000000000027,0.1131816224416083
0.8300000000000005,0.48000000000000026,0.1139895556752966
0.8300000000000005,0.47000000000000025,0.11480896766992033
0.8300000000000005,0.46000000000000024,0.11564001180155502
0.8300000000000005,0.45000000000000023,0.11648284273377822
0.8300000000000005,0.4400000000000002,0.11733761639151585
0.8300000000000005,0.4300000000000002,0.11820448993293999
0.8300000000000005,0.4200000000000002,0.11908362171935523
0.8300000000000005,0.4100000000000002,0.11997517128301209
0.8300000000000005,0.4000000000000002,0.12087929929278422
0.8300000000000005,0.3900000000000002,0.12179616751764648
0.8300000000000005,0.38000000000000017,0.12272593878788951
0.8300000000000005,0.37000000000000016,0.12366877695400923
0.8300000000000005,0.36000000000000015,0.12462484684320571
0.8300000000000005,0.35000000000000014,0.1255943142134299
0.8300000000000005,0.34000000000000014,0.126577345704914
0.8300000000000005,0.3300000000000001,0.12757410878912306
0.8300000000000005,0.3200000000000001,0.12858477171506616
0.8300000000000005,0.3100000000000001,0.1296095034529053
0.8300000000000005,0.3000000000000001,0.13064847363480123
0.8300000000000005,0.2900000000000001,0.13170185249293734
0.8300000000000005,0.2800000000000001,0.13276981079466232
0.8300000000000005,0.2700000000000001,0.13385251977469556
0.8300000000000005,0.26000000000000006,0.13495015106433841
0.8300000000000005,0.25000000000000006,0.1360628766176394
0.8300000000000005,0.24000000000000007,0.13719086863446
0.8300000000000005,0.23000000000000007,0.13833429948039216
0.8300000000000005,0.22000000000000006,0.13949334160348026
0.8300000000000005,0.21000000000000005,0.140668167447703
0.8300000000000005,0.20000000000000004,0.14185894936317328
0.8300000000000005,0.19000000000000003,0.1430658595130175
0.8300000000000005,0.18000000000000002,0.14428906977689943
0.8300000000000005,0.17,0.14552875165115656
0.8300000000000005,0.16,0.14678507614552133
0.8300000000000005,0.15,0.14805821367640384
0.8300000000000005,0.13999999999999999,0.14934833395671657
0.8300000000000005,0.12999999999999998,0.1506556058822272
0.8300000000000005,0.11999999999999998,0.1519801974144293
0.8300000000000005,0.10999999999999999,0.15332227545992788
0.8300000000000005,0.09999999999999999,0.15468200574633975
0.8300000000000005,0.09,0.156059552694718
0.8300000000000005,0.08,0.1574550792885118
0.8300000000000005,0.07,0.1588687469390836
0.8300000000000005,0.060000000000000005,0.16030071534780937
0.8300000000000005,0.05,0.16175114236479562
0.8300000000000005,0.04,0.1632201838442552
0.8300000000000005,0.03,0.16470799349659002
0.8300000000000005,0.02,0.16621472273723745
0.8300000000000005,0.01,0.16774052053234648
0.8300000000000005,0,0.16928553324135526
0.8200000000000005,1.0000000000000007,0.08448507323600656
0.8200000000000005,0.9900000000000007,0.08488356195837592
0.8200000000000005,0.9800000000000006,0.08528768730588598
0.8200000000000005,0.9700000000000006,0.08569753277790146
0.8200000000000005,0.9600000000000006,0.08611318308522659
0.8200000000000005,0.9500000000000006,0.08653472416340592
0.8200000000000005,0.9400000000000006,0.08696224318593139
0.8200000000000005,0.9300000000000006,0.08739582857734278
0.8200000000000005,0.9200000000000006,0.08783557002620533
0.8200000000000005,0.9100000000000006,0.08828155849794934
0.8200000000000005,0.9000000000000006,0.08873388624755538
0.8200000000000005,0.8900000000000006,0.08919264683206787
0.8200000000000005,0.8800000000000006,0.08965793512291895
0.8200000000000005,0.8700000000000006,0.09012984731804428
0.8200000000000005,0.8600000000000005,0.09060848095377123
0.8200000000000005,0.8500000000000005,0.09109393491645897
0.8200000000000005,0.8400000000000005,0.09158630945386968
0.8200000000000005,0.8300000000000005,0.09208570618624867
0.8200000000000005,0.8200000000000005,0.09259222811709096
0.8200000000000005,0.8100000000000005,0.09310597964356997
0.8200000000000005,0.8000000000000005,0.0936270665666044
0.8200000000000005,0.7900000000000005,0.0941555961005374
0.8200000000000005,0.7800000000000005,0.09469167688240113
0.8200000000000005,0.7700000000000005,0.0952354189807402
0.8200000000000005,0.7600000000000005,0.09578693390396423
0.8200000000000005,0.7500000000000004,0.09634633460820133
0.8200000000000005,0.7400000000000004,0.09691373550462108
0.8200000000000005,0.7300000000000004,0.09748925246619543
0.8200000000000005,0.7200000000000004,0.09807300283386579
0.8200000000000005,0.7100000000000004,0.09866510542208139
0.8200000000000005,0.7000000000000004,0.09926568052367495
0.8200000000000005,0.6900000000000004,0.09987484991403944
0.8200000000000005,0.6800000000000004,0.10049273685456907
0.8200000000000005,0.6700000000000004,0.10111946609532578
0.8200000000000005,0.6600000000000004,0.10175516387689333
0.8200000000000005,0.6500000000000004,0.10239995793137649
0.8200000000000005,0.6400000000000003,0.10305397748250571
0.8200000000000005,0.6300000000000003,0.10371735324480343
0.8200000000000005,0.6200000000000003,0.10439021742176843
0.8200000000000005,0.6100000000000003,0.10507270370303347
0.8200000000000005,0.6000000000000003,0.10576494726044905
0.8200000000000005,0.5900000000000003,0.10646708474304771
0.8200000000000005,0.5800000000000003,0.10717925427083828
0.8200000000000005,0.5700000000000003,0.1079015954273822
0.8200000000000005,0.5600000000000003,0.10863424925110081
0.8200000000000005,0.5500000000000003,0.10937735822526057
0.8200000000000005,0.5400000000000003,0.1101310662665855
0.8200000000000005,0.5300000000000002,0.11089551871244101
0.8200000000000005,0.5200000000000002,0.11167086230653524
0.8200000000000005,0.5100000000000002,0.11245724518308164
0.8200000000000005,0.5000000000000002,0.11325481684936606
0.8200000000000005,0.49000000000000027,0.11406372816666048
0.8200000000000005,0.48000000000000026,0.11488413132942459
0.8200000000000005,0.47000000000000025,0.1157161798427363
0.8200000000000005,0.46000000000000024,0.11656002849789024
0.8200000000000005,0.45000000000000023,0.11741583334610413
0.8200000000000005,0.4400000000000002,0.11828375167027082
0.8200000000000005,0.4300000000000002,0.11916394195469444
0.8200000000000005,0.4200000000000002,0.12005656385274789
0.8200000000000005,0.4100000000000002,0.12096177815238848
0.8200000000000005,0.4000000000000002,0.1218797467394696
0.8200000000000005,0.3900000000000002,0.12281063255878295
0.8200000000000005,0.38000000000000017,0.1237545995727703
0.8200000000000005,0.37000000000000016,0.1247118127178395
0.8200000000000005,0.36000000000000015,0.1256824378582217
0.8200000000000005,0.35000000000000014,0.12666664173730754
0.8200000000000005,0.34000000000000014,0.12766459192639862
0.8200000000000005,0.3300000000000001,0.12867645677081282
0.8200000000000005,0.3200000000000001,0.12970240533328173
0.8200000000000005,0.3100000000000001,0.13074260733457937
0.8200000000000005,0.3000000000000001,0.1317972330913236
0.8200000000000005,0.2900000000000001,0.13286645345089035
0.8200000000000005,0.2800000000000001,0.1339504397233853
0.8200000000000005,0.2700000000000001,0.13504936361061623
0.8200000000000005,0.26000000000000006,0.1361633971320135
0.8200000000000005,0.25000000000000006,0.13729271254744607
0.8200000000000005,0.24000000000000007,0.13843748227688418
0.8200000000000005,0.23000000000000007,0.1395978788168614
0.8200000000000005,0.22000000000000006,0.14077407465369143
0.8200000000000005,0.21000000000000005,0.1419662421733991
0.8200000000000005,0.20000000000000004,0.14317455356832495
0.8200000000000005,0.19000000000000003,0.14439918074037125
0.8200000000000005,0.18000000000000002,0.14564029520085556
0.8200000000000005,0.17,0.14689806796694613
0.8200000000000005,0.16,0.14817266945465404
0.8200000000000005,0.15,0.14946426936836563
0.8200000000000005,0.13999999999999999,0.15077303658689828
0.8200000000000005,0.12999999999999998,0.15209913904607295
0.8200000000000005,0.11999999999999998,0.1534427436177982
0.8200000000000005,0.10999999999999999,0.1548040159856677
0.8200000000000005,0.09999999999999999,0.1561831205170799
0.8200000000000005,0.09,0.15758022013189274
0.8200000000000005,0.08,0.1589954761676339
0.8200000000000005,0.07,0.16042904824129506
0.8200000000000005,0.060000000000000005,0.16188109410774248
0.8200000000000005,0.05,0.1633517695147881
0.8200000000000005,0.04,0.16484122805496804
0.8200000000000005,0.03,0.16634962101408762
0.8200000000000005,0.02,0.16787709721659827
0.8200000000000005,0.01,0.1694238028678791
0.8200000000000005,0,0.17098988139350835
0.8100000000000005,1.0000000000000007,0.08492220594434455
0.8100000000000005,0.9900000000000007,0.08532682853327979
0.8100000000000005,0.9800000000000006,0.08573717824377682
0.8100000000000005,0.9700000000000006,0.08615333988858938
0.8100000000000005,0.9600000000000006,0.08657539950645285
0.8100000000000005,0.9500000000000006,0.08700344437529005
0.8100000000000005,0.9400000000000006,0.0874375630253091
0.8100000000000005,0.9300000000000006,0.0878778452519777
0.8100000000000005,0.9200000000000006,0.08832438212885829
0.8100000000000005,0.9100000000000006,0.08877726602028738
0.8100000000000005,0.9000000000000006,0.08923659059388225
0.8100000000000005,0.8900000000000006,0.08970245083285695
0.8100000000000005,0.8800000000000006,0.09017494304812833
0.8100000000000005,0.8700000000000006,0.09065416489019355
0.8100000000000005,0.8600000000000005,0.09114021536075763
0.8100000000000005,0.8500000000000005,0.09163319482409109
0.8100000000000005,0.8400000000000005,0.09213320501809495
0.8100000000000005,0.8300000000000005,0.0926403490650495
0.8100000000000005,0.8200000000000005,0.093154731482025
0.8100000000000005,0.8100000000000005,0.0936764581909277
0.8100000000000005,0.8000000000000005,0.09420563652815643
0.8100000000000005,0.7900000000000005,0.09474237525384333
0.8100000000000005,0.7800000000000005,0.09528678456065025
0.8100000000000005,0.7700000000000005,0.09583897608209352
0.8100000000000005,0.7600000000000005,0.09639906290036619
0.8100000000000005,0.7500000000000004,0.09696715955362839
0.8100000000000005,0.7400000000000004,0.09754338204273302
0.8100000000000005,0.7300000000000004,0.09812784783735479
0.8100000000000005,0.7200000000000004,0.09872067588148854
0.8100000000000005,0.7100000000000004,0.09932198659828204
0.8100000000000005,0.7000000000000004,0.09993190189416719
0.8100000000000005,0.6900000000000004,0.10055054516225222
0.8100000000000005,0.6800000000000004,0.1011780412849375
0.8100000000000005,0.6700000000000004,0.10181451663571464
0.8100000000000005,0.6600000000000004,0.10246009908010867
0.8100000000000005,0.6500000000000004,0.10311491797572202
0.8100000000000005,0.6400000000000003,0.10377910417133679
0.8100000000000005,0.6300000000000003,0.10445279000503183
0.8100000000000005,0.6200000000000003,0.10513610930126947
0.8100000000000005,0.6100000000000003,0.10582919736690494
0.8100000000000005,0.6000000000000003,0.10653219098607225
0.8100000000000005,0.5900000000000003,0.10724522841389682
0.8100000000000005,0.5800000000000003,0.10796844936898585
0.8100000000000005,0.5700000000000003,0.10870199502464509
0.8100000000000005,0.5600000000000003,0.10944600799877093
0.8100000000000005,0.5500000000000003,0.11020063234236371
0.8100000000000005,0.5400000000000003,0.11096601352660937
0.8100000000000005,0.5300000000000002,0.11174229842847383
0.8100000000000005,0.5200000000000002,0.11252963531475352
0.8100000000000005,0.5100000000000002,0.11332817382452685
0.8100000000000005,0.5000000000000002,0.11413806494994644
0.8100000000000005,0.49000000000000027,0.11495946101531539
0.8100000000000005,0.48000000000000026,0.11579251565438671
0.8100000000000005,0.47000000000000025,0.11663738378582662
0.8100000000000005,0.46000000000000024,0.11749422158677976
0.8100000000000005,0.45000000000000023,0.11836318646447559
0.8100000000000005,0.4400000000000002,0.11924443702581328
0.8100000000000005,0.4300000000000002,0.12013813304486276
0.8100000000000005,0.4200000000000002,0.12104443542821873
0.8100000000000005,0.4100000000000002,0.12196350617814461
0.8100000000000005,0.4000000000000002,0.12289550835344276
0.8100000000000005,0.3900000000000002,0.12384060602798741
0.8100000000000005,0.38000000000000017,0.12479896424685685
0.8100000000000005,0.37000000000000016,0.12577074898000162
0.8100000000000005,0.36000000000000015,0.12675612707338524
0.8100000000000005,0.35000000000000014,0.1277552661975353
0.8100000000000005,0.34000000000000014,0.12876833479344219
0.8100000000000005,0.3300000000000001,0.12979550201574458
0.8100000000000005,0.3200000000000001,0.130836937673141
0.8100000000000005,0.3100000000000001,0.13189281216596724
0.8100000000000005,0.3000000000000001,0.13296329642088273
0.8100000000000005,0.2900000000000001,0.13404856182260733
0.8100000000000005,0.2800000000000001,0.1351487801426547
0.8100000000000005,0.2700000000000001,0.13626412346500694
0.8100000000000005,0.26000000000000006,0.1373947641086814
0.8100000000000005,0.25000000000000006,0.13854087454713737
0.8100000000000005,0.24000000000000007,0.1397026273244779
0.8100000000000005,0.23000000000000007,0.14088019496840168
0.8100000000000005,0.22000000000000006,0.14207374989986363
0.8100000000000005,0.21000000000000005,0.14328346433940614
0.8100000000000005,0.20000000000000004,0.14450951021012526
0.8100000000000005,0.19000000000000003,0.1457520590372425
0.8100000000000005,0.18000000000000002,0.14701128184425313
0.8100000000000005,0.17,0.1482873490456287
0.8100000000000005,0.16,0.14958043033605567
0.8100000000000005,0.15,0.15089069457619528
0.8100000000000005,0.13999999999999999,0.15221830967495723
0.8100000000000005,0.12999999999999998,0.15356344246828202
0.8100000000000005,0.11999999999999998,0.1549262585944363
0.8100000000000005,0.10999999999999999,0.15630692236582716
0.8100000000000005,0.09999999999999999,0.1577055966373518
0.8100000000000005,0.09,0.1591224426713019
0.8100000000000005,0.08,0.16055761999885085
0.8100000000000005,0.07,0.1620112862781599
0.8100000000000005,0.060000000000000005,0.1634835971491427
0.8100000000000005,0.05,0.16497470608494214
0.8100000000000005,0.04,0.16648476424017328
0.8100000000000005,0.03,0.16801392029600154
0.8100000000000005,0.02,0.16956232030212995
0.8100000000000005,0.01,0.1711301075157786
0.8100000000000005,0,0.17271742223774972
0.8000000000000005,1.0000000000000007,0.08536606443513917
0.8000000000000005,0.9900000000000007,0.0857769194968296
0.8000000000000005,0.9800000000000006,0.08619359360430738
0.8000000000000005,0.9700000000000006,0.08661617289958351
0.8000000000000005,0.9600000000000006,0.08704474476509436
0.8000000000000005,0.9500000000000006,0.08747939783679663
0.8000000000000005,0.9400000000000006,0.08792022201713838
0.8000000000000005,0.9300000000000006,0.08836730848788893
0.8000000000000005,0.9200000000000006,0.08882074972281297
0.8000000000000005,0.9100000000000006,0.08928063950016965
0.8000000000000005,0.9000000000000006,0.08974707291502056
0.8000000000000005,0.8900000000000006,0.09022014639132599
0.8000000000000005,0.8800000000000006,0.09069995769381128
0.8000000000000005,0.8700000000000006,0.09118660593958224
0.8000000000000005,0.8600000000000005,0.09168019160946846
0.8000000000000005,0.8500000000000005,0.09218081655907247
0.8000000000000005,0.8400000000000005,0.09268858402950188
0.8000000000000005,0.8300000000000005,0.09320359865776072
0.8000000000000005,0.8200000000000005,0.09372596648677448
0.8000000000000005,0.8100000000000005,0.09425579497502454
0.8000000000000005,0.8000000000000005,0.09479319300576373
0.8000000000000005,0.7900000000000005,0.09533827089578677
0.8000000000000005,0.7800000000000005,0.09589114040372537
0.8000000000000005,0.7700000000000005,0.09645191473784064
0.8000000000000005,0.7600000000000005,0.09702070856327907
0.8000000000000005,0.7500000000000004,0.09759763800876355
0.8000000000000005,0.7400000000000004,0.09818282067268384
0.8000000000000005,0.7300000000000004,0.09877637562855451
0.8000000000000005,0.7200000000000004,0.09937842342980459
0.8000000000000005,0.7100000000000004,0.0999890861138625
0.8000000000000005,0.7000000000000004,0.10060848720549985
0.8000000000000005,0.6900000000000004,0.10123675171939554
0.8000000000000005,0.6800000000000004,0.10187400616187962
0.8000000000000005,0.6700000000000004,0.1025203785318187
0.8000000000000005,0.6600000000000004,0.10317599832059775
0.8000000000000005,0.6500000000000004,0.10384099651115897
0.8000000000000005,0.6400000000000003,0.10451550557605052
0.8000000000000005,0.6300000000000003,0.10519965947444228
0.8000000000000005,0.6200000000000003,0.10589359364806031
0.8000000000000005,0.6100000000000003,0.10659744501599432
0.8000000000000005,0.6000000000000003,0.1073113519683274
0.8000000000000005,0.5900000000000003,0.1080354543585405
0.8000000000000005,0.5800000000000003,0.10876989349463859
0.8000000000000005,0.5700000000000003,0.10951481212894817
0.8000000000000005,0.5600000000000003,0.11027035444653215
0.8000000000000005,0.5500000000000003,0.11103666605216789
0.8000000000000005,0.5400000000000003,0.11181389395583437
0.8000000000000005,0.5300000000000002,0.11260218655665082
0.8000000000000005,0.5200000000000002,0.11340169362521067
0.8000000000000005,0.5100000000000002,0.11421256628425336
0.8000000000000005,0.5000000000000002,0.11503495698761353
0.8000000000000005,0.49000000000000027,0.11586901949738987
0.8000000000000005,0.48000000000000026,0.11671490885927155
0.8000000000000005,0.47000000000000025,0.11757278137596276
0.8000000000000005,0.46000000000000024,0.1184427945786424
0.8000000000000005,0.45000000000000023,0.11932510719639716
0.8000000000000005,0.4400000000000002,0.12021987912356596
0.8000000000000005,0.4300000000000002,0.1211272713849313
0.8000000000000005,0.4200000000000002,0.12204744609869549
0.8000000000000005,0.4100000000000002,0.12298056643717738
0.8000000000000005,0.4000000000000002,0.12392679658516698
0.8000000000000005,0.3900000000000002,0.12488630169587288
0.8000000000000005,0.38000000000000017,0.12585924784440047
0.8000000000000005,0.37000000000000016,0.12684580197869735
0.8000000000000005,0.36000000000000015,0.1278461318679027
0.8000000000000005,0.35000000000000014,0.12886040604803978
0.8000000000000005,0.34000000000000014,0.1298887937649884
0.8000000000000005,0.3300000000000001,0.1309314649146784
0.8000000000000005,0.3200000000000001,0.13198858998044402
0.8000000000000005,0.3100000000000001,0.13306033996748007
0.8000000000000005,0.3000000000000001,0.13414688633434493
0.8000000000000005,0.2900000000000001,0.13524840092145307
0.8000000000000005,0.2800000000000001,0.13636505587650521
0.8000000000000005,0.2700000000000001,0.13749702357680338
0.8000000000000005,0.26000000000000006,0.13864447654840256
0.8000000000000005,0.25000000000000006,0.13980758738205162
0.8000000000000005,0.24000000000000007,0.14098652864587977
0.8000000000000005,0.23000000000000007,0.14218147279478674
0.8000000000000005,0.22000000000000006,0.14339259207649951
0.8000000000000005,0.21000000000000005,0.1446200584342593
0.8000000000000005,0.20000000000000004,0.14586404340611106
0.8000000000000005,0.19000000000000003,0.14712471802076424
0.8000000000000005,0.18000000000000002,0.14840225269000562
0.8000000000000005,0.17,0.1496968170976442
0.8000000000000005,0.16,0.15100858008497484
0.8000000000000005,0.15,0.1523377095327527
0.8000000000000005,0.13999999999999999,0.1536843722396748
0.8000000000000005,0.12999999999999998,0.15504873379737213
0.8000000000000005,0.11999999999999998,0.15643095846191968
0.8000000000000005,0.10999999999999999,0.15783120902188058
0.8000000000000005,0.09999999999999999,0.1592496466629044
0.8000000000000005,0.09,0.16068643082890915
0.8000000000000005,0.08,0.1621417190798808
0.8000000000000005,0.07,0.16361566694633475
0.8000000000000005,0.060000000000000005,0.16510842778048856
0.8000000000000005,0.05,0.16662015260420487
0.8000000000000005,0.04,0.1681509899537715
0.8000000000000005,0.03,0.16970108572159406
0.8000000000000005,0.02,0.1712705829948853
0.8000000000000005,0.01,0.17285962189144383
0.8000000000000005,0,0.17446833939262651
0.7900000000000005,1.0000000000000007,0.08581675672025708
0.7900000000000005,0.9900000000000007,0.08623394441731193
0.7900000000000005,0.9800000000000006,0.08665704452946967
0.7900000000000005,0.9700000000000006,0.08708614454376226
0.7900000000000005,0.9600000000000006,0.08752133320197503
0.7900000000000005,0.9500000000000006,0.08796270051361316
0.7900000000000005,0.9400000000000006,0.0884103377687277
0.7900000000000005,0.9300000000000006,0.08886433755058269
0.7900000000000005,0.9200000000000006,0.08932479374814786
0.7900000000000005,0.9100000000000006,0.08979180156839714
0.7900000000000005,0.9000000000000006,0.09026545754839599
0.7900000000000005,0.8900000000000006,0.09074585956715596
0.7900000000000005,0.8800000000000006,0.0912331068572374
0.7900000000000005,0.8700000000000006,0.09172730001607886
0.7900000000000005,0.8600000000000005,0.09222854101702997
0.7900000000000005,0.8500000000000005,0.09273693322006656
0.7900000000000005,0.8400000000000005,0.09325258138216229
0.7900000000000005,0.8300000000000005,0.09377559166729323
0.7900000000000005,0.8200000000000005,0.0943060716560488
0.7900000000000005,0.8100000000000005,0.09484413035482273
0.7900000000000005,0.8000000000000005,0.09538987820455654
0.7900000000000005,0.7900000000000005,0.09594342708900587
0.7900000000000005,0.7800000000000005,0.09650489034250107
0.7900000000000005,0.7700000000000005,0.0970743827571702
0.7900000000000005,0.7600000000000005,0.09765202058959392
0.7900000000000005,0.7500000000000004,0.09823792156685755
0.7900000000000005,0.7400000000000004,0.09883220489196837
0.7900000000000005,0.7300000000000004,0.09943499124860121
0.7900000000000005,0.7200000000000004,0.1000464028051377
0.7900000000000005,0.7100000000000004,0.10066656321796062
0.7900000000000005,0.7000000000000004,0.10129559763396583
0.7900000000000005,0.6900000000000004,0.1019336326922516
0.7900000000000005,0.6800000000000004,0.10258079652494496
0.7900000000000005,0.6700000000000004,0.10323721875712312
0.7900000000000005,0.6600000000000004,0.1039030305057867
0.7900000000000005,0.6500000000000004,0.10457836437784099
0.7900000000000005,0.6400000000000003,0.10526335446703958
0.7900000000000005,0.6300000000000003,0.10595813634984382
0.7900000000000005,0.6200000000000003,0.10666284708015085
0.7900000000000005,0.6100000000000003,0.10737762518284102
0.7900000000000005,0.6000000000000003,0.10810261064609498
0.7900000000000005,0.5900000000000003,0.10883794491242955
0.7900000000000005,0.5800000000000003,0.1095837708683998
0.7900000000000005,0.5700000000000003,0.11034023283291466
0.7900000000000005,0.5600000000000003,0.11110747654411196
0.7900000000000005,0.5500000000000003,0.1118856491447368
0.7900000000000005,0.5400000000000003,0.11267489916596794
0.7900000000000005,0.5300000000000002,0.11347537650963473
0.7900000000000005,0.5200000000000002,0.11428723242876657
0.7900000000000005,0.5100000000000002,0.11511061950641557
0.7900000000000005,0.5000000000000002,0.11594569163269335
0.7900000000000005,0.49000000000000027,0.1167926039799613
0.7900000000000005,0.48000000000000026,0.11765151297611279
0.7900000000000005,0.47000000000000025,0.1185225762758861
0.7900000000000005,0.46000000000000024,0.1194059527301453
0.7900000000000005,0.45000000000000023,0.12030180235306691
0.7900000000000005,0.4400000000000002,0.12121028628716862
0.7900000000000005,0.4300000000000002,0.1221315667661171
0.7900000000000005,0.4200000000000002,0.12306580707525105
0.7900000000000005,0.4100000000000002,0.12401317150975594
0.7900000000000005,0.4000000000000002,0.12497382533042702
0.7900000000000005,0.3900000000000002,0.12594793471695678
0.7900000000000005,0.38000000000000017,0.1269356667186844
0.7900000000000005,0.37000000000000016,0.1279371892027432
0.7900000000000005,0.36000000000000015,0.1289526707995456
0.7900000000000005,0.35000000000000014,0.12998228084554292
0.7900000000000005,0.34000000000000014,0.13102618932320015
0.7900000000000005,0.3300000000000001,0.1320845667981257
0.7900000000000005,0.3200000000000001,0.13315758435329855
0.7900000000000005,0.3100000000000001,0.13424541352033564
0.7900000000000005,0.3000000000000001,0.13534822620774392
0.7900000000000005,0.2900000000000001,0.1364661946261046
0.7900000000000005,0.2800000000000001,0.13759949121013712
0.7900000000000005,0.2700000000000001,0.13874828853759485
0.7900000000000005,0.26000000000000006,0.13991275924494476
0.7900000000000005,0.25000000000000006,0.14109307593978784
0.7900000000000005,0.24000000000000007,0.14228941110997897
0.7900000000000005,0.23000000000000007,0.1435019370294083
0.7900000000000005,0.22000000000000006,0.14473082566040982
0.7900000000000005,0.21000000000000005,0.14597624855276656
0.7900000000000005,0.20000000000000004,0.14723837673928525
0.7900000000000005,0.19000000000000003,0.14851738062791847
0.7900000000000005,0.18000000000000002,0.14981342989041566
0.7900000000000005,0.17,0.15112669334749074
0.7900000000000005,0.16,0.15245733885049717
0.7900000000000005,0.15,0.15380553315960857
0.7900000000000005,0.13999999999999999,0.15517144181850745
0.7900000000000005,0.12999999999999998,0.15655522902559157
0.7900000000000005,0.11999999999999998,0.15795705750171227
0.7900000000000005,0.10999999999999999,0.15937708835446737
0.7900000000000005,0.09999999999999999,0.1608154809390774
0.7900000000000005,0.09,0.16227239271587995
0.7900000000000005,0.08,0.16374797910448705
0.7900000000000005,0.07,0.16524239333465554
0.7900000000000005,0.060000000000000005,0.1667557862939297
0.7900000000000005,0.05,0.16828830637212414
0.7900000000000005,0.04,0.16984009930272234
0.7900000000000005,0.03,0.1714113080012765
0.7900000000000005,0.02,0.17300207240090137
0.7900000000000005,0.01,0.17461252928496718
0.7900000000000005,0,0.17624281211710285
0.7800000000000005,1.0000000000000007,0.08627439251281677
0.7800000000000005,0.9900000000000007,0.08669801458306539
0.7800000000000005,0.9800000000000006,0.08712764389999399
0.7800000000000005,0.9700000000000006,0.08756336931129552
0.7800000000000005,0.9600000000000006,0.08800528093360936
0.7800000000000005,0.9500000000000006,0.0884534701653418
0.7800000000000005,0.9400000000000006,0.08890802969932748
0.7800000000000005,0.9300000000000006,0.08936905353531414
0.7800000000000005,0.9200000000000006,0.08983663699225292
0.7800000000000005,0.9100000000000006,0.09031087672037513
0.7800000000000005,0.9000000000000006,0.09079187071303575
0.7800000000000005,0.8900000000000006,0.09127971831830309
0.7800000000000005,0.8800000000000006,0.0917745202502735
0.7800000000000005,0.8700000000000006,0.09227637860008868
0.7800000000000005,0.8600000000000005,0.09278539684663262
0.7800000000000005,0.8500000000000005,0.09330167986688398
0.7800000000000005,0.8400000000000005,0.09382533394589934
0.7800000000000005,0.8300000000000005,0.09435646678640097
0.7800000000000005,0.8200000000000005,0.09489518751794285
0.7800000000000005,0.8100000000000005,0.09544160670562633
0.7800000000000005,0.8000000000000005,0.09599583635833801
0.7800000000000005,0.7900000000000005,0.096557989936478
0.7800000000000005,0.7800000000000005,0.09712818235914991
0.7800000000000005,0.7700000000000005,0.0977065300107787
0.7800000000000005,0.7600000000000005,0.0982931507471247
0.7800000000000005,0.7500000000000004,0.09888816390065919
0.7800000000000005,0.7400000000000004,0.09949169028526673
0.7800000000000005,0.7300000000000004,0.10010385220023708
0.7800000000000005,0.7200000000000004,0.10072477343351052
0.7800000000000005,0.7100000000000004,0.10135457926413723
0.7800000000000005,0.7000000000000004,0.10199339646391128
0.7800000000000005,0.6900000000000004,0.10264135329813823
0.7800000000000005,0.6800000000000004,0.10329857952549495
0.7800000000000005,0.6700000000000004,0.10396520639693767
0.7800000000000005,0.6600000000000004,0.1046413666536146
0.7800000000000005,0.6500000000000004,0.10532719452373741
0.7800000000000005,0.6400000000000003,0.10602282571836529
0.7800000000000005,0.6300000000000003,0.10672839742605301
0.7800000000000005,0.6200000000000003,0.10744404830631551
0.7800000000000005,0.6100000000000003,0.10816991848185745
0.7800000000000005,0.6000000000000003,0.10890614952951766
0.7800000000000005,0.5900000000000003,0.10965288446987603
0.7800000000000005,0.5800000000000003,0.11041026775546928
0.7800000000000005,0.5700000000000003,0.11117844525756203
0.7800000000000005,0.5600000000000003,0.11195756425141616
0.7800000000000005,0.5500000000000003,0.11274777340000497
0.7800000000000005,0.5400000000000003,0.11354922273611145
0.7800000000000005,0.5300000000000002,0.11436206364275593
0.7800000000000005,0.5200000000000002,0.11518644883189107
0.7800000000000005,0.5100000000000002,0.1160225323213066
0.7800000000000005,0.5000000000000002,0.1168704694096821
0.7800000000000005,0.49000000000000027,0.11773041664972711
0.7800000000000005,0.48000000000000026,0.11860253181934645
0.7800000000000005,0.47000000000000025,0.11948697389076807
0.7800000000000005,0.46000000000000024,0.12038390299757222
0.7800000000000005,0.45000000000000023,0.12129348039955613
0.7800000000000005,0.4400000000000002,0.12221586844537308
0.7800000000000005,0.4300000000000002,0.1231512305328813
0.7800000000000005,0.4200000000000002,0.12409973106713858
0.7800000000000005,0.4100000000000002,0.12506153541597975
0.7800000000000005,0.4000000000000002,0.1260368098631134
0.7800000000000005,0.3900000000000002,0.12702572155867417
0.7800000000000005,0.38000000000000017,0.12802843846716822
0.7800000000000005,0.37000000000000016,0.12904512931275047
0.7800000000000005,0.36000000000000015,0.13007596352177014
0.7800000000000005,0.35000000000000014,0.13112111116252706
0.7800000000000005,0.34000000000000014,0.13218074288217657
0.7800000000000005,0.3300000000000001,0.13325502984072632
0.7800000000000005,0.3200000000000001,0.1343441436420679
0.7800000000000005,0.3100000000000001,0.1354482562619884
0.7800000000000005,0.3000000000000001,0.13656753997310772
0.7800000000000005,0.2900000000000001,0.1377021672666915
0.7800000000000005,0.2800000000000001,0.1388523107712898
0.7800000000000005,0.2700000000000001,0.1400181431681558
0.7800000000000005,0.26000000000000006,0.14119983710339948
0.7800000000000005,0.25000000000000006,0.14239756509683701
0.7800000000000005,0.24000000000000007,0.14361149944749635
0.7800000000000005,0.23000000000000007,0.14484181213574693
0.7800000000000005,0.22000000000000006,0.14608867472202083
0.7800000000000005,0.21000000000000005,0.14735225824210077
0.7800000000000005,0.20000000000000004,0.14863273309895134
0.7800000000000005,0.19000000000000003,0.14993026895107614
0.7800000000000005,0.18000000000000002,0.15124503459738925
0.7800000000000005,0.17,0.1525771978585909
0.7800000000000005,0.16,0.1539269254550469
0.7800000000000005,0.15,0.1552943828811747
0.7800000000000005,0.13999999999999999,0.15667973427634516
0.7800000000000005,0.12999999999999998,0.15808314229231615
0.7800000000000005,0.11999999999999998,0.15950476795721982
0.7800000000000005,0.10999999999999999,0.16094477053613307
0.7800000000000005,0.09999999999999999,0.16240330738826778
0.7800000000000005,0.09,0.16388053382082382
0.7800000000000005,0.08,0.16537660293955778
0.7800000000000005,0.07,0.1668916654961259
0.7800000000000005,0.060000000000000005,0.16842586973227025
0.7800000000000005,0.05,0.1699793612209239
0.7800000000000005,0.04,0.17155228270432196
0.7800000000000005,0.03,0.17314477392921143
0.7800000000000005,0.02,0.1747569714792655
0.7800000000000005,0.01,0.17638900860481496
0.7800000000000005,0,0.1780410150500203
0.7700000000000005,1.0000000000000007,0.08673908324760676
0.7700000000000005,0.9900000000000007,0.08716924302277143
0.7700000000000005,0.9800000000000006,0.08760550635549112
0.7700000000000005,0.9700000000000006,0.08804796346961535
0.7700000000000005,0.9600000000000006,0.08849670587197918
0.7700000000000005,0.9500000000000006,0.08895182636505809
0.7700000000000005,0.9400000000000006,0.08941341905944512
0.7700000000000005,0.9300000000000006,0.08988157938613242
0.7700000000000005,0.9200000000000006,0.0903564041085775
0.7700000000000005,0.9100000000000006,0.09083799133453513
0.7700000000000005,0.9000000000000006,0.09132644052763414
0.7700000000000005,0.8900000000000006,0.09182185251867715
0.7700000000000005,0.8800000000000006,0.0923243295166418
0.7700000000000005,0.8700000000000006,0.09283397511935951
0.7700000000000005,0.8600000000000005,0.09335089432384829
0.7700000000000005,0.8500000000000005,0.09387519353627455
0.7700000000000005,0.8400000000000005,0.09440698058151714
0.7700000000000005,0.8300000000000005,0.09494636471230829
0.7700000000000005,0.8200000000000005,0.09549345661792184
0.7700000000000005,0.8100000000000005,0.09604836843238095
0.7700000000000005,0.8000000000000005,0.09661121374215532
0.7700000000000005,0.7900000000000005,0.09718210759331634
0.7700000000000005,0.7800000000000005,0.09776116649811903
0.7700000000000005,0.7700000000000005,0.09834850844097681
0.7700000000000005,0.7600000000000005,0.09894425288379553
0.7700000000000005,0.7500000000000004,0.09954852077063117
0.7700000000000005,0.7400000000000004,0.1001614345316357
0.7700000000000005,0.7300000000000004,0.10078311808625183
0.7700000000000005,0.7200000000000004,0.10141369684561985
0.7700000000000005,0.7100000000000004,0.10205329771415579
0.7700000000000005,0.7000000000000004,0.1027020490902602
0.7700000000000005,0.6900000000000004,0.1033600808661156
0.7700000000000005,0.6800000000000004,0.10402752442652904
0.7700000000000005,0.6700000000000004,0.10470451264677588
0.7700000000000005,0.6600000000000004,0.10539117988939861
0.7700000000000005,0.6500000000000004,0.1060876619999147
0.7700000000000005,0.6400000000000003,0.10679409630138505
0.7700000000000005,0.6300000000000003,0.10751062158779452
0.7700000000000005,0.6200000000000003,0.1082373781161937
0.7700000000000005,0.6100000000000003,0.108974507597552
0.7700000000000005,0.6000000000000003,0.10972215318626813
0.7700000000000005,0.5900000000000003,0.11048045946828622
0.7700000000000005,0.5800000000000003,0.11124957244776132
0.7700000000000005,0.5700000000000003,0.11202963953222111
0.7700000000000005,0.5600000000000003,0.11282080951616526
0.7700000000000005,0.5500000000000003,0.11362323256304631
0.7700000000000005,0.5400000000000003,0.11443706018557359
0.7700000000000005,0.5300000000000002,0.11526244522428093
0.7700000000000005,0.5200000000000002,0.11609954182429844
0.7700000000000005,0.5100000000000002,0.1169485054102675
0.7700000000000005,0.5000000000000002,0.11780949265933775
0.7700000000000005,0.49000000000000027,0.11868266147218483
0.7700000000000005,0.48000000000000026,0.11956817094198455
0.7700000000000005,0.47000000000000025,0.12046618132128341
0.7700000000000005,0.46000000000000024,0.12137685398669962
0.7700000000000005,0.45000000000000023,0.12230035140139241
0.7700000000000005,0.4400000000000002,0.12323683707523586
0.7700000000000005,0.4300000000000002,0.12418647552263357
0.7700000000000005,0.4200000000000002,0.12514943221790978
0.7700000000000005,0.4100000000000002,0.1261258735482143
0.7700000000000005,0.4000000000000002,0.12711596676387807
0.7700000000000005,0.3900000000000002,0.1281198799261554
0.7700000000000005,0.38000000000000017,0.12913778185229266
0.7700000000000005,0.37000000000000016,0.13016984205786034
0.7700000000000005,0.36000000000000015,0.13121623069628915
0.7700000000000005,0.35000000000000014,0.1322771184955499
0.7700000000000005,0.34000000000000014,0.13335267669191952
0.7700000000000005,0.3300000000000001,0.1344430769607771
0.7700000000000005,0.3200000000000001,0.135548491344373
0.7700000000000005,0.3100000000000001,0.13666909217652015
0.7700000000000005,0.3000000000000001,0.137805052004155
0.7700000000000005,0.2900000000000001,0.13895654350571887
0.7700000000000005,0.2800000000000001,0.1401237394063149
0.7700000000000005,0.2700000000000001,0.14130681238959525
0.7700000000000005,0.26000000000000006,0.142505935006339
0.7700000000000005,0.25000000000000006,0.14372127957968275
0.7700000000000005,0.24000000000000007,0.14495301810696964
0.7700000000000005,0.23000000000000007,0.14620132215818757
0.7700000000000005,0.22000000000000006,0.14746636277096956
0.7700000000000005,0.21000000000000005,0.148748310342134
0.7700000000000005,0.20000000000000004,0.15004733451574842
0.7700000000000005,0.19000000000000003,0.15136360406770374
0.7700000000000005,0.18000000000000002,0.15269728678679098
0.7700000000000005,0.17,0.15404854935227982
0.7700000000000005,0.16,0.15541755720800132
0.7700000000000005,0.15,0.1568044744329461
0.7700000000000005,0.13999999999999999,0.15820946360839236
0.7700000000000005,0.12999999999999998,0.1596326856815884
0.7700000000000005,0.11999999999999998,0.16107429982601776
0.7700000000000005,0.10999999999999999,0.16253446329828475
0.7700000000000005,0.09999999999999999,0.16401333129166457
0.7700000000000005,0.09,0.16551105678637024
0.7700000000000005,0.08,0.1670277903965964
0.7700000000000005,0.07,0.16856368021440948
0.7700000000000005,0.060000000000000005,0.1701188716505604
0.7700000000000005,0.05,0.171693507272307
0.7700000000000005,0.04,0.17328772663834138
0.7700000000000005,0.03,0.174901666130926
0.7700000000000005,0.02,0.1765354587853546
0.7700000000000005,0.01,0.17818923411686025
0.7700000000000005,0,0.17986311794510634
0.7600000000000005,1.0000000000000007,0.08721094210135809
0.7600000000000005,0.9900000000000007,0.08764774452557583
0.7600000000000005,0.9800000000000006,0.08809074831440031
0.7600000000000005,0.9700000000000006,0.08854004508316796
0.7600000000000005,0.9600000000000006,0.08899572774406497
0.7600000000000005,0.9500000000000006,0.08945789051859636
0.7600000000000005,0.9400000000000006,0.0899266289498582
0.7600000000000005,0.9300000000000006,0.09040203991459399
0.7600000000000005,0.9200000000000006,0.09088422163501421
0.7600000000000005,0.9100000000000006,0.09137327369035995
0.7600000000000005,0.9000000000000006,0.0918692970281877
0.7600000000000005,0.8900000000000006,0.09237239397535398
0.7600000000000005,0.8800000000000006,0.09288266824867626
0.7600000000000005,0.8700000000000006,0.09340022496524551
0.7600000000000005,0.8600000000000005,0.09392517065236602
0.7600000000000005,0.8500000000000005,0.09445761325709648
0.7600000000000005,0.8400000000000005,0.0949976621553644
0.7600000000000005,0.8300000000000005,0.09554542816062711
0.7600000000000005,0.8200000000000005,0.09610102353204952
0.7600000000000005,0.8100000000000005,0.09666456198216912
0.7600000000000005,0.8000000000000005,0.09723615868401692
0.7600000000000005,0.7900000000000005,0.09781593027766208
0.7600000000000005,0.7800000000000005,0.09840399487614795
0.7600000000000005,0.7700000000000005,0.09900047207078393
0.7600000000000005,0.7600000000000005,0.09960548293575869
0.7600000000000005,0.7500000000000004,0.10021915003203849
0.7600000000000005,0.7400000000000004,0.10084159741051212
0.7600000000000005,0.7300000000000004,0.10147295061434417
0.7600000000000005,0.7200000000000004,0.10211333668049752
0.7600000000000005,0.7100000000000004,0.1027628841403825
0.7600000000000005,0.7000000000000004,0.10342172301959153
0.7600000000000005,0.6900000000000004,0.10408998483667622
0.7600000000000005,0.6800000000000004,0.10476780260092136
0.7600000000000005,0.6700000000000004,0.1054553108090712
0.7600000000000005,0.6600000000000004,0.10615264544096047
0.7600000000000005,0.6500000000000004,0.10685994395400239
0.7600000000000005,0.6400000000000003,0.10757734527648509
0.7600000000000005,0.6300000000000003,0.10830498979962543
0.7600000000000005,0.6200000000000003,0.10904301936832944
0.7600000000000005,0.6100000000000003,0.10979157727060686
0.7600000000000005,0.6000000000000003,0.11055080822558576
0.7600000000000005,0.5900000000000003,0.1113208583700743
0.7600000000000005,0.5800000000000003,0.11210187524361163
0.7600000000000005,0.5700000000000003,0.11289400777195374
0.7600000000000005,0.5600000000000003,0.11369740624893575
0.7600000000000005,0.5500000000000003,0.11451222231665178
0.7600000000000005,0.5400000000000003,0.11533860894389485
0.7600000000000005,0.5300000000000002,0.11617672040279498
0.7600000000000005,0.5200000000000002,0.117026712243596
0.7600000000000005,0.5100000000000002,0.1178887412675092
0.7600000000000005,0.5000000000000002,0.11876296549758221
0.7600000000000005,0.49000000000000027,0.11964954414751959
0.7600000000000005,0.48000000000000026,0.12054863758839397
0.7600000000000005,0.47000000000000025,0.1214604073131826
0.7600000000000005,0.46000000000000024,0.12238501589906668
0.7600000000000005,0.45000000000000023,0.12332262696742981
0.7600000000000005,0.4400000000000002,0.12427340514149113
0.7600000000000005,0.4300000000000002,0.1252375160015107
0.7600000000000005,0.4200000000000002,0.12621512603750176
0.7600000000000005,0.4100000000000002,0.12720640259938834
0.7600000000000005,0.4000000000000002,0.1282115138445447
0.7600000000000005,0.3900000000000002,0.12923062868265459
0.7600000000000005,0.38000000000000017,0.13026391671782894
0.7600000000000005,0.37000000000000016,0.1313115481879216
0.7600000000000005,0.36000000000000015,0.13237369390098377
0.7600000000000005,0.35000000000000014,0.1334505251687988
0.7600000000000005,0.34000000000000014,0.13454221373744132
0.7600000000000005,0.3300000000000001,0.1356489317148049
0.7600000000000005,0.3200000000000001,0.1367708514950459
0.7600000000000005,0.3100000000000001,0.13790814567989168
0.7600000000000005,0.3000000000000001,0.13906098699676525
0.7600000000000005,0.2900000000000001,0.14022954821367972
0.7600000000000005,0.2800000000000001,0.1414140020508582
0.7600000000000005,0.2700000000000001,0.14261452108904057
0.7600000000000005,0.26000000000000006,0.14383127767443787
0.7600000000000005,0.25000000000000006,0.14506444382030156
0.7600000000000005,0.24000000000000007,0.14631419110507776
0.7600000000000005,0.23000000000000007,0.14758069056711962
0.7600000000000005,0.22000000000000006,0.14886411259593726
0.7600000000000005,0.21000000000000005,0.15016462681996712
0.7600000000000005,0.20000000000000004,0.15148240199084953
0.7600000000000005,0.19000000000000003,0.15281760586420629
0.7600000000000005,0.18000000000000002,0.15417040507691807
0.7600000000000005,0.17,0.15554096502090445
0.7600000000000005,0.16,0.15692944971341746
0.7600000000000005,0.15,0.15833602166386593
0.7600000000000005,0.13999999999999999,0.15976084173719185
0.7600000000000005,0.12999999999999998,0.16120406901383133
0.7600000000000005,0.11999999999999998,0.16266586064629568
0.7600000000000005,0.10999999999999999,0.1641463717124187
0.7600000000000005,0.09999999999999999,0.1656457550653225
0.7600000000000005,0.09,0.16716416118016308
0.7600000000000005,0.08,0.16870173799772442
0.7600000000000005,0.07,0.1702586307649397
0.7600000000000005,0.060000000000000005,0.17183498187242627
0.7600000000000005,0.05,0.17343093068913054
0.7600000000000005,0.04,0.17504661339418748
0.7600000000000005,0.03,0.17668216280611182
0.7600000000000005,0.02,0.1783377082094431
0.7600000000000005,0.01,0.18001337517898214
0.7600000000000005,0,0.18170928540176198
0.7500000000000004,1.0000000000000007,0.08769008401284481
0.7500000000000004,0.9900000000000007,0.08813363566101395
0.7500000000000004,0.9800000000000006,0.08858348799371638
0.7500000000000004,0.9700000000000006,0.08903973403291805
0.7500000000000004,0.9600000000000006,0.08950246811110181
0.7500000000000004,0.9500000000000006,0.08997178588353054
0.7500000000000004,0.9400000000000006,0.09044778434029238
0.7500000000000004,0.9300000000000006,0.09093056181810875
0.7500000000000004,0.9200000000000006,0.09142021801188403
0.7500000000000004,0.9100000000000006,0.09191685398597538
0.7500000000000004,0.9000000000000006,0.09242057218516085
0.7500000000000004,0.8900000000000006,0.09293147644528121
0.7500000000000004,0.8800000000000006,0.09344967200353306
0.7500000000000004,0.8700000000000006,0.09397526550838636
0.7500000000000004,0.8600000000000005,0.09450836502910114
0.7500000000000004,0.8500000000000005,0.09504908006481662
0.7500000000000004,0.8400000000000005,0.09559752155318381
0.7500000000000004,0.8300000000000005,0.09615380187851323
0.7500000000000004,0.8200000000000005,0.09671803487940751
0.7500000000000004,0.8100000000000005,0.09729033585584738
0.7500000000000004,0.8000000000000005,0.09787082157569969
0.7500000000000004,0.7900000000000005,0.09845961028061316
0.7500000000000004,0.7800000000000005,0.09905682169126839
0.7500000000000004,0.7700000000000005,0.0996625770119465
0.7500000000000004,0.7600000000000005,0.10027699893437901
0.7500000000000004,0.7500000000000004,0.10090021164084281
0.7500000000000004,0.7400000000000004,0.10153234080645987
0.7500000000000004,0.7300000000000004,0.10217351360066301
0.7500000000000004,0.7200000000000004,0.10282385868778528
0.7500000000000004,0.7100000000000004,0.10348350622673207
0.7500000000000004,0.7000000000000004,0.10415258786969131
0.7500000000000004,0.6900000000000004,0.10483123675983815
0.7500000000000004,0.6800000000000004,0.10551958752798744
0.7500000000000004,0.6700000000000004,0.10621777628814813
0.7500000000000004,0.6600000000000004,0.10692594063193021
0.7500000000000004,0.6500000000000004,0.1076442196217567
0.7500000000000004,0.6400000000000003,0.10837275378282872
0.7500000000000004,0.6300000000000003,0.10911168509379297
0.7500000000000004,0.6200000000000003,0.10986115697605991
0.7500000000000004,0.6100000000000003,0.11062131428171701
0.7500000000000004,0.6000000000000003,0.11139230327998458
0.7500000000000004,0.5900000000000003,0.11217427164215708
0.7500000000000004,0.5800000000000003,0.11296736842497453
0.7500000000000004,0.5700000000000003,0.11377174405236486
0.7500000000000004,0.5600000000000003,0.11458755029550059
0.7500000000000004,0.5500000000000003,0.11541494025110896
0.7500000000000004,0.5400000000000003,0.116254068317977
0.7500000000000004,0.5300000000000002,0.11710509017158889
0.7500000000000004,0.5200000000000002,0.11796816273683605
0.7500000000000004,0.5100000000000002,0.11884344415873656
0.7500000000000004,0.5000000000000002,0.11973109377110162
0.7500000000000004,0.49000000000000027,0.12063127206308678
0.7500000000000004,0.48000000000000026,0.12154414064356343
0.7500000000000004,0.47000000000000025,0.1224698622032476
0.7500000000000004,0.46000000000000024,0.12340860047452239
0.7500000000000004,0.45000000000000023,0.1243605201888897
0.7500000000000004,0.4400000000000002,0.12532578703198805
0.7500000000000004,0.4300000000000002,0.1263045675961126
0.7500000000000004,0.4200000000000002,0.12729702933017434
0.7500000000000004,0.4100000000000002,0.12830334048703537
0.7500000000000004,0.4000000000000002,0.12932367006815917
0.7500000000000004,0.3900000000000002,0.13035818776551256
0.7500000000000004,0.38000000000000017,0.13140706390066126
0.7500000000000004,0.37000000000000016,0.13247046936099785
0.7500000000000004,0.36000000000000015,0.1335485755330452
0.7500000000000004,0.35000000000000014,0.13464155423277804
0.7500000000000004,0.34000000000000014,0.13574957763290885
0.7500000000000004,0.3300000000000001,0.13687281818708333
0.7500000000000004,0.3200000000000001,0.13801144855093667
0.7500000000000004,0.3100000000000001,0.13916564149995975
0.7500000000000004,0.3000000000000001,0.1403355698441311
0.7500000000000004,0.2900000000000001,0.14152140633926968
0.7500000000000004,0.2800000000000001,0.14272332359506965
0.7500000000000004,0.2700000000000001,0.14394149397977843
0.7500000000000004,0.26000000000000006,0.14517608952148595
0.7500000000000004,0.25000000000000006,0.14642728180599446
0.7500000000000004,0.24000000000000007,0.14769524187124328
0.7500000000000004,0.23000000000000007,0.14898014009826754
0.7500000000000004,0.22000000000000006,0.15028214609867344
0.7500000000000004,0.21000000000000005,0.15160142859861903
0.7500000000000004,0.20000000000000004,0.1529381553192925
0.7500000000000004,0.19000000000000003,0.15429249285388846
0.7500000000000004,0.18000000000000002,0.15566460654108527
0.7500000000000004,0.17,0.1570546603350348
0.7500000000000004,0.16,0.15846281667188164
0.7500000000000004,0.15,0.15988923633283544
0.7500000000000004,0.13999999999999999,0.1613340783038267
0.7500000000000004,0.12999999999999998,0.16279749963178403
0.7500000000000004,0.11999999999999998,0.16427965527757935
0.7500000000000004,0.10999999999999999,0.16578069796569295
0.7500000000000004,0.09999999999999999,0.16730077803066096
0.7500000000000004,0.09,0.16884004326037458
0.7500000000000004,0.08,0.17039863873631025
0.7500000000000004,0.07,0.17197670667077788
0.7500000000000004,0.060000000000000005,0.17357438624128427
0.7500000000000004,0.05,0.1751918134221171
0.7500000000000004,0.04,0.17682912081326693
0.7500000000000004,0.03,0.17848643746681073
0.7500000000000004,0.02,0.18016388871089492
0.7500000000000004,0.01,0.18186159597146218
0.7500000000000004,0,0.1835796765918791
0.7400000000000004,1.0000000000000007,0.08817662570278642
0.7400000000000004,0.9900000000000007,0.08862703479871235
0.7400000000000004,0.9800000000000006,0.08908384542846608
0.7400000000000004,0.9700000000000006,0.0895471520355737
0.7400000000000004,0.9600000000000006,0.09001705038752668
0.7400000000000004,0.9500000000000006,0.09049363758781628
0.7400000000000004,0.9400000000000006,0.09097701208772917
0.7400000000000004,0.9300000000000006,0.09146727369788334
0.7400000000000004,0.9200000000000006,0.09196452359948276
0.7400000000000004,0.9100000000000006,0.09246886435526828
0.7400000000000004,0.9000000000000006,0.09298039992014114
0.7400000000000004,0.8900000000000006,0.09349923565143514
0.7400000000000004,0.8800000000000006,0.09402547831881228
0.7400000000000004,0.8700000000000006,0.09455923611375525
0.7400000000000004,0.8600000000000005,0.09510061865863005
0.7400000000000004,0.8500000000000005,0.09564973701529056
0.7400000000000004,0.8400000000000005,0.09620670369319562
0.7400000000000004,0.8300000000000005,0.09677163265700926
0.7400000000000004,0.8200000000000005,0.09734463933365124
0.7400000000000004,0.8100000000000005,0.09792584061876781
0.7400000000000004,0.8000000000000005,0.09851535488258771
0.7400000000000004,0.7900000000000005,0.09911330197512935
0.7400000000000004,0.7800000000000005,0.09971980323072409
0.7400000000000004,0.7700000000000005,0.10033498147181856
0.7400000000000004,0.7600000000000005,0.10095896101201851
0.7400000000000004,0.7500000000000004,0.10159186765833463
0.7400000000000004,0.7400000000000004,0.1022338287125912
0.7400000000000004,0.7300000000000004,0.1028849729719559
0.7400000000000004,0.7200000000000004,0.10354543072854794
0.7400000000000004,0.7100000000000004,0.10421533376808194
0.7400000000000004,0.7000000000000004,0.10489481536750228
0.7400000000000004,0.6900000000000004,0.10558401029156177
0.7400000000000004,0.6800000000000004,0.10628305478829855
0.7400000000000004,0.6700000000000004,0.10699208658336208
0.7400000000000004,0.6600000000000004,0.10771124487313953
0.7400000000000004,0.6500000000000004,0.10844067031663222
0.7400000000000004,0.6400000000000003,0.10918050502602991
0.7400000000000004,0.6300000000000003,0.10993089255593122
0.7400000000000004,0.6200000000000003,0.11069197789115552
0.7400000000000004,0.6100000000000003,0.11146390743309278
0.7400000000000004,0.6000000000000003,0.11224682898453435
0.7400000000000004,0.5900000000000003,0.11304089173292894
0.7400000000000004,0.5800000000000003,0.11384624623200565
0.7400000000000004,0.5700000000000003,0.1146630443817058
0.7400000000000004,0.5600000000000003,0.11549143940636386
0.7400000000000004,0.5500000000000003,0.1163315858310778
0.7400000000000004,0.5400000000000003,0.11718363945620762
0.7400000000000004,0.5300000000000002,0.11804775732994034
0.7400000000000004,0.5200000000000002,0.11892409771885998
0.7400000000000004,0.5100000000000002,0.11981282007645956
0.7400000000000004,0.5000000000000002,0.1207140850095312
0.7400000000000004,0.49000000000000027,0.12162805424237227
0.7400000000000004,0.48000000000000026,0.1225548905787436
0.7400000000000004,0.47000000000000025,0.12349475786151444
0.7400000000000004,0.46000000000000024,0.12444782092993306
0.7400000000000004,0.45000000000000023,0.12541424557445602
0.7400000000000004,0.4400000000000002,0.1263941984890755
0.7400000000000004,0.4300000000000002,0.12738784722107943
0.7400000000000004,0.4200000000000002,0.12839536011818264
0.7400000000000004,0.4100000000000002,0.12941690627296654
0.7400000000000004,0.4000000000000002,0.13045265546456594
0.7400000000000004,0.3900000000000002,0.1315027780975431
0.7400000000000004,0.38000000000000017,0.1325674451378895
0.7400000000000004,0.37000000000000016,0.13364682804609646
0.7400000000000004,0.36000000000000015,0.13474109870723977
0.7400000000000004,0.35000000000000014,0.13585042935802222
0.7400000000000004,0.34000000000000014,0.13697499251072137
0.7400000000000004,0.3300000000000001,0.1381149608739924
0.7400000000000004,0.3200000000000001,0.13927050727047632
0.7400000000000004,0.3100000000000001,0.14044180455116864
0.7400000000000004,0.3000000000000001,0.14162902550650483
0.7400000000000004,0.2900000000000001,0.14283234277412238
0.7400000000000004,0.2800000000000001,0.14405192874326309
0.7400000000000004,0.2700000000000001,0.14528795545578105
0.7400000000000004,0.26000000000000006,0.14654059450372844
0.7400000000000004,0.25000000000000006,0.14781001692349238
0.7400000000000004,0.24000000000000007,0.14909639308646214
0.7400000000000004,0.23000000000000007,0.15039989258621023
0.7400000000000004,0.22000000000000006,0.15172068412217632
0.7400000000000004,0.21000000000000005,0.15305893537984652
0.7400000000000004,0.20000000000000004,0.15441481290742798
0.7400000000000004,0.19000000000000003,0.15578848198902404
0.7400000000000004,0.18000000000000002,0.15718010651432007
0.7400000000000004,0.17,0.15858984884479824
0.7400000000000004,0.16,0.1600178696765053
0.7400000000000004,0.15,0.16146432789940365
0.7400000000000004,0.13999999999999999,0.16292938045334604
0.7400000000000004,0.12999999999999998,0.16441318218071793
0.7400000000000004,0.11999999999999998,0.1659158856758028
0.7400000000000004,0.10999999999999999,0.1674376411309321
0.7400000000000004,0.09999999999999999,0.16897859617949035
0.7400000000000004,0.09,0.17053889573585457
0.7400000000000004,0.08,0.17211868183235707
0.7400000000000004,0.07,0.1737180934533678
0.7400000000000004,0.060000000000000005,0.175337266366604
0.7400000000000004,0.05,0.17697633295178392
0.7400000000000004,0.04,0.17863542202675034
0.7400000000000004,0.03,0.18031465867120092
0.7400000000000004,0.02,0.182014164048172
0.7400000000000004,0.01,0.18373405522343325
0.7400000000000004,0,0.1854744449829601
0.7300000000000004,1.0000000000000007,0.08867068569352302
0.7300000000000004,0.9900000000000007,0.08912806212783643
0.7300000000000004,0.9800000000000006,0.089591942490902
0.7300000000000004,0.9700000000000006,0.09006242266250093
0.7300000000000004,0.9600000000000006,0.09053959985958526
0.7300000000000004,0.9500000000000006,0.09102357264806049
0.7300000000000004,0.9400000000000006,0.09151444095430801
0.7300000000000004,0.9300000000000006,0.09201230607642374
0.7300000000000004,0.9200000000000006,0.0925172706951522
0.7300000000000004,0.9100000000000006,0.0930294388844908
0.7300000000000004,0.9000000000000006,0.0935489161219417
0.7300000000000004,0.8900000000000006,0.09407580929838442
0.7300000000000004,0.8800000000000006,0.09461022672754438
0.7300000000000004,0.8700000000000006,0.09515227815502855
0.7300000000000004,0.8600000000000005,0.0957020747669019
0.7300000000000004,0.8500000000000005,0.09625972919777341
0.7300000000000004,0.8400000000000005,0.09682535553836326
0.7300000000000004,0.8300000000000005,0.09739906934251855
0.7300000000000004,0.8200000000000005,0.09798098763364577
0.7300000000000004,0.8100000000000005,0.09857122891052655
0.7300000000000004,0.8000000000000005,0.09916991315248236
0.7300000000000004,0.7900000000000005,0.09977716182385185
0.7300000000000004,0.7800000000000005,0.1003930978777451
0.7300000000000004,0.7700000000000005,0.10101784575903577
0.7300000000000004,0.7600000000000005,0.10165153140655304
0.7300000000000004,0.7500000000000004,0.10229428225443306
0.7300000000000004,0.7400000000000004,0.10294622723258796
0.7300000000000004,0.7300000000000004,0.10360749676625032
0.7300000000000004,0.7200000000000004,0.10427822277455003
0.7300000000000004,0.7100000000000004,0.10495853866807772
0.7300000000000004,0.7000000000000004,0.1056485793453898
0.7300000000000004,0.6900000000000004,0.10634848118840676
0.7300000000000004,0.6800000000000004,0.10705838205665792
0.7300000000000004,0.6700000000000004,0.10777842128032239
0.7300000000000004,0.6600000000000004,0.10850873965201561
0.7300000000000004,0.6500000000000004,0.10924947941727009
0.7300000000000004,0.6400000000000003,0.11000078426365814
0.7300000000000004,0.6300000000000003,0.11076279930850158
0.7300000000000004,0.6200000000000003,0.11153567108511502
0.7300000000000004,0.6100000000000003,0.11231954752752561
0.7300000000000004,0.6000000000000003,0.11311457795361352
0.7300000000000004,0.5900000000000003,0.11392091304661447
0.7300000000000004,0.5800000000000003,0.11473870483492674
0.7300000000000004,0.5700000000000003,0.11556810667016194
0.7300000000000004,0.5600000000000003,0.11640927320338078
0.7300000000000004,0.5500000000000003,0.11726236035945115
0.7300000000000004,0.5400000000000003,0.11812752530946886
0.7300000000000004,0.5300000000000002,0.11900492644117658
0.7300000000000004,0.5200000000000002,0.11989472332732058
0.7300000000000004,0.5100000000000002,0.12079707669188049
0.7300000000000004,0.5000000000000002,0.12171214837410875
0.7300000000000004,0.49000000000000027,0.12264010129031722
0.7300000000000004,0.48000000000000026,0.12358109939334525
0.7300000000000004,0.47000000000000025,0.12453530762964729
0.7300000000000004,0.46000000000000024,0.12550289189393435
0.7300000000000004,0.45000000000000023,0.12648401898130737
0.7300000000000004,0.4400000000000002,0.12747885653681781
0.7300000000000004,0.4300000000000002,0.12848757300239408
0.7300000000000004,0.4200000000000002,0.1295103375610704
0.7300000000000004,0.4100000000000002,0.1305473200784578
0.7300000000000004,0.4000000000000002,0.13159869104139646
0.7300000000000004,0.3900000000000002,0.13266462149372982
0.7300000000000004,0.38000000000000017,0.1337452829691433
0.7300000000000004,0.37000000000000016,0.1348408474210103
0.7300000000000004,0.36000000000000015,0.1359514871491917
0.7300000000000004,0.35000000000000014,0.13707737472373518
0.7300000000000004,0.34000000000000014,0.13821868290542427
0.7300000000000004,0.3300000000000001,0.139375584563128
0.7300000000000004,0.3200000000000001,0.14054825258790643
0.7300000000000004,0.3100000000000001,0.14173685980382789
0.7300000000000004,0.3000000000000001,0.14294157887545852
0.7300000000000004,0.2900000000000001,0.14416258221198755
0.7300000000000004,0.2800000000000001,0.14540004186795527
0.7300000000000004,0.2700000000000001,0.14665412944055323
0.7300000000000004,0.26000000000000006,0.1479250159634735
0.7300000000000004,0.25000000000000006,0.1492128717972843
0.7300000000000004,0.24000000000000007,0.15051786651631685
0.7300000000000004,0.23000000000000007,0.15184016879205234
0.7300000000000004,0.22000000000000006,0.15317994627300138
0.7300000000000004,0.21000000000000005,0.15453736546107866
0.7300000000000004,0.20000000000000004,0.15591259158447432
0.7300000000000004,0.19000000000000003,0.15730578846703677
0.7300000000000004,0.18000000000000002,0.15871711839418326
0.7300000000000004,0.17,0.1601467419753627
0.7300000000000004,0.16,0.16159481800310366
0.7300000000000004,0.15,0.16306150330868519
0.7300000000000004,0.13999999999999999,0.164546952614478
0.7300000000000004,0.12999999999999998,0.16605131838301007
0.7300000000000004,0.11999999999999998,0.1675747506628197
0.7300000000000004,0.10999999999999999,0.16911739693116695
0.7300000000000004,0.09999999999999999,0.1706794019336836
0.7300000000000004,0.09,0.17226090752105044
0.7300000000000004,0.08,0.1738620524828001
0.7300000000000004,0.07,0.1754829723783532
0.7300000000000004,0.060000000000000005,0.17712379936540482
0.7300000000000004,0.05,0.1787846620257886
0.7300000000000004,0.04,0.1804656851889566
0.7300000000000004,0.03,0.18216698975322074
0.7300000000000004,0.02,0.18388869250491585
0.7300000000000004,0.01,0.18563090593565085
0.7300000000000004,0,0.1873937380578288
0.7200000000000004,1.0000000000000007,0.08917238432843497
0.7200000000000004,0.9900000000000007,0.08963683967625416
0.7200000000000004,0.9800000000000006,0.09010790290938402
0.7200000000000004,0.9700000000000006,0.09058567135829403
0.7200000000000004,0.9600000000000006,0.09107024370356177
0.7200000000000004,0.9500000000000006,0.09156171998738069
0.7200000000000004,0.9400000000000006,0.09206020162478333
0.7200000000000004,0.9300000000000006,0.09256579141455763
0.7200000000000004,0.9200000000000006,0.09307859354983251
0.7200000000000004,0.9100000000000006,0.09359871362830814
0.7200000000000004,0.9000000000000006,0.09412625866210667
0.7200000000000004,0.8900000000000006,0.09466133708721491
0.7200000000000004,0.8800000000000006,0.09520405877249437
0.7200000000000004,0.8700000000000006,0.09575453502822798
0.7200000000000004,0.8600000000000005,0.09631287861417556
0.7200000000000004,0.8500000000000005,0.09687920374710765
0.7200000000000004,0.8400000000000005,0.0974536261077853
0.7200000000000004,0.8300000000000005,0.0980362628473548
0.7200000000000004,0.8200000000000005,0.09862723259312278
0.7200000000000004,0.8100000000000005,0.0992266554536775
0.7200000000000004,0.8000000000000005,0.09983465302332045
0.7200000000000004,0.7900000000000005,0.10045134838577195
0.7200000000000004,0.7800000000000005,0.10107686611711149
0.7200000000000004,0.7700000000000005,0.10171133228791533
0.7200000000000004,0.7600000000000005,0.10235487446454965
0.7200000000000004,0.7500000000000004,0.10300762170957968
0.7200000000000004,0.7400000000000004,0.10366970458124915
0.7200000000000004,0.7300000000000004,0.10434125513198997
0.7200000000000004,0.7200000000000004,0.10502240690591466
0.7200000000000004,0.7100000000000004,0.1057132949352465
0.7200000000000004,0.7000000000000004,0.10641405573563993
0.7200000000000004,0.6900000000000004,0.10712482730034284
0.7200000000000004,0.6800000000000004,0.10784574909315155
0.7200000000000004,0.6700000000000004,0.10857696204010756
0.7200000000000004,0.6600000000000004,0.10931860851988397
0.7200000000000004,0.6500000000000004,0.11007083235281005
0.7200000000000004,0.6400000000000003,0.11083377878847833
0.7200000000000004,0.6300000000000003,0.11160759449188062
0.7200000000000004,0.6200000000000003,0.11239242752801654
0.7200000000000004,0.6100000000000003,0.1131884273449179
0.7200000000000004,0.6000000000000003,0.1139957447550301
0.7200000000000004,0.5900000000000003,0.1148145319148938
0.7200000000000004,0.5800000000000003,0.11564494230306546
0.7200000000000004,0.5700000000000003,0.11648713069621698
0.7200000000000004,0.5600000000000003,0.1173412531433542
0.7200000000000004,0.5500000000000003,0.11820746693809109
0.7200000000000004,0.5400000000000003,0.1190859305889192
0.7200000000000004,0.5300000000000002,0.11997680378740701
0.7200000000000004,0.5200000000000002,0.12088024737426904
0.7200000000000004,0.5100000000000002,0.12179642330323874
0.7200000000000004,0.5000000000000002,0.1227254946026822
0.7200000000000004,0.49000000000000027,0.12366762533488931
0.7200000000000004,0.48000000000000026,0.12462298055297764
0.7200000000000004,0.47000000000000025,0.12559172625534548
0.7200000000000004,0.46000000000000024,0.1265740293376105
0.7200000000000004,0.45000000000000023,0.12757005754197098
0.7200000000000004,0.4400000000000002,0.12857997940392613
0.7200000000000004,0.4300000000000002,0.12960396419629455
0.7200000000000004,0.4200000000000002,0.13064218187046786
0.7200000000000004,0.4100000000000002,0.13169480299484138
0.7200000000000004,0.4000000000000002,0.13276199869036037
0.7200000000000004,0.3900000000000002,0.13384394056312549
0.7200000000000004,0.38000000000000017,0.1349408006340008
0.7200000000000004,0.37000000000000016,0.13605275126516903
0.7200000000000004,0.36000000000000015,0.13717996508358216
0.7200000000000004,0.35000000000000014,0.13832261490125625
0.7200000000000004,0.34000000000000014,0.13948087363236253
0.7200000000000004,0.3300000000000001,0.14065491420706872
0.7200000000000004,0.3200000000000001,0.1418449094820882
0.7200000000000004,0.3100000000000001,0.14305103214789672
0.7200000000000004,0.3000000000000001,0.14427345463258037
0.7200000000000004,0.2900000000000001,0.1455123490022827
0.7200000000000004,0.2800000000000001,0.1467678868582201
0.7200000000000004,0.2700000000000001,0.14804023923024262
0.7200000000000004,0.26000000000000006,0.14932957646691802
0.7200000000000004,0.25000000000000006,0.1506360681221243
0.7200000000000004,0.24000000000000007,0.15195988283813916
0.7200000000000004,0.23000000000000007,0.1533011882252213
0.7200000000000004,0.22000000000000006,0.1546601507376825
0.7200000000000004,0.21000000000000005,0.1560369355464578
0.7200000000000004,0.20000000000000004,0.15743170640818413
0.7200000000000004,0.19000000000000003,0.15884462553080683
0.7200000000000004,0.18000000000000002,0.16027585343573866
0.7200000000000004,0.17,0.16172554881660373
0.7200000000000004,0.16,0.1631938683946062
0.7200000000000004,0.15,0.16468096677056965
0.7200000000000004,0.13999999999999999,0.16618699627370406
0.7200000000000004,0.12999999999999998,0.16771210680716225
0.7200000000000004,0.11999999999999998,0.1692564456904588
0.7200000000000004,0.10999999999999999,0.17082015749883042
0.7200000000000004,0.09999999999999999,0.17240338389962942
0.7200000000000004,0.09,0.17400626348584755
0.7200000000000004,0.08,0.17562893160687934
0.7200000000000004,0.07,0.1772715201966427
0.7200000000000004,0.060000000000000005,0.17893415759918493
0.7200000000000004,0.05,0.1806169683919126
0.7200000000000004,0.04,0.18232007320659294
0.7200000000000004,0.03,0.1840435885482855
0.7200000000000004,0.02,0.18578762661237497
0.7200000000000004,0.01,0.18755229509988258
0.7200000000000004,0,0.18933769703124853
0.7100000000000004,1.0000000000000007,0.08968184379107462
0.7100000000000004,0.9900000000000007,0.0901534913293825
0.7100000000000004,0.9800000000000006,0.0906318522869122
0.7100000000000004,0.9700000000000006,0.09111702545896559
0.7100000000000004,0.9600000000000006,0.09160911100359624
0.7100000000000004,0.9500000000000006,0.09210821045281704
0.7100000000000004,0.9400000000000006,0.09261442672349861
0.7100000000000004,0.9300000000000006,0.09312786412793526
0.7100000000000004,0.9200000000000006,0.09364862838405476
0.7100000000000004,0.9100000000000006,0.09417682662524507
0.7100000000000004,0.9000000000000006,0.09471256740977319
0.7100000000000004,0.8900000000000006,0.09525596072976691
0.7100000000000004,0.8800000000000006,0.09580711801973346
0.7100000000000004,0.8700000000000006,0.0963661521645829
0.7100000000000004,0.8600000000000005,0.09693317750712892
0.7100000000000004,0.8500000000000005,0.09750830985503241
0.7100000000000004,0.8400000000000005,0.09809166648715766
0.7100000000000004,0.8300000000000005,0.09868336615930698
0.7100000000000004,0.8200000000000005,0.09928352910929805
0.7100000000000004,0.8100000000000005,0.0998922770613495
0.7100000000000004,0.8000000000000005,0.10050973322973712
0.7100000000000004,0.7900000000000005,0.1011360223216826
0.7100000000000004,0.7800000000000005,0.10177127053943612
0.7100000000000004,0.7700000000000005,0.10241560558151133
0.7100000000000004,0.7600000000000005,0.10306915664303282
0.7100000000000004,0.7500000000000004,0.10373205441515193
0.7100000000000004,0.7400000000000004,0.10440443108348765
0.7100000000000004,0.7300000000000004,0.10508642032554805
0.7100000000000004,0.7200000000000004,0.10577815730708504
0.7100000000000004,0.7100000000000004,0.10647977867733646
0.7100000000000004,0.7000000000000004,0.10719142256310536
0.7100000000000004,0.6900000000000004,0.10791322856162888
0.7100000000000004,0.6800000000000004,0.10864533773218428
0.7100000000000004,0.6700000000000004,0.10938789258638114
0.7100000000000004,0.6600000000000004,0.11014103707708658
0.7100000000000004,0.6500000000000004,0.11090491658592974
0.7100000000000004,0.6400000000000003,0.11167967790933006
0.7100000000000004,0.6300000000000003,0.11246546924299414
0.7100000000000004,0.6200000000000003,0.11326244016482255
0.7100000000000004,0.6100000000000003,0.11407074161617141
0.7100000000000004,0.6000000000000003,0.11489052588140661
0.7100000000000004,0.5900000000000003,0.11572194656569391
0.7100000000000004,0.5800000000000003,0.11656515857096292
0.7100000000000004,0.5700000000000003,0.11742031806998383
0.7100000000000004,0.5600000000000003,0.11828758247849658
0.7100000000000004,0.5500000000000003,0.11916711042532756
0.7100000000000004,0.5400000000000003,0.1200590617204339
0.7100000000000004,0.5300000000000002,0.12096359732080965
0.7100000000000004,0.5200000000000002,0.1218808792941916
0.7100000000000004,0.5100000000000002,0.12281107078050044
0.7100000000000004,0.5000000000000002,0.12375433595095364
0.7100000000000004,0.49000000000000027,0.1247108399647855
0.7100000000000004,0.48000000000000026,0.1256807489235108
0.7100000000000004,0.47000000000000025,0.1266642298226689
0.7100000000000004,0.46000000000000024,0.1276614505009844
0.7100000000000004,0.45000000000000023,0.1286725795868812
0.7100000000000004,0.4400000000000002,0.12969778644228955
0.7100000000000004,0.4300000000000002,0.13073724110368287
0.7100000000000004,0.4200000000000002,0.13179111422028492
0.7100000000000004,0.4100000000000002,0.1328595769893887
0.7100000000000004,0.4000000000000002,0.13394280108872786
0.7100000000000004,0.3900000000000002,0.13504095860584583
0.7100000000000004,0.38000000000000017,0.13615422196440694
0.7100000000000004,0.37000000000000016,0.13728276384739763
0.7100000000000004,0.36000000000000015,0.1384267571171669
0.7100000000000004,0.35000000000000014,0.13958637473225782
0.7100000000000004,0.34000000000000014,0.1407617896609851
0.7100000000000004,0.3300000000000001,0.14195317479171515
0.7100000000000004,0.3200000000000001,0.14316070283980994
0.7100000000000004,0.3100000000000001,0.14438454625119765
0.7100000000000004,0.3000000000000001,0.14562487710253813
0.7100000000000004,0.2900000000000001,0.1468818669979536
0.7100000000000004,0.2800000000000001,0.14815568696230078
0.7100000000000004,0.2700000000000001,0.14944650733096324
0.7100000000000004,0.26000000000000006,0.15075449763614956
0.7100000000000004,0.25000000000000006,0.1520798264896855
0.7100000000000004,0.24000000000000007,0.15342266146229575
0.7100000000000004,0.23000000000000007,0.15478316895937583
0.7100000000000004,0.22000000000000006,0.1561615140932589
0.7100000000000004,0.21000000000000005,0.15755786055199167
0.7100000000000004,0.20000000000000004,0.15897237046463678
0.7100000000000004,0.19000000000000003,0.16040520426312804
0.7100000000000004,0.18000000000000002,0.16185652054071106
0.7100000000000004,0.17,0.16332647590700944
0.7100000000000004,0.16,0.16481522483976352
0.7100000000000004,0.15,0.16632291953329897
0.7100000000000004,0.13999999999999999,0.1678497097437876
0.7100000000000004,0.12999999999999998,0.169395742631373
0.7100000000000004,0.11999999999999998,0.1709611625992442
0.7100000000000004,0.10999999999999999,0.17254611112974466
0.7100000000000004,0.09999999999999999,0.17415072661761805
0.7100000000000004,0.09,0.17577514420050058
0.7100000000000004,0.08,0.17741949558677605
0.7100000000000004,0.07,0.1790839088809254
0.7100000000000004,0.060000000000000005,0.18076850840650754
0.7100000000000004,0.05,0.1824734145269216
0.7100000000000004,0.04,0.18419874346411025
0.7100000000000004,0.03,0.18594460711537356
0.7100000000000004,0.02,0.18771111286847447
0.7100000000000004,0.01,0.18949836341522885
0.7100000000000004,0,0.19130645656377845
0.7000000000000004,1.0000000000000007,0.0901991881239787
0.7000000000000004,0.9900000000000007,0.09067814284868389
0.7000000000000004,0.9800000000000006,0.09116391811927756
0.7000000000000004,0.9700000000000006,0.09165661420972107
0.7000000000000004,0.9600000000000006,0.09215633276905046
0.7000000000000004,0.9500000000000006,0.09266317683225708
0.7000000000000004,0.9400000000000006,0.09317725083083436
0.7000000000000004,0.9300000000000006,0.09369866060296572
0.7000000000000004,0.9200000000000006,0.09422751340332794
0.7000000000000004,0.9100000000000006,0.09476391791248497
0.7000000000000004,0.9000000000000006,0.09530798424584253
0.7000000000000004,0.8900000000000006,0.09585982396213677
0.7000000000000004,0.8800000000000006,0.09641955007142695
0.7000000000000004,0.8700000000000006,0.09698727704256115
0.7000000000000004,0.8600000000000005,0.09756312081008478
0.7000000000000004,0.8500000000000005,0.09814719878055746
0.7000000000000004,0.8400000000000005,0.09873962983824626
0.7000000000000004,0.8300000000000005,0.09934053435015976
0.7000000000000004,0.8200000000000005,0.0999500341703864
0.7000000000000004,0.8100000000000005,0.1005682526437016
0.7000000000000004,0.8000000000000005,0.10119531460840427
0.7000000000000004,0.7900000000000005,0.10183134639834361
0.7000000000000004,0.7800000000000005,0.10247647584409617
0.7000000000000004,0.7700000000000005,0.10313083227325143
0.7000000000000004,0.7600000000000005,0.1037945465097625
0.7000000000000004,0.7500000000000004,0.10446775087231897
0.7000000000000004,0.7400000000000004,0.10515057917169629
0.7000000000000004,0.7300000000000004,0.10584316670703503
0.7000000000000004,0.7200000000000004,0.10654565026100372
0.7000000000000004,0.7100000000000004,0.10725816809379565
0.7000000000000004,0.7000000000000004,0.10798085993591008
0.7000000000000004,0.6900000000000004,0.10871386697966791
0.7000000000000004,0.6800000000000004,0.10945733186940836
0.7000000000000004,0.6700000000000004,0.1102113986903156
0.7000000000000004,0.6600000000000004,0.11097621295581889
0.7000000000000004,0.6500000000000004,0.11175192159351353
0.7000000000000004,0.6400000000000003,0.11253867292954446
0.7000000000000004,0.6300000000000003,0.11333661667139705
0.7000000000000004,0.6200000000000003,0.11414590388903535
0.7000000000000004,0.6100000000000003,0.11496668699433128
0.7000000000000004,0.6000000000000003,0.11579911971872194
0.7000000000000004,0.5900000000000003,0.11664335708903785
0.7000000000000004,0.5800000000000003,0.11749955540143792
0.7000000000000004,0.5700000000000003,0.11836787219339176
0.7000000000000004,0.5600000000000003,0.11924846621364511
0.7000000000000004,0.5500000000000003,0.12014149739010632
0.7000000000000004,0.5400000000000003,0.12104712679559047
0.7000000000000004,0.5300000000000002,0.12196551661135735
0.7000000000000004,0.5200000000000002,0.12289683008837912
0.7000000000000004,0.5100000000000002,0.12384123150627473
0.7000000000000004,0.5000000000000002,0.12479888612984515
0.7000000000000004,0.49000000000000027,0.125769960163148
0.7000000000000004,0.48000000000000026,0.12675462070104546
0.7000000000000004,0.47000000000000025,0.12775303567816426
0.7000000000000004,0.46000000000000024,0.1287653738152035
0.7000000000000004,0.45000000000000023,0.12979180456252903
0.7000000000000004,0.4400000000000002,0.13083249804099298
0.7000000000000004,0.4300000000000002,0.13188762497991752
0.7000000000000004,0.4200000000000002,0.13295735665218533
0.7000000000000004,0.4100000000000002,0.1340418648063766
0.7000000000000004,0.4000000000000002,0.1351413215958993
0.7000000000000004,0.3900000000000002,0.13625589950505504
0.7000000000000004,0.38000000000000017,0.13738577127199103
0.7000000000000004,0.37000000000000016,0.1385311098084851
0.7000000000000004,0.36000000000000015,0.13969208811651818
0.7000000000000004,0.35000000000000014,0.14086887920158675
0.7000000000000004,0.34000000000000014,0.14206165598271425
0.7000000000000004,0.3300000000000001,0.1432705911991213
0.7000000000000004,0.3200000000000001,0.14449585731351894
0.7000000000000004,0.3100000000000001,0.1457376264119923
0.7000000000000004,0.3000000000000001,0.14699607010044624
0.7000000000000004,0.2900000000000001,0.1482713593975886
0.7000000000000004,0.2800000000000001,0.14956366462443085
0.7000000000000004,0.2700000000000001,0.1508731552902914
0.7000000000000004,0.26000000000000006,0.15219999997529102
0.7000000000000004,0.25000000000000006,0.15354436620933504
0.7000000000000004,0.24000000000000007,0.15490642034758406
0.7000000000000004,0.23000000000000007,0.15628632744241916
0.7000000000000004,0.22000000000000006,0.15768425111191375
0.7000000000000004,0.21000000000000005,0.1591003534048327
0.7000000000000004,0.20000000000000004,0.16053479466218423
0.7000000000000004,0.19000000000000003,0.1619877333753571
0.7000000000000004,0.18000000000000002,0.16345932604088492
0.7000000000000004,0.17,0.16494972701188504
0.7000000000000004,0.16,0.16645908834622866
0.7000000000000004,0.15,0.16798755965150655
0.7000000000000004,0.13999999999999999,0.16953528792686373
0.7000000000000004,0.12999999999999998,0.17110241740178447
0.7000000000000004,0.11999999999999998,0.17268908937191949
0.7000000000000004,0.10999999999999999,0.1742954420320548
0.7000000000000004,0.09999999999999999,0.17592161030633247
0.7000000000000004,0.09,0.17756772567584264
0.7000000000000004,0.08,0.17923391600371677
0.7000000000000004,0.07,0.18092030535786152
0.7000000000000004,0.060000000000000005,0.1826270138314828
0.7000000000000004,0.05,0.1843541573615616
0.7000000000000004,0.04,0.18610184754545148
0.7000000000000004,0.03,0.1878701914557796
0.7000000000000004,0.02,0.18965929145384436
0.7000000000000004,0.01,0.19146924500171167
0.7000000000000004,0,0.19330014447322424
0.6900000000000004,1.0000000000000007,0.090724543247127
0.6900000000000004,0.9900000000000007,0.09121092188977602
0.6900000000000004,0.9800000000000006,0.0917042298127927
0.6900000000000004,0.9700000000000006,0.09220456878227835
0.6900000000000004,0.9600000000000006,0.0927120419513828
0.6900000000000004,0.9500000000000006,0.09322675387083089
0.6900000000000004,0.9400000000000006,0.09374881049908879
0.6900000000000004,0.9300000000000006,0.09427831921214441
0.6900000000000004,0.9200000000000006,0.09481538881287468
0.6900000000000004,0.9100000000000006,0.09536012953997335
0.6900000000000004,0.9000000000000006,0.09591265307640964
0.6900000000000004,0.8900000000000006,0.09647307255738906
0.6900000000000004,0.8800000000000006,0.0970415025777851
0.6900000000000004,0.8700000000000006,0.09761805919901066
0.6900000000000004,0.8600000000000005,0.09820285995529676
0.6900000000000004,0.8500000000000005,0.09879602385934343
0.6900000000000004,0.8400000000000005,0.09939767140730973
0.6900000000000004,0.8300000000000005,0.1000079245831057
0.6900000000000004,0.8200000000000005,0.10062690686194896
0.6900000000000004,0.8100000000000005,0.10125474321314892
0.6900000000000004,0.8000000000000005,0.10189156010207787
0.6900000000000004,0.7900000000000005,0.10253748549128906
0.6900000000000004,0.7800000000000005,0.10319264884074034
0.6900000000000004,0.7700000000000005,0.10385718110707946
0.6900000000000004,0.7600000000000005,0.10453121474194828
0.6900000000000004,0.7500000000000004,0.10521488368925964
0.6900000000000004,0.7400000000000004,0.10590832338140088
0.6900000000000004,0.7300000000000004,0.10661167073431707
0.6900000000000004,0.7200000000000004,0.1073250641414242
0.6900000000000004,0.7100000000000004,0.10804864346630323
0.6900000000000004,0.7000000000000004,0.10878255003412422
0.6900000000000004,0.6900000000000004,0.1095269266217477
0.6900000000000004,0.6800000000000004,0.11028191744645127
0.6900000000000004,0.6700000000000004,0.11104766815322584
0.6900000000000004,0.6600000000000004,0.1118243258005881
0.6900000000000004,0.6500000000000004,0.11261203884485112
0.6900000000000004,0.6400000000000003,0.1134109571227973
0.6900000000000004,0.6300000000000003,0.11422123183269478
0.6900000000000004,0.6200000000000003,0.11504301551359854
0.6900000000000004,0.6100000000000003,0.11587646202287694
0.6900000000000004,0.6000000000000003,0.11672172651190169
0.6900000000000004,0.5900000000000003,0.11757896539984194
0.6900000000000004,0.5800000000000003,0.11844833634549827
0.6900000000000004,0.5700000000000003,0.11932999821711662
0.6900000000000004,0.5600000000000003,0.12022411106011648
0.6900000000000004,0.5500000000000003,0.12113083606267261
0.6900000000000004,0.5400000000000003,0.1220503355190839
0.6900000000000004,0.5300000000000002,0.12298277279086783
0.6900000000000004,0.5200000000000002,0.12392831226551529
0.6900000000000004,0.5100000000000002,0.12488711931284097
0.6900000000000004,0.5000000000000002,0.1258593602388675
0.6900000000000004,0.49000000000000027,0.1268452022371781
0.6900000000000004,0.48000000000000026,0.12784481333767403
0.6900000000000004,0.47000000000000025,0.12885836235267617
0.6900000000000004,0.46000000000000024,0.1298860188203062
0.6900000000000004,0.45000000000000023,0.13092795294508836
0.6900000000000004,0.4400000000000002,0.1319843355357093
0.6900000000000004,0.4300000000000002,0.1330553379398793
0.6900000000000004,0.4200000000000002,0.1341411319762354
0.6900000000000004,0.4100000000000002,0.1352418898632306
0.6900000000000004,0.4000000000000002,0.13635778414495603
0.6900000000000004,0.3900000000000002,0.13748898761384137
0.6900000000000004,0.38000000000000017,0.13863567323018577
0.6900000000000004,0.37000000000000016,0.13979801403846936
0.6900000000000004,0.36000000000000015,0.1409761830804014
0.6900000000000004,0.35000000000000014,0.142170353304662
0.6900000000000004,0.34000000000000014,0.14338069747329885
0.6900000000000004,0.3300000000000001,0.14460738806474227
0.6900000000000004,0.3200000000000001,0.14585059717340748
0.6900000000000004,0.3100000000000001,0.14711049640585422
0.6900000000000004,0.3000000000000001,0.14838725677348183
0.6900000000000004,0.2900000000000001,0.14968104858173734
0.6900000000000004,0.2800000000000001,0.15099204131582444
0.6900000000000004,0.2700000000000001,0.15232040352290135
0.6900000000000004,0.26000000000000006,0.15366630269076414
0.6900000000000004,0.25000000000000006,0.15502990512301643
0.6900000000000004,0.24000000000000007,0.15641137581073192
0.6900000000000004,0.23000000000000007,0.15781087830062387
0.6900000000000004,0.22000000000000006,0.15922857455974043
0.6900000000000004,0.21000000000000005,0.16066462483671318
0.6900000000000004,0.20000000000000004,0.1621191875195919
0.6900000000000004,0.19000000000000003,0.16359241899030685
0.6900000000000004,0.18000000000000002,0.16508447347580857
0.6900000000000004,0.17,0.16659550289593997
0.6900000000000004,0.16,0.1681256567081078
0.6900000000000004,0.15,0.16967508174882592
0.6900000000000004,0.13999999999999999,0.1712439220722144
0.6900000000000004,0.12999999999999998,0.17283231878554406
0.6900000000000004,0.11999999999999998,0.17444040988193002
0.6900000000000004,0.10999999999999999,0.17606833007028153
0.6900000000000004,0.09999999999999999,0.17771621060263265
0.6900000000000004,0.09,0.1793841790989798
0.6900000000000004,0.08,0.18107235936976995
0.6900000000000004,0.07,0.18278087123618836
0.6900000000000004,0.060000000000000005,0.1845098303484078
0.6900000000000004,0.05,0.1862593480019713
0.6900000000000004,0.04,0.1880295309524905
0.6900000000000004,0.03,0.18982048122885303
0.6900000000000004,0.02,0.1916322959451427
0.6900000000000004,0.01,0.19346506711148734
0.6900000000000004,0,0.19531888144406004
0.6800000000000004,1.0000000000000007,0.09125803697601138
0.6800000000000004,0.9900000000000007,0.0917519580201192
0.6800000000000004,0.9800000000000006,0.09225291870156467
0.6800000000000004,0.9700000000000006,0.0927610222916925
0.6800000000000004,0.9600000000000006,0.09327637346049068
0.6800000000000004,0.9500000000000006,0.09379907828673474
0.6800000000000004,0.9400000000000006,0.09432924426774424
0.6800000000000004,0.9300000000000006,0.09486698032872465
0.6800000000000004,0.9200000000000006,0.0954123968316668
0.6800000000000004,0.9100000000000006,0.09596560558377595
0.6800000000000004,0.9000000000000006,0.09652671984540001
0.6800000000000004,0.8900000000000006,0.09709585433742725
0.6800000000000004,0.8800000000000006,0.0976731252481206
0.6800000000000004,0.8700000000000006,0.09825865023935665
0.6800000000000004,0.8600000000000005,0.09885254845223548
0.6800000000000004,0.8500000000000005,0.09945494051202536
0.6800000000000004,0.8400000000000005,0.10006594853240769
0.6800000000000004,0.8300000000000005,0.10068569611898369
0.6800000000000004,0.8200000000000005,0.10131430837200527
0.6800000000000004,0.8100000000000005,0.1019519118882899
0.6800000000000004,0.8000000000000005,0.1025986347622802
0.6800000000000004,0.7900000000000005,0.10325460658620397
0.6800000000000004,0.7800000000000005,0.10391995844929501
0.6800000000000004,0.7700000000000005,0.10459482293602715
0.6800000000000004,0.7600000000000005,0.10527933412331893
0.6800000000000004,0.7500000000000004,0.10597362757666076
0.6800000000000004,0.7400000000000004,0.10667784034511799
0.6800000000000004,0.7300000000000004,0.10739211095515995
0.6800000000000004,0.7200000000000004,0.1081165794032669
0.6800000000000004,0.7100000000000004,0.10885138714726154
0.6800000000000004,0.7000000000000004,0.10959667709631495
0.6800000000000004,0.6900000000000004,0.11035259359957236
0.6800000000000004,0.6800000000000004,0.11111928243334575
0.6800000000000004,0.6700000000000004,0.11189689078681647
0.6800000000000004,0.6600000000000004,0.11268556724619264
0.6800000000000004,0.6500000000000004,0.11348546177726417
0.6800000000000004,0.6400000000000003,0.1142967257062958
0.6800000000000004,0.6300000000000003,0.1151195116992012
0.6800000000000004,0.6200000000000003,0.11595397373893636
0.6800000000000004,0.6100000000000003,0.11680026710105247
0.6800000000000004,0.6000000000000003,0.11765854832734673
0.6800000000000004,0.5900000000000003,0.11852897519754974
0.6800000000000004,0.5800000000000003,0.11941170669898538
0.6800000000000004,0.5700000000000003,0.12030690299414129
0.6800000000000004,0.5600000000000003,0.12121472538608703
0.6800000000000004,0.5500000000000003,0.12213533628167396
0.6800000000000004,0.5400000000000003,0.12306889915245546
0.6800000000000004,0.5300000000000002,0.12401557849326134
0.6800000000000004,0.5200000000000002,0.12497553977836368
0.6800000000000004,0.5100000000000002,0.12594894941516957
0.6800000000000004,0.5000000000000002,0.12693597469537712
0.6800000000000004,0.49000000000000027,0.12793678374353126
0.6800000000000004,0.48000000000000026,0.12895154546291754
0.6800000000000004,0.47000000000000025,0.12998042947873029
0.6800000000000004,0.46000000000000024,0.1310236060784553
0.6800000000000004,0.45000000000000023,0.13208124614940606
0.6800000000000004,0.4400000000000002,0.13315352111335493
0.6800000000000004,0.4300000000000002,0.13424060285820127
0.6800000000000004,0.4200000000000002,0.13534266366662068
0.6800000000000004,0.4100000000000002,0.13645987614164115
0.6800000000000004,0.4000000000000002,0.1375924131290934
0.6800000000000004,0.3900000000000002,0.13874044763688553
0.6800000000000004,0.38000000000000017,0.13990415275105467
0.6800000000000004,0.37000000000000016,0.14108370154854935
0.6800000000000004,0.36000000000000015,0.14227926700670201
0.6800000000000004,0.35000000000000014,0.14349102190935129
0.6800000000000004,0.34000000000000014,0.1447191387495795
0.6800000000000004,0.3300000000000001,0.14596378962903195
0.6800000000000004,0.3200000000000001,0.14722514615379195
0.6800000000000004,0.3100000000000001,0.14850337932678598
0.6800000000000004,0.3000000000000001,0.14979865943670015
0.6800000000000004,0.2900000000000001,0.15111115594339436
0.6800000000000004,0.2800000000000001,0.15244103735980286
0.6800000000000004,0.2700000000000001,0.1537884711303182
0.6800000000000004,0.26000000000000006,0.15515362350566042
0.6800000000000004,0.25000000000000006,0.15653665941423686
0.6800000000000004,0.24000000000000007,0.15793774233000946
0.6800000000000004,0.23000000000000007,0.15935703413688646
0.6800000000000004,0.22000000000000006,0.16079469498966797
0.6800000000000004,0.21000000000000005,0.16225088317157826
0.6800000000000004,0.20000000000000004,0.16372575494842756
0.6800000000000004,0.19000000000000003,0.16521946441945154
0.6800000000000004,0.18000000000000002,0.16673216336488741
0.6800000000000004,0.17,0.1682640010903508
0.6800000000000004,0.16,0.16981512426808937
0.6800000000000004,0.15,0.17138567677519523
0.6800000000000004,0.13999999999999999,0.1729757995288693
0.6800000000000004,0.12999999999999998,0.17458563031883878
0.6800000000000004,0.11999999999999998,0.17621530363703933
0.6800000000000004,0.10999999999999999,0.17786495050468304
0.6800000000000004,0.09999999999999999,0.17953469829684338
0.6800000000000004,0.09,0.18122467056469763
0.6800000000000004,0.08,0.18293498685558038
0.6800000000000004,0.07,0.18466576253100778
0.6800000000000004,0.060000000000000005,0.18641710858284666
0.6800000000000004,0.05,0.18818913144781177
0.6800000000000004,0.04,0.1899819328204847
0.6800000000000004,0.03,0.19179560946506022
0.6800000000000004,0.02,0.1936302530260342
0.6800000000000004,0.01,0.19548594983806106
0.6800000000000004,0,0.1973627807352168
0.6700000000000004,1.0000000000000007,0.09179979903927879
0.6700000000000004,0.9900000000000007,0.09230138273624168
0.6700000000000004,0.9800000000000006,0.09281011806426946
0.6700000000000004,0.9700000000000006,0.09332610981264418
0.6700000000000004,0.9600000000000006,0.09384946418047632
0.6700000000000004,0.9500000000000006,0.09438028878643702
0.6700000000000004,0.9400000000000006,0.09491869267807451
0.6700000000000004,0.9300000000000006,0.09546478634068481
0.6700000000000004,0.9200000000000006,0.09601868170571103
0.6700000000000004,0.9100000000000006,0.09658049215863886
0.6700000000000004,0.9000000000000006,0.09715033254635932
0.6700000000000004,0.8900000000000006,0.09772831918396635
0.6700000000000004,0.8800000000000006,0.0983145698609559
0.6700000000000004,0.8700000000000006,0.09890920384679312
0.6700000000000004,0.8600000000000005,0.09951234189581311
0.6700000000000004,0.8500000000000005,0.10012410625141735
0.6700000000000004,0.8400000000000005,0.1007446206495304
0.6700000000000004,0.8300000000000005,0.10137401032127687
0.6700000000000004,0.8200000000000005,0.10201240199484066
0.6700000000000004,0.8100000000000005,0.10265992389646388
0.6700000000000004,0.8000000000000005,0.10331670575054522
0.6700000000000004,0.7900000000000005,0.10398287877879346
0.6700000000000004,0.7800000000000005,0.10465857569839282
0.6700000000000004,0.7700000000000005,0.10534393071913396
0.6700000000000004,0.7600000000000005,0.10603907953946472
0.6700000000000004,0.7500000000000004,0.10674415934141236
0.6700000000000004,0.7400000000000004,0.10745930878432876
0.6700000000000004,0.7300000000000004,0.10818466799740846
0.6700000000000004,0.7200000000000004,0.10892037857092851
0.6700000000000004,0.7100000000000004,0.10966658354615724
0.6700000000000004,0.7000000000000004,0.11042342740388027
0.6700000000000004,0.6900000000000004,0.11119105605148699
0.6700000000000004,0.6800000000000004,0.11196961680856445
0.6700000000000004,0.6700000000000004,0.11275925839094066
0.6700000000000004,0.6600000000000004,0.11356013089312052
0.6700000000000004,0.6500000000000004,0.11437238576905605
0.6700000000000004,0.6400000000000003,0.11519617581119201
0.6700000000000004,0.6300000000000003,0.11603165512772595
0.6700000000000004,0.6200000000000003,0.11687897911802361
0.6700000000000004,0.6100000000000003,0.11773830444612621
0.6700000000000004,0.6000000000000003,0.11860978901228968
0.6700000000000004,0.5900000000000003,0.11949359192249069
0.6700000000000004,0.5800000000000003,0.12038987345583929
0.6700000000000004,0.5700000000000003,0.12129879502983192
0.6700000000000004,0.5600000000000003,0.12222051916338238
0.6700000000000004,0.5500000000000003,0.12315520943756715
0.6700000000000004,0.5400000000000003,0.12410303045401926
0.6700000000000004,0.5300000000000002,0.12506414779090805
0.6700000000000004,0.5200000000000002,0.12603872795644083
0.6700000000000004,0.5100000000000002,0.12702693833982134
0.6700000000000004,0.5000000000000002,0.12802894715960378
0.6700000000000004,0.49000000000000027,0.1290449234093777
0.6700000000000004,0.48000000000000026,0.13007503680072288
0.6700000000000004,0.47000000000000025,0.13111945770337277
0.6700000000000004,0.46000000000000024,0.13217835708252604
0.6700000000000004,0.45000000000000023,0.13325190643324744
0.6700000000000004,0.4400000000000002,0.13434027771190094
0.6700000000000004,0.4300000000000002,0.13544364326455768
0.6700000000000004,0.4200000000000002,0.1365621757523266
0.6700000000000004,0.4100000000000002,0.13769604807355318
0.6700000000000004,0.4000000000000002,0.13884543328283871
0.6700000000000004,0.3900000000000002,0.1400105045068304
0.6700000000000004,0.38000000000000017,0.14119143485673882
0.6700000000000004,0.37000000000000016,0.1423883973375399
0.6700000000000004,0.36000000000000015,0.14360156475382357
0.6700000000000004,0.35000000000000014,0.14483110961225162
0.6700000000000004,0.34000000000000014,0.14607720402059604
0.6700000000000004,0.3300000000000001,0.14734001958332751
0.6700000000000004,0.3200000000000001,0.1486197272937314
0.6700000000000004,0.3100000000000001,0.1499164974225322
0.6700000000000004,0.3000000000000001,0.1512304994030128
0.6700000000000004,0.2900000000000001,0.15256190171261735
0.6700000000000004,0.2800000000000001,0.15391087175103682
0.6700000000000004,0.2700000000000001,0.15527757571477643
0.6700000000000004,0.26000000000000006,0.15666217846821456
0.6700000000000004,0.25000000000000006,0.15806484341116617
0.6700000000000004,0.24000000000000007,0.15948573234297236
0.6700000000000004,0.23000000000000007,0.16092500532314286
0.6700000000000004,0.22000000000000006,0.16238282052858635
0.6700000000000004,0.21000000000000005,0.16385933410747167
0.6700000000000004,0.20000000000000004,0.16535470002976857
0.6700000000000004,0.19000000000000003,0.1668690699345269
0.6700000000000004,0.18000000000000002,0.16840259297396093
0.6700000000000004,0.17,0.16995541565441274
0.6700000000000004,0.16,0.17152768167428015
0.6700000000000004,0.15,0.17311953175900024
0.6700000000000004,0.13999999999999999,0.17473110349319326
0.6700000000000004,0.12999999999999998,0.17636253115007622
0.6700000000000004,0.11999999999999998,0.1780139455182713
0.6700000000000004,0.10999999999999999,0.1796854737261378
0.6700000000000004,0.09999999999999999,0.18137723906377165
0.6700000000000004,0.09,0.18308936080282445
0.6700000000000004,0.08,0.18482195401430493
0.6700000000000004,0.07,0.1865751293845362
0.6700000000000004,0.060000000000000005,0.18834899302945302
0.6700000000000004,0.05,0.19014364630743474
0.6700000000000004,0.04,0.19195918563087894
0.6700000000000004,0.03,0.19379570227673137
0.6700000000000004,0.02,0.19565328219620234
0.6700000000000004,0.01,0.19753200582390418
0.6700000000000004,0,0.1994319478866595
0.6600000000000004,1.0000000000000007,0.09234996109590918
0.6600000000000004,0.9900000000000007,0.09285932948046276
0.6600000000000004,0.9800000000000006,0.09337596314038575
0.6600000000000004,0.9700000000000006,0.09389996839514791
0.6600000000000004,0.9600000000000006,0.09443145298479153
0.6600000000000004,0.9500000000000006,0.09497052607922034
0.6600000000000004,0.9400000000000006,0.09551729828704303
0.6600000000000004,0.9300000000000006,0.09607188166394107
0.6600000000000004,0.9200000000000006,0.096634389720532
0.6600000000000004,0.9100000000000006,0.09720493742969696
0.6600000000000004,0.9000000000000006,0.09778364123334035
0.6600000000000004,0.8900000000000006,0.0983706190485497
0.6600000000000004,0.8800000000000006,0.09896599027311971
0.6600000000000004,0.8700000000000006,0.09956987579040803
0.6600000000000004,0.8600000000000005,0.1001823979734835
0.6600000000000004,0.8500000000000005,0.10080368068853232
0.6600000000000004,0.8400000000000005,0.10143384929748107
0.6600000000000004,0.8300000000000005,0.10207303065979909
0.6600000000000004,0.8200000000000005,0.10272135313343732
0.6600000000000004,0.8100000000000005,0.10337894657486363
0.6600000000000004,0.8000000000000005,0.10404594233814982
0.6600000000000004,0.7900000000000005,0.10472247327306676
0.6600000000000004,0.7800000000000005,0.1054086737221419
0.6600000000000004,0.7700000000000005,0.10610467951663297
0.6600000000000004,0.7600000000000005,0.10681062797136923
0.6600000000000004,0.7500000000000004,0.10752665787841165
0.6600000000000004,0.7400000000000004,0.10825290949948256
0.6600000000000004,0.7300000000000004,0.10898952455711242
0.6600000000000004,0.7200000000000004,0.10973664622445208
0.6600000000000004,0.7100000000000004,0.11049441911369706
0.6600000000000004,0.7000000000000004,0.11126298926306898
0.6600000000000004,0.6900000000000004,0.11204250412229927
0.6600000000000004,0.6800000000000004,0.1128331125365577
0.6600000000000004,0.6700000000000004,0.11363496472876979
0.6600000000000004,0.6600000000000004,0.11444821228026242
0.6600000000000004,0.6500000000000004,0.1152730081096812
0.6600000000000004,0.6400000000000003,0.11610950645011686
0.6600000000000004,0.6300000000000003,0.116957862824382
0.6600000000000004,0.6200000000000003,0.11781823401837448
0.6600000000000004,0.6100000000000003,0.11869077805246823
0.6600000000000004,0.6000000000000003,0.11957565415086503
0.6600000000000004,0.5900000000000003,0.120473022708848
0.6600000000000004,0.5800000000000003,0.12138304525786951
0.6600000000000004,0.5700000000000003,0.12230588442841293
0.6600000000000004,0.5600000000000003,0.12324170391056166
0.6600000000000004,0.5500000000000003,0.1241906684122125
0.6600000000000004,0.5400000000000003,0.12515294361486912
0.6600000000000004,0.5300000000000002,0.1261286961269509
0.6600000000000004,0.5200000000000002,0.12711809343455513
0.6600000000000004,0.5100000000000002,0.1281213038496067
0.6600000000000004,0.5000000000000002,0.129138496455335
0.6600000000000004,0.49000000000000027,0.13016984104901458
0.6600000000000004,0.48000000000000026,0.13121550808190857
0.6600000000000004,0.47000000000000025,0.13227566859635553
0.6600000000000004,0.46000000000000024,0.13335049415993944
0.6600000000000004,0.45000000000000023,0.1344401567966867
0.6600000000000004,0.4400000000000002,0.13554482891523348
0.6600000000000004,0.4300000000000002,0.13666468323390907
0.6600000000000004,0.4200000000000002,0.13779989270268408
0.6600000000000004,0.4100000000000002,0.13895063042193256
0.6600000000000004,0.4000000000000002,0.14011706955796135
0.6600000000000004,0.3900000000000002,0.14129938325526128
0.6600000000000004,0.38000000000000017,0.14249774454543923
0.6600000000000004,0.37000000000000016,0.14371232625279146
0.6600000000000004,0.36000000000000015,0.14494330089648383
0.6600000000000004,0.35000000000000014,0.14619084058930668
0.6600000000000004,0.34000000000000014,0.14745511693297775
0.6600000000000004,0.3300000000000001,0.1487363009099687
0.6600000000000004,0.3200000000000001,0.15003456277183744
0.6600000000000004,0.3100000000000001,0.1513500719240521
0.6600000000000004,0.3000000000000001,0.15268299680729694
0.6600000000000004,0.2900000000000001,0.1540335047752586
0.6600000000000004,0.2800000000000001,0.15540176196889274
0.6600000000000004,0.2700000000000001,0.1567879331871811
0.6600000000000004,0.26000000000000006,0.1581921817543924
0.6600000000000004,0.25000000000000006,0.15961466938386917
0.6600000000000004,0.24000000000000007,0.16105555603836785
0.6600000000000004,0.23000000000000007,0.16251499978698752
0.6600000000000004,0.22000000000000006,0.16399315665873065
0.6600000000000004,0.21000000000000005,0.16549018049274553
0.6600000000000004,0.20000000000000004,0.1670062227853099
0.6600000000000004,0.19000000000000003,0.1685414325336225
0.6600000000000004,0.18000000000000002,0.17009595607647754
0.6600000000000004,0.17,0.17166993693190807
0.6600000000000004,0.16,0.17326351563189077
0.6600000000000004,0.15,0.17487682955421582
0.6600000000000004,0.13999999999999999,0.17651001275163486
0.6600000000000004,0.12999999999999998,0.17816319577840867
0.6600000000000004,0.11999999999999998,0.17983650551438912
0.6600000000000004,0.10999999999999999,0.18153006498677596
0.6600000000000004,0.09999999999999999,0.18324399318970366
0.6600000000000004,0.09,0.18497840490182066
0.6600000000000004,0.08,0.18673341050203685
0.6600000000000004,0.07,0.18850911578362292
0.6600000000000004,0.060000000000000005,0.19030562176685809
0.6600000000000004,0.05,0.19212302451043312
0.6600000000000004,0.04,0.19396141492182548
0.6600000000000004,0.03,0.19582087856687477
0.6600000000000004,0.02,0.19770149547879803
0.6600000000000004,0.01,0.19960333996689258
0.6600000000000004,0,0.2015264804251882
0.6500000000000004,1.0000000000000007,0.09290865675188686
0.6500000000000004,0.9900000000000007,0.09342593365707264
0.6500000000000004,0.9800000000000006,0.09395059114584499
0.6500000000000004,0.9700000000000006,0.09448273707963478
0.6500000000000004,0.9600000000000006,0.09502248075071408
0.6500000000000004,0.9500000000000006,0.09556993289100996
0.6500000000000004,0.9400000000000006,0.09612520568044211
0.6500000000000004,0.9300000000000006,0.09668841275475276
0.6500000000000004,0.9200000000000006,0.09725966921279895
0.6500000000000004,0.9100000000000006,0.09783909162327452
0.6500000000000004,0.9000000000000006,0.09842679803082903
0.6500000000000004,0.8900000000000006,0.09902290796154993
0.6500000000000004,0.8800000000000006,0.0996275424277719
0.6500000000000004,0.8700000000000006,0.1002408239321773
0.6500000000000004,0.8600000000000005,0.10086287647115064
0.6500000000000004,0.8500000000000005,0.101493825537348
0.6500000000000004,0.8400000000000005,0.10213379812144163
0.6500000000000004,0.8300000000000005,0.10278292271299913
0.6500000000000004,0.8200000000000005,0.10344132930045453
0.6500000000000004,0.8100000000000005,0.10410914937012852
0.6500000000000004,0.8000000000000005,0.10478651590425334
0.6500000000000004,0.7900000000000005,0.10547356337795606
0.6500000000000004,0.7800000000000005,0.10617042775515498
0.6500000000000004,0.7700000000000005,0.10687724648331896
0.6500000000000004,0.7600000000000005,0.1075941584870432
0.6500000000000004,0.7500000000000004,0.10832130416038893
0.6500000000000004,0.7400000000000004,0.10905882535793747
0.6500000000000004,0.7300000000000004,0.10980686538450465
0.6500000000000004,0.7200000000000004,0.11056556898346366
0.6500000000000004,0.7100000000000004,0.11133508232362058
0.6500000000000004,0.7000000000000004,0.11211555298458721
0.6500000000000004,0.6900000000000004,0.11290712994059529
0.6500000000000004,0.6800000000000004,0.11370996354269325
0.6500000000000004,0.6700000000000004,0.11452420549926837
0.6500000000000004,0.6600000000000004,0.11535000885483429
0.6500000000000004,0.6500000000000004,0.11618752796702357
0.6500000000000004,0.6400000000000003,0.11703691848172504
0.6500000000000004,0.6300000000000003,0.11789833730630353
0.6500000000000004,0.6200000000000003,0.11877194258084031
0.6500000000000004,0.6100000000000003,0.11965789364733175
0.6500000000000004,0.6000000000000003,0.12055635101678132
0.6500000000000004,0.5900000000000003,0.12146747633412378
0.6500000000000004,0.5800000000000003,0.12239143234091562
0.6500000000000004,0.5700000000000003,0.12332838283572793
0.6500000000000004,0.5600000000000003,0.1242784926321787
0.6500000000000004,0.5500000000000003,0.125241927514539
0.6500000000000004,0.5400000000000003,0.12621885419084974
0.6500000000000004,0.5300000000000002,0.127209440243485
0.6500000000000004,0.5200000000000002,0.12821385407709882
0.6500000000000004,0.5100000000000002,0.1292322648638926
0.6500000000000004,0.5000000000000002,0.13026484248614106
0.6500000000000004,0.49000000000000027,0.13131175747591575
0.6500000000000004,0.48000000000000026,0.13237318095194575
0.6500000000000004,0.47000000000000025,0.133449284553557
0.6500000000000004,0.46000000000000024,0.13454024037163273
0.6500000000000004,0.45000000000000023,0.135646220876539
0.6500000000000004,0.4400000000000002,0.13676739884296168
0.6500000000000004,0.4300000000000002,0.13790394727160227
0.6500000000000004,0.4200000000000002,0.13905603930768343
0.6500000000000004,0.4100000000000002,0.1402238481562167
0.6500000000000004,0.4000000000000002,0.14140754699398753
0.6500000000000004,0.3900000000000002,0.1426073088782165
0.6500000000000004,0.38000000000000017,0.14382330665185794
0.6500000000000004,0.37000000000000016,0.14505571284550126
0.6500000000000004,0.36000000000000015,0.14630469957584294
0.6500000000000004,0.35000000000000014,0.1475704384407032
0.6500000000000004,0.34000000000000014,0.14885310041056315
0.6500000000000004,0.3300000000000001,0.15015285571660494
0.6500000000000004,0.3200000000000001,0.15146987373524004
0.6500000000000004,0.3100000000000001,0.15280432286911869
0.6500000000000004,0.3000000000000001,0.15415637042461622
0.6500000000000004,0.2900000000000001,0.15552618248579958
0.6500000000000004,0.2800000000000001,0.15691392378488225
0.6500000000000004,0.2700000000000001,0.1583197575691834
0.6500000000000004,0.26000000000000006,0.1597438454646116
0.6500000000000004,0.25000000000000006,0.1611863473357029
0.6500000000000004,0.24000000000000007,0.16264742114224878
0.6500000000000004,0.23000000000000007,0.16412722279255637
0.6500000000000004,0.22000000000000006,0.1656259059933937
0.6500000000000004,0.21000000000000005,0.16714362209667769
0.6500000000000004,0.20000000000000004,0.16868051994297364
0.6500000000000004,0.19000000000000003,0.1702367457018819
0.6500000000000004,0.18000000000000002,0.17181244270939758
0.6500000000000004,0.17,0.17340775130233665
0.6500000000000004,0.16,0.1750228086499337
0.6500000000000004,0.15,0.17665774858272432
0.6500000000000004,0.13999999999999999,0.1783127014188346
0.6500000000000004,0.12999999999999998,0.1799877937878126
0.6500000000000004,0.11999999999999998,0.18168314845214487
0.6500000000000004,0.10999999999999999,0.183398884126612
0.6500000000000004,0.09999999999999999,0.185135115295648
0.6500000000000004,0.09,0.18689195202887812
0.6500000000000004,0.08,0.18866949979502295
0.6500000000000004,0.07,0.1904678592743624
0.6500000000000004,0.060000000000000005,0.19228712616997068
0.6500000000000004,0.05,0.19412739101793677
0.6500000000000004,0.04,0.1959887389968035
0.6500000000000004,0.03,0.1978712497364604
0.6500000000000004,0.02,0.1997749971267451
0.6500000000000004,0.01,0.20170004912601006
0.6500000000000004,0,0.20364646756992782
0.6400000000000003,1.0000000000000007,0.09347602157632488
0.6400000000000003,0.9900000000000007,0.09400133264792286
0.6400000000000003,0.9800000000000006,0.09453414128805171
0.6400000000000003,0.9700000000000006,0.09507455691136261
0.6400000000000003,0.9600000000000006,0.0956226903731063
0.6400000000000003,0.9500000000000006,0.09617865397743924
0.6400000000000003,0.9400000000000006,0.0967425614852201
0.6400000000000003,0.9300000000000006,0.09731452812126665
0.6400000000000003,0.9200000000000006,0.09789467058103919
0.6400000000000003,0.9100000000000006,0.09848310703671959
0.6400000000000003,0.9000000000000006,0.09907995714264921
0.6400000000000003,0.8900000000000006,0.09968534204009304
0.6400000000000003,0.8800000000000006,0.10029938436129147
0.6400000000000003,0.8700000000000006,0.10092220823276293
0.6400000000000003,0.8600000000000005,0.1015539392778188
0.6400000000000003,0.8500000000000005,0.1021947046182506
0.6400000000000003,0.8400000000000005,0.10284463287514839
0.6400000000000003,0.8300000000000005,0.10350385416880754
0.6400000000000003,0.8200000000000005,0.10417250011768209
0.6400000000000003,0.8100000000000005,0.1048507038363383
0.6400000000000003,0.8000000000000005,0.1055385999323642
0.6400000000000003,0.7900000000000005,0.10623632450218698
0.6400000000000003,0.7800000000000005,0.10694401512575151
0.6400000000000003,0.7700000000000005,0.10766181086000987
0.6400000000000003,0.7600000000000005,0.1083898522311714
0.6400000000000003,0.7500000000000004,0.10912828122566309
0.6400000000000003,0.7400000000000004,0.10987724127974641
0.6400000000000003,0.7300000000000004,0.11063687726773783
0.6400000000000003,0.7200000000000004,0.11140733548877751
0.6400000000000003,0.7100000000000004,0.11218876365209185
0.6400000000000003,0.7000000000000004,0.11298131086069149
0.6400000000000003,0.6900000000000004,0.11378512759344812
0.6400000000000003,0.6800000000000004,0.11460036568549219
0.6400000000000003,0.6700000000000004,0.11542717830686978
0.6400000000000003,0.6600000000000004,0.11626571993940127
0.6400000000000003,0.6500000000000004,0.11711614635167861
0.6400000000000003,0.6400000000000003,0.11797861457214032
0.6400000000000003,0.6300000000000003,0.11885328286016254
0.6400000000000003,0.6200000000000003,0.11974031067510148
0.6400000000000003,0.6100000000000003,0.12063985864322649
0.6400000000000003,0.6000000000000003,0.12155208852247726
0.6400000000000003,0.5900000000000003,0.12247716316498365
0.6400000000000003,0.5800000000000003,0.12341524647728229
0.6400000000000003,0.5700000000000003,0.12436650337816627
0.6400000000000003,0.5600000000000003,0.12533109975410425
0.6400000000000003,0.5500000000000003,0.12630920241216367
0.6400000000000003,0.5400000000000003,0.12730097903037596
0.6400000000000003,0.5300000000000002,0.128306598105479
0.6400000000000003,0.5200000000000002,0.12932622889797474
0.6400000000000003,0.5100000000000002,0.13036004137443982
0.6400000000000003,0.5000000000000002,0.13140820614702894
0.6400000000000003,0.49000000000000027,0.13247089441010867
0.6400000000000003,0.48000000000000026,0.13354827787396578
0.6400000000000003,0.47000000000000025,0.13464052869553064
0.6400000000000003,0.46000000000000024,0.13574781940606073
0.6400000000000003,0.45000000000000023,0.13687032283572997
0.6400000000000003,0.4400000000000002,0.13800821203507285
0.6400000000000003,0.4300000000000002,0.1391616601932322
0.6400000000000003,0.4200000000000002,0.14033084055296538
0.6400000000000003,0.4100000000000002,0.14151592632236246
0.6400000000000003,0.4000000000000002,0.14271709058323667
0.6400000000000003,0.3900000000000002,0.1439345061961477
0.6400000000000003,0.38000000000000017,0.14516834570202378
0.6400000000000003,0.37000000000000016,0.1464187812203509
0.6400000000000003,0.36000000000000015,0.1476859843439032
0.6400000000000003,0.35000000000000014,0.1489701260299902
0.6400000000000003,0.34000000000000014,0.15027137648820446
0.6400000000000003,0.3300000000000001,0.15158990506465506
0.6400000000000003,0.3200000000000001,0.1529258801226794
0.6400000000000003,0.3100000000000001,0.15427946892003075
0.6400000000000003,0.3000000000000001,0.15565083748254388
0.6400000000000003,0.2900000000000001,0.1570401504742885
0.6400000000000003,0.2800000000000001,0.15844757106422638
0.6400000000000003,0.2700000000000001,0.15987326078939265
0.6400000000000003,0.26000000000000006,0.16131737941463234
0.6400000000000003,0.25000000000000006,0.16278008478892694
0.6400000000000003,0.24000000000000007,0.16426153269835592
0.6400000000000003,0.23000000000000007,0.16576187671574408
0.6400000000000003,0.22000000000000006,0.167281268047055
0.6400000000000003,0.21000000000000005,0.1688198553745996
0.6400000000000003,0.20000000000000004,0.17037778469713483
0.6400000000000003,0.19000000000000003,0.17195519916694083
0.6400000000000003,0.18000000000000002,0.1735522389239698
0.6400000000000003,0.17,0.17516904092717211
0.6400000000000003,0.16,0.17680573878311398
0.6400000000000003,0.15,0.17846246257201007
0.6400000000000003,0.13999999999999999,0.18013933867130616
0.6400000000000003,0.12999999999999998,0.18183648957695642
0.6400000000000003,0.11999999999999998,0.18355403372254875
0.6400000000000003,0.10999999999999999,0.18529208529644578
0.6400000000000003,0.09999999999999999,0.18705075405711558
0.6400000000000003,0.09,0.188830145146841
0.6400000000000003,0.08,0.1906303589040026
0.6400000000000003,0.07,0.1924514906741464
0.6400000000000003,0.060000000000000005,0.19429363062005328
0.6400000000000003,0.05,0.19615686353104136
0.6400000000000003,0.04,0.19804126863174165
0.6400000000000003,0.03,0.19994691939059717
0.6400000000000003,0.02,0.20187388332834846
0.6400000000000003,0.01,0.20382222182677673
0.6400000000000003,0,0.20579198993798495
0.6300000000000003,1.0000000000000007,0.09405219311699677
0.6300000000000003,0.9900000000000007,0.09458566582738422
0.6300000000000003,0.9800000000000006,0.09512675478022727
0.6300000000000003,0.9700000000000006,0.09567557095410432
0.6300000000000003,0.9600000000000006,0.09623222677740582
0.6300000000000003,0.9500000000000006,0.09679683613609803
0.6300000000000003,0.9400000000000006,0.09736951438094257
0.6300000000000003,0.9300000000000006,0.09795037833414276
0.6300000000000003,0.9200000000000006,0.09853954629538066
0.6300000000000003,0.9100000000000006,0.0991371380472122
0.6300000000000003,0.9000000000000006,0.0997432748597846
0.6300000000000003,0.8900000000000006,0.10035807949483921
0.6300000000000003,0.8800000000000006,0.10098167620896224
0.6300000000000003,0.8700000000000006,0.10161419075604508
0.6300000000000003,0.8600000000000005,0.10225575038891307
0.6300000000000003,0.8500000000000005,0.10290648386008282
0.6300000000000003,0.8400000000000005,0.10356652142160497
0.6300000000000003,0.8300000000000005,0.10423599482394928
0.6300000000000003,0.8200000000000005,0.10491503731388731
0.6300000000000003,0.8100000000000005,0.10560378363132683
0.6300000000000003,0.8000000000000005,0.10630237000505129
0.6300000000000003,0.7900000000000005,0.10701093414731523
0.6300000000000003,0.7800000000000005,0.10772961524724833
0.6300000000000003,0.7700000000000005,0.10845855396301524
0.6300000000000003,0.7600000000000005,0.10919789241268173
0.6300000000000003,0.7500000000000004,0.10994777416373315
0.6300000000000003,0.7400000000000004,0.1107083442211922
0.6300000000000003,0.7300000000000004,0.11147974901428104
0.6300000000000003,0.7200000000000004,0.1122621363815718
0.6300000000000003,0.7100000000000004,0.11305565555456887
0.6300000000000003,0.7000000000000004,0.11386045713966529
0.6300000000000003,0.6900000000000004,0.11467669309841429
0.6300000000000003,0.6800000000000004,0.11550451672605659
0.6300000000000003,0.6700000000000004,0.11634408262824354
0.6300000000000003,0.6600000000000004,0.1171955466958941
0.6300000000000003,0.6500000000000004,0.11805906607812498
0.6300000000000003,0.6400000000000003,0.11893479915319051
0.6300000000000003,0.6300000000000003,0.11982290549737054
0.6300000000000003,0.6200000000000003,0.12072354585174148
0.6300000000000003,0.6100000000000003,0.12163688208676789
0.6300000000000003,0.6000000000000003,0.12256307716465052
0.6300000000000003,0.5900000000000003,0.12350229509936543
0.6300000000000003,0.5800000000000003,0.12445470091433171
0.6300000000000003,0.5700000000000003,0.12542046059764195
0.6300000000000003,0.5600000000000003,0.1263997410547924
0.6300000000000003,0.5500000000000003,0.1273927100588486
0.6300000000000003,0.5400000000000003,0.12839953619798317
0.6300000000000003,0.5300000000000002,0.12942038882032345
0.6300000000000003,0.5200000000000002,0.13045543797604645
0.6300000000000003,0.5100000000000002,0.13150485435666043
0.6300000000000003,0.5000000000000002,0.13256880923141315
0.6300000000000003,0.49000000000000027,0.133647474380767
0.6300000000000003,0.48000000000000026,0.1347410220268861
0.6300000000000003,0.47000000000000025,0.1358496247610763
0.6300000000000003,0.46000000000000024,0.13697345546812767
0.6300000000000003,0.45000000000000023,0.13811268724750533
0.6300000000000003,0.4400000000000002,0.13926749333134011
0.6300000000000003,0.4300000000000002,0.14043804699917184
0.6300000000000003,0.4200000000000002,0.14162452148940136
0.6300000000000003,0.4100000000000002,0.14282708990740897
0.6300000000000003,0.4000000000000002,0.1440459251303028
0.6300000000000003,0.3900000000000002,0.14528119970826125
0.6300000000000003,0.38000000000000017,0.14653308576243904
0.6300000000000003,0.37000000000000016,0.14780175487941108
0.6300000000000003,0.36000000000000015,0.14908737800213004
0.6300000000000003,0.35000000000000014,0.15039012531738105
0.6300000000000003,0.34000000000000014,0.15171016613972058
0.6300000000000003,0.3300000000000001,0.1530476687918904
0.6300000000000003,0.3200000000000001,0.15440280048170663
0.6300000000000003,0.3100000000000001,0.15577572717542404
0.6300000000000003,0.3000000000000001,0.15716661346758912
0.6300000000000003,0.2900000000000001,0.15857562244739426
0.6300000000000003,0.2800000000000001,0.1600029155615579
0.6300000000000003,0.2700000000000001,0.16144865247375884
0.6300000000000003,0.26000000000000006,0.16291299092066303
0.6300000000000003,0.25000000000000006,0.1643960865645854
0.6300000000000003,0.24000000000000007,0.16589809284284104
0.6300000000000003,0.23000000000000007,0.16741916081384448
0.6300000000000003,0.22000000000000006,0.16895943900002702
0.6300000000000003,0.21000000000000005,0.17051907322764973
0.6300000000000003,0.20000000000000004,0.17209820646359753
0.6300000000000003,0.19000000000000003,0.17369697864925238
0.6300000000000003,0.18000000000000002,0.17531552653154855
0.6300000000000003,0.17,0.1769539834913269
0.6300000000000003,0.16,0.17861247936911143
0.6300000000000003,0.15,0.18029114028844473
0.6300000000000003,0.13999999999999999,0.1819900884769265
0.6300000000000003,0.12999999999999998,0.18370944208511128
0.6300000000000003,0.11999999999999998,0.18544931500343173
0.6300000000000003,0.10999999999999999,0.1872098166773244
0.6300000000000003,0.09999999999999999,0.18899105192074522
0.6300000000000003,0.09,0.19079312072827398
0.6300000000000003,0.08,0.19261611808601634
0.6300000000000003,0.07,0.19446013378152413
0.6300000000000003,0.060000000000000005,0.1963252522129635
0.6300000000000003,0.05,0.19821155219777462
0.6300000000000003,0.04,0.2001191067810719
0.6300000000000003,0.03,0.20204798304405014
0.6300000000000003,0.02,0.20399824191266727
0.6300000000000003,0.01,0.20596993796688673
0.6300000000000003,0,0.20796311925077215
0.6200000000000003,1.0000000000000007,0.09463731091523045
0.6200000000000003,0.9900000000000007,0.09517907457662282
0.6200000000000003,0.9800000000000006,0.09572857485502656
0.6200000000000003,0.9700000000000006,0.09628592430306289
0.6200000000000003,0.9600000000000006,0.0968512369317945
0.6200000000000003,0.9500000000000006,0.09742462821790987
0.6200000000000003,0.9400000000000006,0.09800621511033003
0.6200000000000003,0.9300000000000006,0.09859611603620431
0.6200000000000003,0.9200000000000006,0.0991944509062622
0.6200000000000003,0.9100000000000006,0.09980134111948363
0.6200000000000003,0.9000000000000006,0.10041690956705264
0.6200000000000003,0.8900000000000006,0.10104128063555588
0.6200000000000003,0.8800000000000006,0.10167458020938741
0.6200000000000003,0.8700000000000006,0.10231693567231949
0.6200000000000003,0.8600000000000005,0.10296847590819802
0.6200000000000003,0.8500000000000005,0.10362933130072081
0.6200000000000003,0.8400000000000005,0.10429963373225429
0.6200000000000003,0.8300000000000005,0.10497951658164442
0.6200000000000003,0.8200000000000005,0.10566911472097633
0.6200000000000003,0.8100000000000005,0.10636856451123412
0.6200000000000003,0.8000000000000005,0.10707800379681456
0.6200000000000003,0.7900000000000005,0.10779757189884351
0.6200000000000003,0.7800000000000005,0.10852740960724605
0.6200000000000003,0.7700000000000005,0.10926765917151751
0.6200000000000003,0.7600000000000005,0.11001846429014298
0.6200000000000003,0.7500000000000004,0.11077997009861254
0.6200000000000003,0.7400000000000004,0.1115523231559754
0.6200000000000003,0.7300000000000004,0.11233567142987853
0.6200000000000003,0.7200000000000004,0.11313016428003263
0.6200000000000003,0.7100000000000004,0.11393595244004696
0.6200000000000003,0.7000000000000004,0.11475318799757525
0.6200000000000003,0.6900000000000004,0.11558202437271191
0.6200000000000003,0.6800000000000004,0.1164226162945798
0.6200000000000003,0.6700000000000004,0.11727511977604614
0.6200000000000003,0.6600000000000004,0.11813969208650704
0.6200000000000003,0.6500000000000004,0.11901649172267643
0.6200000000000003,0.6400000000000003,0.11990567837731735
0.6200000000000003,0.6300000000000003,0.12080741290585215
0.6200000000000003,0.6200000000000003,0.12172185729078677
0.6200000000000003,0.6100000000000003,0.12264917460388694
0.6200000000000003,0.6000000000000003,0.12358952896603924
0.6200000000000003,0.5900000000000003,0.12454308550473597
0.6200000000000003,0.5800000000000003,0.1255100103091171
0.6200000000000003,0.5700000000000003,0.12649047038250597
0.6200000000000003,0.5600000000000003,0.12748463359237538
0.6200000000000003,0.5500000000000003,0.12849266861768038
0.6200000000000003,0.5400000000000003,0.12951474489349485
0.6200000000000003,0.5300000000000002,0.13055103255289047
0.6200000000000003,0.5200000000000002,0.1316017023659967
0.6200000000000003,0.5100000000000002,0.13266692567618127
0.6200000000000003,0.5000000000000002,0.13374687433329385
0.6200000000000003,0.49000000000000027,0.1348417206239143
0.6200000000000003,0.48000000000000026,0.13595163719855058
0.6200000000000003,0.47000000000000025,0.13707679699573244
0.6200000000000003,0.46000000000000024,0.13821737316294957
0.6200000000000003,0.45000000000000023,0.1393735389743841
0.6200000000000003,0.4400000000000002,0.14054546774539142
0.6200000000000003,0.4300000000000002,0.1417333327436846
0.6200000000000003,0.4200000000000002,0.1429373070971817
0.6200000000000003,0.4100000000000002,0.14415756369847796
0.6200000000000003,0.4000000000000002,0.14539427510590894
0.6200000000000003,0.3900000000000002,0.14664761344117322
0.6200000000000003,0.38000000000000017,0.14791775028348905
0.6200000000000003,0.37000000000000016,0.1492048565602627
0.6200000000000003,0.36000000000000015,0.1505091024342499
0.6200000000000003,0.35000000000000014,0.15183065718719996
0.6200000000000003,0.34000000000000014,0.1531696890999722
0.6200000000000003,0.3300000000000001,0.15452636532912575
0.6200000000000003,0.3200000000000001,0.1559008517799843
0.6200000000000003,0.3100000000000001,0.15729331297618673
0.6200000000000003,0.3000000000000001,0.15870391192574052
0.6200000000000003,0.2900000000000001,0.1601328099835996
0.6200000000000003,0.2800000000000001,0.16158016671079803
0.6200000000000003,0.2700000000000001,0.163046139730176
0.6200000000000003,0.26000000000000006,0.164530884578744
0.6200000000000003,0.25000000000000006,0.16603455455673685
0.6200000000000003,0.24000000000000007,0.1675573005734204
0.6200000000000003,0.23000000000000007,0.16909927098971816
0.6200000000000003,0.22000000000000006,0.17066061145773861
0.6200000000000003,0.21000000000000005,0.1722414647572886
0.6200000000000003,0.20000000000000004,0.17384197062947
0.6200000000000003,0.19000000000000003,0.17546226560746628
0.6200000000000003,0.18000000000000002,0.17710248284463392
0.6200000000000003,0.17,0.17876275194002447
0.6200000000000003,0.16,0.1804431987614735
0.6200000000000003,0.15,0.1821439452664024
0.6200000000000003,0.13999999999999999,0.1838651093204894
0.6200000000000003,0.12999999999999998,0.18560680451437683
0.6200000000000003,0.11999999999999998,0.1873691399785933
0.6200000000000003,0.10999999999999999,0.1891522201968776
0.6200000000000003,0.09999999999999999,0.1909561448181061
0.6200000000000003,0.09,0.19278100846703108
0.6200000000000003,0.08,0.1946269005540537
0.6200000000000003,0.07,0.19649390508426048
0.6200000000000003,0.060000000000000005,0.19838210046596852
0.6200000000000003,0.05,0.20029155931902978
0.6200000000000003,0.04,0.20222234828315985
0.6200000000000003,0.03,0.20417452782656295
0.6200000000000003,0.02,0.2061481520551379
0.6200000000000003,0.01,0.20814326852255746
0.6200000000000003,0,0.210159918041523
0.6100000000000003,1.0000000000000007,0.09523151652011683
0.6100000000000003,0.9900000000000007,0.09578170229714562
0.6100000000000003,0.9800000000000006,0.09633974677737768
0.6100000000000003,0.9700000000000006,0.09690576409696089
0.6100000000000003,0.9600000000000006,0.09747986985849143
0.6100000000000003,0.9500000000000006,0.09806218113758164
0.6100000000000003,0.9400000000000006,0.09865281648881427
0.6100000000000003,0.9300000000000006,0.09925189595104988
0.6100000000000003,0.9200000000000006,0.09985954105205012
0.6100000000000003,0.9100000000000006,0.1004758748123822
0.6100000000000003,0.9000000000000006,0.10110102174856406
0.6100000000000003,0.8900000000000006,0.10173510787541395
0.6100000000000003,0.8800000000000006,0.10237826070756241
0.6100000000000003,0.8700000000000006,0.10303060926008577
0.6100000000000003,0.8600000000000005,0.10369228404821917
0.6100000000000003,0.8500000000000005,0.1043634170861047
0.6100000000000003,0.8400000000000005,0.10504414188453066
0.6100000000000003,0.8300000000000005,0.10573459344761447
0.6100000000000003,0.8200000000000005,0.1064349082683843
0.6100000000000003,0.8100000000000005,0.10714522432320892
0.6100000000000003,0.8000000000000005,0.10786568106502738
0.6100000000000003,0.7900000000000005,0.10859641941532794
0.6100000000000003,0.7800000000000005,0.1093375817548239
0.6100000000000003,0.7700000000000005,0.1100893119127745
0.6100000000000003,0.7600000000000005,0.11085175515489545
0.6100000000000003,0.7500000000000004,0.111625058169806
0.6100000000000003,0.7400000000000004,0.11240936905395467
0.6100000000000003,0.7300000000000004,0.11320483729496808
0.6100000000000003,0.7200000000000004,0.11401161375336466
0.6100000000000003,0.7100000000000004,0.1148298506425732
0.6100000000000003,0.7000000000000004,0.11565970150719877
0.6100000000000003,0.6900000000000004,0.11650132119947318
0.6100000000000003,0.6800000000000004,0.11735486585383036
0.6100000000000003,0.6700000000000004,0.11822049285954421
0.6100000000000003,0.6600000000000004,0.11909836083136624
0.6100000000000003,0.6500000000000004,0.11998862957810005
0.6100000000000003,0.6400000000000003,0.12089146006904923
0.6100000000000003,0.6300000000000003,0.12180701439827475
0.6100000000000003,0.6200000000000003,0.12273545574659786
0.6100000000000003,0.6100000000000003,0.12367694834128375
0.6100000000000003,0.6000000000000003,0.12463165741334178
0.6100000000000003,0.5900000000000003,0.12559974915237898
0.6100000000000003,0.5800000000000003,0.1265813906589409
0.6100000000000003,0.5700000000000003,0.1275767498942773
0.6100000000000003,0.5600000000000003,0.12858599562746953
0.6100000000000003,0.5500000000000003,0.1296092973798557
0.6100000000000003,0.5400000000000003,0.13064682536669273
0.6100000000000003,0.5300000000000002,0.13169875043599455
0.6100000000000003,0.5200000000000002,0.13276524400448475
0.6100000000000003,0.5100000000000002,0.13384647799060725
0.6100000000000003,0.5000000000000002,0.13494262474453642
0.6100000000000003,0.49000000000000027,0.1360538569751315
0.6100000000000003,0.48000000000000026,0.1371803476737818
0.6100000000000003,0.47000000000000025,0.13832227003509126
0.6100000000000003,0.46000000000000024,0.13947979737435282
0.6100000000000003,0.45000000000000023,0.14065310304176598
0.6100000000000003,0.4400000000000002,0.14184236033335368
0.6100000000000003,0.4300000000000002,0.14304774239853785
0.6100000000000003,0.4200000000000002,0.14426942214433577
0.6100000000000003,0.4100000000000002,0.14550757213614274
0.6100000000000003,0.4000000000000002,0.1467623644950718
0.6100000000000003,0.3900000000000002,0.14803397079182337
0.6100000000000003,0.38000000000000017,0.1493225619370631
0.6100000000000003,0.37000000000000016,0.15062830806829147
0.6100000000000003,0.36000000000000015,0.1519513784331915
0.6100000000000003,0.35000000000000014,0.1532919412694491
0.6100000000000003,0.34000000000000014,0.15465016368104287
0.6100000000000003,0.3300000000000001,0.1560262115110093
0.6100000000000003,0.3200000000000001,0.15742024921069198
0.6100000000000003,0.3100000000000001,0.15883243970549335
0.6100000000000003,0.3000000000000001,0.16026294425715146
0.6100000000000003,0.2900000000000001,0.16171192232257256
0.6100000000000003,0.2800000000000001,0.16317953140925762
0.6100000000000003,0.2700000000000001,0.1646659269273684
0.6100000000000003,0.26000000000000006,0.1661712620384856
0.6100000000000003,0.25000000000000006,0.16769568750112288
0.6100000000000003,0.24000000000000007,0.16923935151306435
0.6100000000000003,0.23000000000000007,0.17080239955060628
0.6100000000000003,0.22000000000000006,0.17238497420479043
0.6100000000000003,0.21000000000000005,0.1739872150147262
0.6100000000000003,0.20000000000000004,0.1756092582981084
0.6100000000000003,0.19000000000000003,0.17725123697904746
0.6100000000000003,0.18000000000000002,0.1789132804133377
0.6100000000000003,0.17,0.18059551421130185
0.6100000000000003,0.16,0.18229806005835672
0.6100000000000003,0.15,0.18402103553345892
0.6100000000000003,0.13999999999999999,0.1857645539255986
0.6100000000000003,0.12999999999999998,0.18752872404851814
0.6100000000000003,0.11999999999999998,0.18931365005384787
0.6100000000000003,0.10999999999999999,0.19111943124285674
0.6100000000000003,0.09999999999999999,0.19294616187702987
0.6100000000000003,0.09,0.19479393098769548
0.6100000000000003,0.08,0.1966628221849324
0.6100000000000003,0.07,0.19855291346600265
0.6100000000000003,0.060000000000000005,0.20046427702356226
0.6100000000000003,0.05,0.20239697905391468
0.6100000000000003,0.04,0.20435107956558085
0.6100000000000003,0.03,0.20632663218847136
0.6100000000000003,0.02,0.20832368398395237
0.6100000000000003,0.01,0.21034227525611168
0.6100000000000003,0,0.2123824393645334
0.6000000000000003,1.0000000000000007,0.09583495350198305
0.6000000000000003,0.9900000000000007,0.09639369442356358
0.6000000000000003,0.9800000000000006,0.09696041785649075
0.6000000000000003,0.9700000000000006,0.09753523952924863
0.6000000000000003,0.9600000000000006,0.09811827664411318
0.6000000000000003,0.9500000000000006,0.09870964788306504
0.6000000000000003,0.9400000000000006,0.09930947341305217
0.6000000000000003,0.9300000000000006,0.09991787489056603
0.6000000000000003,0.9200000000000006,0.10053497546549528
0.6000000000000003,0.9100000000000006,0.10116089978421894
0.6000000000000003,0.9000000000000006,0.10179577399189946
0.6000000000000003,0.8900000000000006,0.1024397257339353
0.6000000000000003,0.8800000000000006,0.1030928841565328
0.6000000000000003,0.8700000000000006,0.10375537990635282
0.6000000000000003,0.8600000000000005,0.10442734512919077
0.6000000000000003,0.8500000000000005,0.1051089134676424
0.6000000000000003,0.8400000000000005,0.10580022005771163
0.6000000000000003,0.8300000000000005,0.10650140152431148
0.6000000000000003,0.8200000000000005,0.10721259597561085
0.6000000000000003,0.8100000000000005,0.10793394299617672
0.6000000000000003,0.8000000000000005,0.1086655836388612
0.6000000000000003,0.7900000000000005,0.10940766041538243
0.6000000000000003,0.7800000000000005,0.11016031728554496
0.6000000000000003,0.7700000000000005,0.11092369964504672
0.6000000000000003,0.7600000000000005,0.11169795431181741
0.6000000000000003,0.7500000000000004,0.11248322951083124
0.6000000000000003,0.7400000000000004,0.11327967485733854
0.6000000000000003,0.7300000000000004,0.11408744133845662
0.6000000000000003,0.7200000000000004,0.11490668129306189
0.6000000000000003,0.7100000000000004,0.11573754838992355
0.6000000000000003,0.7000000000000004,0.11658019760401761
0.6000000000000003,0.6900000000000004,0.11743478519096016
0.6000000000000003,0.6800000000000004,0.11830146865949868
0.6000000000000003,0.6700000000000004,0.11918040674199715
0.6000000000000003,0.6600000000000004,0.12007175936285369
0.6000000000000003,0.6500000000000004,0.12097568760478576
0.6000000000000003,0.6400000000000003,0.12189235367291963
0.6000000000000003,0.6300000000000003,0.12282192085661982
0.6000000000000003,0.6200000000000003,0.12376455348899412
0.6000000000000003,0.6100000000000003,0.12472041690401013
0.6000000000000003,0.6000000000000003,0.1256896773911581
0.6000000000000003,0.5900000000000003,0.12667250214759726
0.6000000000000003,0.5800000000000003,0.1276690592277206
0.6000000000000003,0.5700000000000003,0.12867951749007592
0.6000000000000003,0.5600000000000003,0.1297040465415795
0.6000000000000003,0.5500000000000003,0.13074281667896068
0.6000000000000003,0.5400000000000003,0.13179599882737725
0.6000000000000003,0.5300000000000002,0.1328637644761405
0.6000000000000003,0.5200000000000002,0.13394628561149202
0.6000000000000003,0.5100000000000002,0.13504373464637517
0.6000000000000003,0.5000000000000002,0.13615628434714586
0.6000000000000003,0.49000000000000027,0.13728410775716882
0.6000000000000003,0.48000000000000026,0.13842737811724795
0.6000000000000003,0.47000000000000025,0.1395862687828421
0.6000000000000003,0.46000000000000024,0.14076095313801948
0.6000000000000003,0.45000000000000023,0.14195160450610636
0.6000000000000003,0.4400000000000002,0.14315839605699068
0.6000000000000003,0.4300000000000002,0.144381500711042
0.6000000000000003,0.4200000000000002,0.14562109103961407
0.6000000000000003,0.4100000000000002,0.14687733916210088
0.6000000000000003,0.4000000000000002,0.1481504166395191
0.6000000000000003,0.3900000000000002,0.149440494364596
0.6000000000000003,0.38000000000000017,0.1507477424483459
0.6000000000000003,0.37000000000000016,0.15207233010312296
0.6000000000000003,0.36000000000000015,0.15341442552214396
0.6000000000000003,0.35000000000000014,0.15477419575547963
0.6000000000000003,0.34000000000000014,0.15615180658251882
0.6000000000000003,0.3300000000000001,0.15754742238091785
0.6000000000000003,0.3200000000000001,0.1589612059920502
0.6000000000000003,0.3100000000000001,0.16039331858298256
0.6000000000000003,0.3000000000000001,0.16184391950500648
0.6000000000000003,0.2900000000000001,0.16331316614876623
0.6000000000000003,0.2800000000000001,0.1648012137960267
0.6000000000000003,0.2700000000000001,0.16630821546813707
0.6000000000000003,0.26000000000000006,0.1678343217712519
0.6000000000000003,0.25000000000000006,0.1693796807383804
0.6000000000000003,0.24000000000000007,0.1709444376683436
0.6000000000000003,0.23000000000000007,0.17252873496172852
0.6000000000000003,0.22000000000000006,0.17413271195393595
0.6000000000000003,0.21000000000000005,0.1757565047454316
0.6000000000000003,0.20000000000000004,0.17740024602931506
0.6000000000000003,0.19000000000000003,0.17906406491633656
0.6000000000000003,0.18000000000000002,0.18074808675749723
0.6000000000000003,0.17,0.18245243296438077
0.6000000000000003,0.16,0.1841772208273755
0.6000000000000003,0.15,0.18592256333195464
0.6000000000000003,0.13999999999999999,0.18768856897319572
0.6000000000000003,0.12999999999999998,0.18947534156872703
0.6000000000000003,0.11999999999999998,0.1912829800703054
0.6000000000000003,0.10999999999999999,0.19311157837423393
0.6000000000000003,0.09999999999999999,0.19496122513084554
0.6000000000000003,0.09,0.19683200355328268
0.6000000000000003,0.08,0.19872399122582055
0.6000000000000003,0.07,0.2006372599119859
0.6000000000000003,0.060000000000000005,0.2025718753627377
0.6000000000000003,0.05,0.20452789712498565
0.6000000000000003,0.04,0.20650537835072913
0.6000000000000003,0.03,0.20850436560711474
0.6000000000000003,0.02,0.2105248986877139
0.6000000000000003,0.01,0.2125670104253346
0.6000000000000003,0,0.2146307265066888
0.5900000000000003,1.0000000000000007,0.09644776746507866
0.5900000000000003,0.9900000000000007,0.09701519843551919
0.5900000000000003,0.9800000000000006,0.09759073745698062
0.5900000000000003,0.9700000000000006,0.09817450185837386
0.5900000000000003,0.9600000000000006,0.0987666104490408
0.5900000000000003,0.9500000000000006,0.09936718352397152
0.5900000000000003,0.9400000000000006,0.09997634286833358
0.5900000000000003,0.9300000000000006,0.10059421176127487
0.5900000000000003,0.9200000000000006,0.10122091497896345
0.5900000000000003,0.9100000000000006,0.10185657879682389
0.5900000000000003,0.9000000000000006,0.10250133099093127
0.5900000000000003,0.8900000000000006,0.10315530083851931
0.5900000000000003,0.8800000000000006,0.10381861911756197
0.5900000000000003,0.8700000000000006,0.10449141810538314
0.5900000000000003,0.8600000000000005,0.10517383157625017
0.5900000000000003,0.8500000000000005,0.10586599479790487
0.5900000000000003,0.8400000000000005,0.10656804452698454
0.5900000000000003,0.8300000000000005,0.10728011900328431
0.5900000000000003,0.8200000000000005,0.10800235794281153
0.5900000000000003,0.8100000000000005,0.10873490252958123
0.5900000000000003,0.8000000000000005,0.10947789540610031
0.5900000000000003,0.7900000000000005,0.1102314806624881
0.5900000000000003,0.7800000000000005,0.11099580382417906
0.5900000000000003,0.7700000000000005,0.11177101183815118
0.5900000000000003,0.7600000000000005,0.1125572530576264
0.5900000000000003,0.7500000000000004,0.11335467722518346
0.5900000000000003,0.7400000000000004,0.11416343545422605
0.5900000000000003,0.7300000000000004,0.11498368020874797
0.5900000000000003,0.7200000000000004,0.11581556528133372
0.5900000000000003,0.7100000000000004,0.11665924576933569
0.5900000000000003,0.7000000000000004,0.1175148780491649
0.5900000000000003,0.6900000000000004,0.1183826197486349
0.5900000000000003,0.6800000000000004,0.11926262971729457
0.5900000000000003,0.6700000000000004,0.12015506799468738
0.5900000000000003,0.6600000000000004,0.12106009577647404
0.5900000000000003,0.6500000000000004,0.12197787537835326
0.5900000000000003,0.6400000000000003,0.12290857019771727
0.5900000000000003,0.6300000000000003,0.12385234467297775
0.5900000000000003,0.6200000000000003,0.12480936424049739
0.5900000000000003,0.6100000000000003,0.1257797952890629
0.5900000000000003,0.6000000000000003,0.12676380511183521
0.5900000000000003,0.5900000000000003,0.12776156185571313
0.5900000000000003,0.5800000000000003,0.12877323446804773
0.5900000000000003,0.5700000000000003,0.1297989926406434
0.5900000000000003,0.5600000000000003,0.13083900675098534
0.5900000000000003,0.5500000000000003,0.13189344780063106
0.5900000000000003,0.5400000000000003,0.13296248735070734
0.5900000000000003,0.5300000000000002,0.1340462974544529
0.5900000000000003,0.5200000000000002,0.13514505058675097
0.5900000000000003,0.5100000000000002,0.1362589195705955
0.5900000000000003,0.5000000000000002,0.13738807750043813
0.5900000000000003,0.49000000000000027,0.13853269766236442
0.5900000000000003,0.48000000000000026,0.13969295345105054
0.5900000000000003,0.47000000000000025,0.14086901828345347
0.5900000000000003,0.46000000000000024,0.14206106550919229
0.5900000000000003,0.45000000000000023,0.14326926831757877
0.5900000000000003,0.4400000000000002,0.14449379964126094
0.5900000000000003,0.4300000000000002,0.14573483205644538
0.5900000000000003,0.4200000000000002,0.14699253767966922
0.5900000000000003,0.4100000000000002,0.14826708806109554
0.5900000000000003,0.4000000000000002,0.14955865407431065
0.5900000000000003,0.3900000000000002,0.1508674058026082
0.5900000000000003,0.38000000000000017,0.1521935124217464
0.5900000000000003,0.37000000000000016,0.15353714207917316
0.5900000000000003,0.36000000000000015,0.1548984617697191
0.5900000000000003,0.35000000000000014,0.15627763720776192
0.5900000000000003,0.34000000000000014,0.1576748326958741
0.5900000000000003,0.3300000000000001,0.15909021098997217
0.5900000000000003,0.3200000000000001,0.16052393316099173
0.5900000000000003,0.3100000000000001,0.16197615845311938
0.5900000000000003,0.3000000000000001,0.1634470441386209
0.5900000000000003,0.2900000000000001,0.16493674536931288
0.5900000000000003,0.2800000000000001,0.16644541502473129
0.5900000000000003,0.2700000000000001,0.16797320355706125
0.5900000000000003,0.26000000000000006,0.16952025883289834
0.5900000000000003,0.25000000000000006,0.17108672597192204
0.5900000000000003,0.24000000000000007,0.1726727471825713
0.5900000000000003,0.23000000000000007,0.1742784615948197
0.5900000000000003,0.22000000000000006,0.17590400509015983
0.5900000000000003,0.21000000000000005,0.17754951012891343
0.5900000000000003,0.20000000000000004,0.17921510557499684
0.5900000000000003,0.19000000000000003,0.18090091651827866
0.5900000000000003,0.18000000000000002,0.18260706409467883
0.5900000000000003,0.17,0.18433366530416798
0.5900000000000003,0.16,0.18608083282683724
0.5900000000000003,0.15,0.1878486748372175
0.5900000000000003,0.13999999999999999,0.1896372948170413
0.5900000000000003,0.12999999999999998,0.19144679136664727
0.5900000000000003,0.11999999999999998,0.19327725801524093
0.5900000000000003,0.10999999999999999,0.19512878303023665
0.5900000000000003,0.09999999999999999,0.19700144922591217
0.5900000000000003,0.09,0.19889533377162383
0.5900000000000003,0.08,0.20081050799983616
0.5900000000000003,0.07,0.20274703721423273
0.5900000000000003,0.060000000000000005,0.2047049804981839
0.5900000000000003,0.05,0.20668439052385715
0.5900000000000003,0.04,0.2086853133622679
0.5900000000000003,0.03,0.21070778829457126
0.5900000000000003,0.02,0.21275184762491384
0.5900000000000003,0.01,0.2148175164951637
0.5900000000000003,0,0.21690481270185086
0.5800000000000003,1.0000000000000007,0.09707010605942169
0.5800000000000003,0.9900000000000007,0.09764636386872336
0.5800000000000003,0.9800000000000006,0.09823085700904588
0.5800000000000003,0.9700000000000006,0.09882370441705422
0.5800000000000003,0.9600000000000006,0.09942502651573439
0.5800000000000003,0.9500000000000006,0.10003494521887489
0.5800000000000003,0.9400000000000006,0.10065358393481881
0.5800000000000003,0.9300000000000006,0.10128106756944955
0.5800000000000003,0.9200000000000006,0.10191752252837115
0.5800000000000003,0.9100000000000006,0.10256307671824143
0.5800000000000003,0.9000000000000006,0.10321785954721797
0.5800000000000003,0.8900000000000006,0.1038820019244727
0.5800000000000003,0.8800000000000006,0.1045556362587319
0.5800000000000003,0.8700000000000006,0.10523889645579661
0.5800000000000003,0.8600000000000005,0.10593191791499651
0.5800000000000003,0.8500000000000005,0.10663483752453008
0.5800000000000003,0.8400000000000005,0.10734779365564302
0.5800000000000003,0.8300000000000005,0.10807092615559359
0.5800000000000003,0.8200000000000005,0.10880437633935618
0.5800000000000003,0.8100000000000005,0.1095482869800087
0.5800000000000003,0.8000000000000005,0.11030280229775268
0.5800000000000003,0.7900000000000005,0.1110680679475102
0.5800000000000003,0.7800000000000005,0.11184423100504387
0.5800000000000003,0.7700000000000005,0.11263143995154254
0.5800000000000003,0.7600000000000005,0.11342984465661561
0.5800000000000003,0.7500000000000004,0.11423959635963844
0.5800000000000003,0.7400000000000004,0.11506084764938884
0.5800000000000003,0.7300000000000004,0.11589375244191535
0.5800000000000003,0.7200000000000004,0.116738465956576
0.5800000000000003,0.7100000000000004,0.11759514469018677
0.5800000000000003,0.7000000000000004,0.1184639463892171
0.5800000000000003,0.6900000000000004,0.11934503001996967
0.5800000000000003,0.6800000000000004,0.12023855573668164
0.5800000000000003,0.6700000000000004,0.12114468484748296
0.5800000000000003,0.6600000000000004,0.12206357977814872
0.5800000000000003,0.6500000000000004,0.12299540403358006
0.5800000000000003,0.6400000000000003,0.12394032215695049
0.5800000000000003,0.6300000000000003,0.1248984996864518
0.5800000000000003,0.6200000000000003,0.12587010310957641
0.5800000000000003,0.6100000000000003,0.12685529981487162
0.5800000000000003,0.6000000000000003,0.12785425804110112
0.5800000000000003,0.5900000000000003,0.1288671468237522
0.5800000000000003,0.5800000000000003,0.12989413593882415
0.5800000000000003,0.5700000000000003,0.13093539584383726
0.5800000000000003,0.5600000000000003,0.13199109761600109
0.5800000000000003,0.5500000000000003,0.13306141288748174
0.5800000000000003,0.5400000000000003,0.1341465137777108
0.5800000000000003,0.5300000000000002,0.13524657282267802
0.5800000000000003,0.5200000000000002,0.13636176290115276
0.5800000000000003,0.5100000000000002,0.1374922571577814
0.5800000000000003,0.5000000000000002,0.13863822892300864
0.5800000000000003,0.49000000000000027,0.13979985162977487
0.5800000000000003,0.48000000000000026,0.14097729872694245
0.5800000000000003,0.47000000000000025,0.14217074358940818
0.5800000000000003,0.46000000000000024,0.14338035942486138
0.5800000000000003,0.45000000000000023,0.14460631917715042
0.5800000000000003,0.4400000000000002,0.145848795426225
0.5800000000000003,0.4300000000000002,0.14710796028462336
0.5800000000000003,0.4200000000000002,0.14838398529048064
0.5800000000000003,0.4100000000000002,0.14967704129703602
0.5800000000000003,0.4000000000000002,0.1509872983586232
0.5800000000000003,0.3900000000000002,0.15231492561313278
0.5800000000000003,0.38000000000000017,0.15366009116094068
0.5800000000000003,0.37000000000000016,0.1550229619403011
0.5800000000000003,0.36000000000000015,0.15640370359921185
0.5800000000000003,0.35000000000000014,0.15780248036376165
0.5800000000000003,0.34000000000000014,0.15921945490297812
0.5800000000000003,0.3300000000000001,0.16065478819020224
0.5800000000000003,0.3200000000000001,0.16210863936102074
0.5800000000000003,0.3100000000000001,0.16358116556779584
0.5800000000000003,0.3000000000000001,0.16507252183084034
0.5800000000000003,0.2900000000000001,0.16658286088629204
0.5800000000000003,0.2800000000000001,0.16811233303075263
0.5800000000000003,0.2700000000000001,0.16966108596276155
0.5800000000000003,0.26000000000000006,0.1712292646211873
0.5800000000000003,0.25000000000000006,0.17281701102062424
0.5800000000000003,0.24000000000000007,0.1744244640838969
0.5800000000000003,0.23000000000000007,0.17605175947177826
0.5800000000000003,0.22000000000000006,0.17769902941004215
0.5800000000000003,0.21000000000000005,0.17936640251397867
0.5800000000000003,0.20000000000000004,0.18105400361051058
0.5800000000000003,0.19000000000000003,0.18276195355806119
0.5800000000000003,0.18000000000000002,0.18449036906433267
0.5800000000000003,0.17,0.18623936250216594
0.5800000000000003,0.16,0.1880090417236635
0.5800000000000003,0.15,0.18979950987276595
0.5800000000000003,0.13999999999999999,0.19161086519648685
0.5800000000000003,0.12999999999999998,0.1934432008550183
0.5800000000000003,0.11999999999999998,0.19529660473093216
0.5800000000000003,0.10999999999999999,0.19717115923771275
0.5800000000000003,0.09999999999999999,0.19906694112786588
0.5800000000000003,0.09,0.2009840213008616
0.5800000000000003,0.08,0.20292246461117727
0.5800000000000003,0.07,0.2048823296767177
0.5800000000000003,0.060000000000000005,0.20686366868789932
0.5800000000000003,0.05,0.20886652721769566
0.5800000000000003,0.04,0.21089094403294842
0.5800000000000003,0.03,0.2129369509072599
0.5800000000000003,0.02,0.2150045724357899
0.5800000000000003,0.01,0.21709382585228706
0.5800000000000003,0,0.21920472084869427
0.5700000000000003,1.0000000000000007,0.0977021189917488
0.5700000000000003,0.9900000000000007,0.09828734232504326
0.5700000000000003,0.9800000000000006,0.09888093001764574
0.5700000000000003,0.9700000000000006,0.09948300262049047
0.5700000000000003,0.9600000000000006,0.10009368217593044
0.5700000000000003,0.9500000000000006,0.10071309222143822
0.5700000000000003,0.9400000000000006,0.1013413577925379
0.5700000000000003,0.9300000000000006,0.10197860542492784
0.5700000000000003,0.9200000000000006,0.10262496315575412
0.5700000000000003,0.9100000000000006,0.10328056052399227
0.5700000000000003,0.9000000000000006,0.10394552856989561
0.5700000000000003,0.8900000000000006,0.10461999983346512
0.5700000000000003,0.8800000000000006,0.10530410835189553
0.5700000000000003,0.8700000000000006,0.10599798965595239
0.5700000000000003,0.8600000000000005,0.10670178076523074
0.5700000000000003,0.8500000000000005,0.10741562018224865
0.5700000000000003,0.8400000000000005,0.10813964788532417
0.5700000000000003,0.8300000000000005,0.10887400532018542
0.5700000000000003,0.8200000000000005,0.10961883539026124
0.5700000000000003,0.8100000000000005,0.11037428244559992
0.5700000000000003,0.8000000000000005,0.11114049227036103
0.5700000000000003,0.7900000000000005,0.11191761206882503
0.5700000000000003,0.7800000000000005,0.11270579044986442
0.5700000000000003,0.7700000000000005,0.11350517740981952
0.5700000000000003,0.7600000000000005,0.11431592431371934
0.5700000000000003,0.7500000000000004,0.11513818387479043
0.5700000000000003,0.7400000000000004,0.11597211013219068
0.5700000000000003,0.7300000000000004,0.11681785842691082
0.5700000000000003,0.7200000000000004,0.11767558537577857
0.5700000000000003,0.7100000000000004,0.11854544884350633
0.5700000000000003,0.7000000000000004,0.1194276079127168
0.5700000000000003,0.6900000000000004,0.12032222285188537
0.5700000000000003,0.6800000000000004,0.12122945508113474
0.5700000000000003,0.6700000000000004,0.12214946713581702
0.5700000000000003,0.6600000000000004,0.12308242262782039
0.5700000000000003,0.6500000000000004,0.12402848620453434
0.5700000000000003,0.6400000000000003,0.12498782350541042
0.5700000000000003,0.6300000000000003,0.1259606011160531
0.5700000000000003,0.6200000000000003,0.12694698651977673
0.5700000000000003,0.6100000000000003,0.12794714804656554
0.5700000000000003,0.6000000000000003,0.12896125481937254
0.5700000000000003,0.5900000000000003,0.12998947669769456
0.5700000000000003,0.5800000000000003,0.1310319842183631
0.5700000000000003,0.5700000000000003,0.13208894853348765
0.5700000000000003,0.5600000000000003,0.13316054134549404
0.5700000000000003,0.5500000000000003,0.13424693483919853
0.5700000000000003,0.5400000000000003,0.13534830161085995
0.5700000000000003,0.5300000000000002,0.13646481459415666
0.5700000000000003,0.5200000000000002,0.13759664698303328
0.5700000000000003,0.5100000000000002,0.13874397215136725
0.5700000000000003,0.5000000000000002,0.13990696356940616
0.5700000000000003,0.49000000000000027,0.14108579471692972
0.5700000000000003,0.48000000000000026,0.14228063899309348
0.5700000000000003,0.47000000000000025,0.14349166962291376
0.5700000000000003,0.46000000000000024,0.14471905956035738
0.5700000000000003,0.45000000000000023,0.1459629813880026
0.5700000000000003,0.4400000000000002,0.1472236072132428
0.5700000000000003,0.4300000000000002,0.14850110856100668
0.5700000000000003,0.4200000000000002,0.1497956562629754
0.5700000000000003,0.4100000000000002,0.1511074203432797
0.5700000000000003,0.4000000000000002,0.15243656990066717
0.5700000000000003,0.3900000000000002,0.15378327298713318
0.5700000000000003,0.38000000000000017,0.1551476964830157
0.5700000000000003,0.37000000000000016,0.1565300059685604
0.5700000000000003,0.36000000000000015,0.15793036559196744
0.5700000000000003,0.35000000000000014,0.1593489379339395
0.5700000000000003,0.34000000000000014,0.16078588386875559
0.5700000000000003,0.3300000000000001,0.16224136242190404
0.5700000000000003,0.3200000000000001,0.1637155306243145
0.5700000000000003,0.3100000000000001,0.16520854336323657
0.5700000000000003,0.3000000000000001,0.16672055322982135
0.5700000000000003,0.2900000000000001,0.16825171036346942
0.5700000000000003,0.2800000000000001,0.16980216229301867
0.5700000000000003,0.2700000000000001,0.17137205377485312
0.5700000000000003,0.26000000000000006,0.1729615266280235
0.5700000000000003,0.25000000000000006,0.1745707195664802
0.5700000000000003,0.24000000000000007,0.17619976802852702
0.5700000000000003,0.23000000000000007,0.17784880400361738
0.5700000000000003,0.22000000000000006,0.17951795585662014
0.5700000000000003,0.21000000000000005,0.18120734814969672
0.5700000000000003,0.20000000000000004,0.18291710146193857
0.5700000000000003,0.19000000000000003,0.18464733220692647
0.5700000000000003,0.18000000000000002,0.1863981524483823
0.5700000000000003,0.17,0.18816966971409568
0.5700000000000003,0.16,0.1899619868083187
0.5700000000000003,0.15,0.19177520162283201
0.5700000000000003,0.13999999999999999,0.193609406946897
0.5700000000000003,0.12999999999999998,0.19546469027631952
0.5700000000000003,0.11999999999999998,0.1973411336218613
0.5700000000000003,0.10999999999999999,0.1992388133172462
0.5700000000000003,0.09999999999999999,0.20115779982701787
0.5700000000000003,0.09,0.20309815755451763
0.5700000000000003,0.08,0.20505994465025967
0.5700000000000003,0.07,0.2070432128209913
0.5700000000000003,0.060000000000000005,0.20904800713973629
0.5700000000000003,0.05,0.21107436585712722
0.5700000000000003,0.04,0.21312232021434255
0.5700000000000003,0.03,0.21519189425797203
0.5700000000000003,0.02,0.21728310465714273
0.5700000000000003,0.01,0.21939596052324434
0.5700000000000003,0,0.22153046323260023
0.5600000000000003,1.0000000000000007,0.098343958035511
0.5600000000000003,0.9900000000000007,0.09893828748158245
0.5600000000000003,0.9800000000000006,0.09954111207061152
0.5600000000000003,0.9700000000000006,0.10015255397345783
0.5600000000000003,0.9600000000000006,0.10077273685665655
0.5600000000000003,0.9500000000000006,0.10140178588529587
0.5600000000000003,0.9400000000000006,0.1020398277250823
0.5600000000000003,0.9300000000000006,0.10268699054355311
0.5600000000000003,0.9200000000000006,0.10334340401039499
0.5600000000000003,0.9100000000000006,0.10400919929682445
0.5600000000000003,0.9000000000000006,0.10468450907398706
0.5600000000000003,0.8900000000000006,0.10536946751032994
0.5600000000000003,0.8800000000000006,0.10606421026790029
0.5600000000000003,0.8700000000000006,0.10676887449752319
0.5600000000000003,0.8600000000000005,0.10748359883280932
0.5600000000000003,0.8500000000000005,0.10820852338294275
0.5600000000000003,0.8400000000000005,0.10894378972419758
0.5600000000000003,0.8300000000000005,0.10968954089013129
0.5600000000000003,0.8200000000000005,0.11044592136040192
0.5600000000000003,0.8100000000000005,0.11121307704815345
0.5600000000000003,0.8000000000000005,0.1119911552859149
0.5600000000000003,0.7900000000000005,0.11278030480995727
0.5600000000000003,0.7800000000000005,0.11358067574304871
0.5600000000000003,0.7700000000000005,0.11439241957555232
0.5600000000000003,0.7600000000000005,0.11521568914480432
0.5600000000000003,0.7500000000000004,0.11605063861271571
0.5600000000000003,0.7400000000000004,0.11689742344153338
0.5600000000000003,0.7300000000000004,0.11775620036770118
0.5600000000000003,0.7200000000000004,0.11862712737375818
0.5600000000000003,0.7100000000000004,0.1195103636582103
0.5600000000000003,0.7000000000000004,0.12040606960331329
0.5600000000000003,0.6900000000000004,0.12131440674070244
0.5600000000000003,0.6800000000000004,0.12223553771480454
0.5600000000000003,0.6700000000000004,0.12316962624396934
0.5600000000000003,0.6600000000000004,0.12411683707925375
0.5600000000000003,0.6500000000000004,0.1250773359607961
0.5600000000000003,0.6400000000000003,0.12605128957171538
0.5600000000000003,0.6300000000000003,0.12703886548947074
0.5600000000000003,0.6200000000000003,0.12804023213461882
0.5600000000000003,0.6100000000000003,0.12905555871690397
0.5600000000000003,0.6000000000000003,0.13008501517862014
0.5600000000000003,0.5900000000000003,0.1311287721351816
0.5600000000000003,0.5800000000000003,0.13218700081284246
0.5600000000000003,0.5700000000000003,0.1332598729835048
0.5600000000000003,0.5600000000000003,0.13434756089655697
0.5600000000000003,0.5500000000000003,0.13545023720768598
0.5600000000000003,0.5400000000000003,0.13656807490460857
0.5600000000000003,0.5300000000000002,0.1377012472296671
0.5600000000000003,0.5200000000000002,0.1388499275992413
0.5600000000000003,0.5100000000000002,0.14001428951992473
0.5600000000000003,0.5000000000000002,0.1411945065014225
0.5600000000000003,0.49000000000000027,0.1423907519661257
0.5600000000000003,0.48000000000000026,0.14360319915532282
0.5600000000000003,0.47000000000000025,0.14483202103201268
0.5600000000000003,0.46000000000000024,0.14607739018028404
0.5600000000000003,0.45000000000000023,0.1473394787012348
0.5600000000000003,0.4400000000000002,0.1486184581054047
0.5600000000000003,0.4300000000000002,0.14991449920170158
0.5600000000000003,0.4200000000000002,0.15122777198280604
0.5600000000000003,0.4100000000000002,0.15255844550704287
0.5600000000000003,0.4000000000000002,0.1539066877767147
0.5600000000000003,0.3900000000000002,0.15527266561289882
0.5600000000000003,0.38000000000000017,0.1566565445267121
0.5600000000000003,0.37000000000000016,0.15805848858705812
0.5600000000000003,0.36000000000000015,0.15947866028487423
0.5600000000000003,0.35000000000000014,0.16091722039390607
0.5600000000000003,0.34000000000000014,0.16237432782804118
0.5600000000000003,0.3300000000000001,0.16385013949524357
0.5600000000000003,0.3200000000000001,0.16534481014813696
0.5600000000000003,0.3100000000000001,0.1668584922312933
0.5600000000000003,0.3000000000000001,0.16839133572529105
0.5600000000000003,0.2900000000000001,0.1699434879876173
0.5600000000000003,0.2800000000000001,0.17151509359049558
0.5600000000000003,0.2700000000000001,0.17310629415573014
0.5600000000000003,0.26000000000000006,0.1747172281866691
0.5600000000000003,0.25000000000000006,0.17634803089739517
0.5600000000000003,0.24000000000000007,0.17799883403926575
0.5600000000000003,0.23000000000000007,0.17966976572493115
0.5600000000000003,0.22000000000000006,0.18136095024997348
0.5600000000000003,0.21000000000000005,0.18307250791231552
0.5600000000000003,0.20000000000000004,0.18480455482956143
0.5600000000000003,0.19000000000000003,0.1865572027544431
0.5600000000000003,0.18000000000000002,0.18833055888855196
0.5600000000000003,0.17,0.19012472569455377
0.5600000000000003,0.16,0.19193980070708738
0.5600000000000003,0.15,0.1937758763425658
0.5600000000000003,0.13999999999999999,0.19563303970810442
0.5600000000000003,0.12999999999999998,0.19751137240981373
0.5600000000000003,0.11999999999999998,0.19941095036070397
0.5600000000000003,0.10999999999999999,0.20133184358846137
0.5600000000000003,0.09999999999999999,0.20327411604336237
0.5600000000000003,0.09,0.20523782540660637
0.5600000000000003,0.08,0.20722302289935518
0.5600000000000003,0.07,0.20922975309277694
0.5600000000000003,0.060000000000000005,0.21125805371940182
0.5600000000000003,0.05,0.21330795548610706
0.5600000000000003,0.04,0.215379481889054
0.5600000000000003,0.03,0.21747264903091176
0.5600000000000003,0.02,0.21958746544070495
0.5600000000000003,0.01,0.22172393189663514
0.5600000000000003,0,0.2238820412522262
0.5500000000000003,1.0000000000000007,0.09899577703985679
0.5500000000000003,0.9900000000000007,0.09959935509869038
0.5500000000000003,0.9800000000000006,0.1002115608456311
0.5500000000000003,0.9700000000000006,0.10083251807620841
0.5500000000000003,0.9600000000000006,0.10146235208499667
0.5500000000000003,0.9500000000000006,0.10210118966762244
0.5500000000000003,0.9400000000000006,0.1027491591219165
0.5500000000000003,0.9300000000000006,0.10340639024816725
0.5500000000000003,0.9200000000000006,0.10407301434843448
0.5500000000000003,0.9100000000000006,0.104749164224877
0.5500000000000003,0.9000000000000006,0.10543497417705062
0.5500000000000003,0.8900000000000006,0.10613057999812854
0.5500000000000003,0.8800000000000006,0.10683611896999717
0.5500000000000003,0.8700000000000006,0.10755172985717779
0.5500000000000003,0.8600000000000005,0.10827755289952484
0.5500000000000003,0.8500000000000005,0.10901372980364868
0.5500000000000003,0.8400000000000005,0.10976040373301107
0.5500000000000003,0.8300000000000005,0.1105177192966399
0.5500000000000003,0.8200000000000005,0.11128582253640808
0.5500000000000003,0.8100000000000005,0.11206486091282247
0.5500000000000003,0.8000000000000005,0.11285498328926402
0.5500000000000003,0.7900000000000005,0.11365633991462401
0.5500000000000003,0.7800000000000005,0.11446908240427614
0.5500000000000003,0.7700000000000005,0.11529336371932619
0.5500000000000003,0.7600000000000005,0.11612933814407773
0.5500000000000003,0.7500000000000004,0.11697716126165539
0.5500000000000003,0.7400000000000004,0.11783698992772035
0.5500000000000003,0.7300000000000004,0.11870898224221946
0.5500000000000003,0.7200000000000004,0.11959329751910211
0.5500000000000003,0.7100000000000004,0.12049009625394297
0.5500000000000003,0.7000000000000004,0.12139954008940683
0.5500000000000003,0.6900000000000004,0.12232179177848977
0.5500000000000003,0.6800000000000004,0.12325701514547432
0.5500000000000003,0.6700000000000004,0.12420537504453266
0.5500000000000003,0.6600000000000004,0.12516703731591386
0.5500000000000003,0.6500000000000004,0.1261421687396504
0.5500000000000003,0.6400000000000003,0.1271309369867204
0.5500000000000003,0.6300000000000003,0.12813351056760106
0.5500000000000003,0.6200000000000003,0.12915005877815047
0.5500000000000003,0.6100000000000003,0.1301807516427549
0.5500000000000003,0.6000000000000003,0.13122575985467994
0.5500000000000003,0.5900000000000003,0.13228525471356495
0.5500000000000003,0.5800000000000003,0.13335940806000043
0.5500000000000003,0.5700000000000003,0.134448392207131
0.5500000000000003,0.5600000000000003,0.13555237986922672
0.5500000000000003,0.5500000000000003,0.13667154408716792
0.5500000000000003,0.5400000000000003,0.13780605815079067
0.5500000000000003,0.5300000000000002,0.1389560955180419
0.5500000000000003,0.5200000000000002,0.1401218297308961
0.5500000000000003,0.5100000000000002,0.14130343432798761
0.5500000000000003,0.5000000000000002,0.14250108275391543
0.5500000000000003,0.49000000000000027,0.14371494826518183
0.5500000000000003,0.48000000000000026,0.14494520383272666
0.5500000000000003,0.47000000000000025,0.14619202204102671
0.5500000000000003,0.46000000000000024,0.1474555749837297
0.5500000000000003,0.45000000000000023,0.1487360341557994
0.5500000000000003,0.4400000000000002,0.15003357034215156
0.5500000000000003,0.4300000000000002,0.1513483535027646
0.5500000000000003,0.4200000000000002,0.1526805526542564
0.5500000000000003,0.4100000000000002,0.154030335747921
0.5500000000000003,0.4000000000000002,0.1553978695442261
0.5500000000000003,0.3900000000000002,0.15678331948377944
0.5500000000000003,0.38000000000000017,0.15818684955477513
0.5500000000000003,0.37000000000000016,0.15960862215694138
0.5500000000000003,0.36000000000000015,0.161048797962015
0.5500000000000003,0.35000000000000014,0.16250753577077634
0.5500000000000003,0.34000000000000014,0.16398499236668737
0.5500000000000003,0.3300000000000001,0.16548132236617905
0.5500000000000003,0.3200000000000001,0.1669966780656482
0.5500000000000003,0.3100000000000001,0.16853120928522666
0.5500000000000003,0.3000000000000001,0.17008506320939834
0.5500000000000003,0.2900000000000001,0.17165838422454655
0.5500000000000003,0.2800000000000001,0.17325131375352332
0.5500000000000003,0.2700000000000001,0.17486399008734382
0.5500000000000003,0.26000000000000006,0.1764965482141143
0.5500000000000003,0.25000000000000006,0.17814911964531804
0.5500000000000003,0.24000000000000007,0.17982183223958717
0.5500000000000003,0.23000000000000007,0.18151481002410436
0.5500000000000003,0.22000000000000006,0.18322817301378397
0.5500000000000003,0.21000000000000005,0.18496203702839753
0.5500000000000003,0.20000000000000004,0.18671651350781393
0.5500000000000003,0.19000000000000003,0.18849170932554005
0.5500000000000003,0.18000000000000002,0.19028772660075566
0.5500000000000003,0.17,0.1921046625090483
0.5500000000000003,0.16,0.1939426090920646
0.5500000000000003,0.15,0.1958016530663047
0.5500000000000003,0.13999999999999999,0.19768187563129863
0.5500000000000003,0.12999999999999998,0.1995833522774124
0.5500000000000003,0.11999999999999998,0.20150615259354382
0.5500000000000003,0.10999999999999999,0.2034503400749765
0.5500000000000003,0.09999999999999999,0.20541597193167271
0.5500000000000003,0.09,0.20740309889729383
0.5500000000000003,0.08,0.20941176503924797
0.5500000000000003,0.07,0.21144200757007245
0.5500000000000003,0.060000000000000005,0.21349385666046866
0.5500000000000003,0.05,0.2155673352543144
0.5500000000000003,0.04,0.21766245888598745
0.5500000000000003,0.03,0.2197792355003397
0.5500000000000003,0.02,0.22191766527567178
0.5500000000000003,0.01,0.22407774045005813
0.5500000000000003,0,0.22625944515138474
0.5400000000000003,1.0000000000000007,0.09965773193753945
0.5400000000000003,0.9900000000000007,0.10027070302683903
0.5400000000000003,0.9800000000000006,0.10089243611603825
0.5400000000000003,0.9700000000000006,0.10152305662911802
0.5400000000000003,0.9600000000000006,0.10216269149153573
0.5400000000000003,0.9500000000000006,0.10281146913131528
0.5400000000000003,0.9400000000000006,0.1034695194792368
0.5400000000000003,0.9300000000000006,0.10413697396808119
0.5400000000000003,0.9200000000000006,0.10481396553088747
0.5400000000000003,0.9100000000000006,0.10550062859817469
0.5400000000000003,0.9000000000000006,0.10619709909408426
0.5400000000000003,0.8900000000000006,0.10690351443139316
0.5400000000000003,0.8800000000000006,0.10762001350534955
0.5400000000000003,0.8700000000000006,0.10834673668628046
0.5400000000000003,0.8600000000000005,0.10908382581092044
0.5400000000000003,0.8500000000000005,0.10983142417240883
0.5400000000000003,0.8400000000000005,0.11058967650890135
0.5400000000000003,0.8300000000000005,0.1113587289907428
0.5400000000000003,0.8200000000000005,0.11213872920614325
0.5400000000000003,0.8100000000000005,0.1129298261453037
0.5400000000000003,0.8000000000000005,0.11373217018293065
0.5400000000000003,0.7900000000000005,0.11454591305908313
0.5400000000000003,0.7800000000000005,0.11537120785829248
0.5400000000000003,0.7700000000000005,0.11620820898689296
0.5400000000000003,0.7600000000000005,0.11705707214850469
0.5400000000000003,0.7500000000000004,0.11791795431760498
0.5400000000000003,0.7400000000000004,0.11879101371112638
0.5400000000000003,0.7300000000000004,0.11967640975801885
0.5400000000000003,0.7200000000000004,0.12057430306671202
0.5400000000000003,0.7100000000000004,0.12148485539041359
0.5400000000000003,0.7000000000000004,0.12240822959018031
0.5400000000000003,0.6900000000000004,0.12334458959569554
0.5400000000000003,0.6800000000000004,0.12429410036369144
0.5400000000000003,0.6700000000000004,0.1252569278339479
0.5400000000000003,0.6600000000000004,0.1262332388828068
0.5400000000000003,0.6500000000000004,0.1272232012741356
0.5400000000000003,0.6400000000000003,0.1282269836076769
0.5400000000000003,0.6300000000000003,0.12924475526472098
0.5400000000000003,0.6200000000000003,0.13027668635103823
0.5400000000000003,0.6100000000000003,0.13132294763701016
0.5400000000000003,0.6000000000000003,0.13238371049489794
0.5400000000000003,0.5900000000000003,0.13345914683318943
0.5400000000000003,0.5800000000000003,0.13454942902796552
0.5400000000000003,0.5700000000000003,0.13565472985122998
0.5400000000000003,0.5600000000000003,0.13677522239614834
0.5400000000000003,0.5500000000000003,0.13791107999914173
0.5400000000000003,0.5400000000000003,0.13906247615878572
0.5400000000000003,0.5300000000000002,0.14022958445146635
0.5400000000000003,0.5200000000000002,0.14141257844374672
0.5400000000000003,0.5100000000000002,0.1426116316014025
0.5400000000000003,0.5000000000000002,0.14382691719508614
0.5400000000000003,0.49000000000000027,0.14505860820258423
0.5400000000000003,0.48000000000000026,0.14630687720763447
0.5400000000000003,0.47000000000000025,0.1475718962952757
0.5400000000000003,0.46000000000000024,0.1488538369437047
0.5400000000000003,0.45000000000000023,0.15015286991262125
0.5400000000000003,0.4400000000000002,0.15146916512804612
0.5400000000000003,0.4300000000000002,0.15280289156360227
0.5400000000000003,0.4200000000000002,0.15415421711825422
0.5400000000000003,0.4100000000000002,0.1555233084905078
0.5400000000000003,0.4000000000000002,0.1569103310490765
0.5400000000000003,0.3900000000000002,0.15831544870002875
0.5400000000000003,0.38000000000000017,0.15973882375043544
0.5400000000000003,0.37000000000000016,0.16118061676854492
0.5400000000000003,0.36000000000000015,0.16264098644052075
0.5400000000000003,0.35000000000000014,0.16412008942378178
0.5400000000000003,0.34000000000000014,0.16561808019699642
0.5400000000000003,0.3300000000000001,0.16713511090678648
0.5400000000000003,0.3200000000000001,0.16867133121120936
0.5400000000000003,0.3100000000000001,0.17022688812008976
0.5400000000000003,0.3000000000000001,0.1718019258322879
0.5400000000000003,0.2900000000000001,0.17339658556999504
0.5400000000000003,0.2800000000000001,0.1750110054101591
0.5400000000000003,0.2700000000000001,0.1766453201131523
0.5400000000000003,0.26000000000000006,0.17829966094880303
0.5400000000000003,0.25000000000000006,0.179974155519923
0.5400000000000003,0.24000000000000007,0.18166892758347272
0.5400000000000003,0.23000000000000007,0.18338409686951745
0.5400000000000003,0.22000000000000006,0.1851197788981371
0.5400000000000003,0.21000000000000005,0.18687608479446363
0.5400000000000003,0.20000000000000004,0.18865312110203086
0.5400000000000003,0.19000000000000003,0.19045098959463277
0.5400000000000003,0.18000000000000002,0.19226978708689496
0.5400000000000003,0.17,0.19410960524377863
0.5400000000000003,0.16,0.195970530389244
0.5400000000000003,0.15,0.19785264331431157
0.5400000000000003,0.13999999999999999,0.19975601908477247
0.5400000000000003,0.12999999999999998,0.20168072684880603
0.5400000000000003,0.11999999999999998,0.20362682964477608
0.5400000000000003,0.10999999999999999,0.20559438420948634
0.5400000000000003,0.09999999999999999,0.2075834407871848
0.5400000000000003,0.09,0.20959404293961748
0.5400000000000003,0.08,0.21162622735744033
0.5400000000000003,0.07,0.21368002367330735
0.5400000000000003,0.060000000000000005,0.2157554542769608
0.5400000000000003,0.05,0.21785253413265737
0.5400000000000003,0.04,0.21997127059927282
0.5400000000000003,0.03,0.2221116632534313
0.5400000000000003,0.02,0.2242737037160153
0.5400000000000003,0.01,0.22645737548241412
0.5400000000000003,0,0.22866265375687636
0.5300000000000002,1.0000000000000007,0.1003299807516844
0.5300000000000002,0.9900000000000007,0.10095249121229914
0.5300000000000002,0.9800000000000006,0.10158389975534085
0.5300000000000002,0.9700000000000006,0.10222433343600648
0.5300000000000002,0.9600000000000006,0.10287392081241203
0.5300000000000002,0.9500000000000006,0.10353279194571649
0.5300000000000002,0.9400000000000006,0.10420107839929894
0.5300000000000002,0.9300000000000006,0.1048789132369429
0.5300000000000002,0.9200000000000006,0.10556643101998377
0.5300000000000002,0.9100000000000006,0.10626376780337143
0.5300000000000002,0.9000000000000006,0.10697106113060105
0.5300000000000002,0.8900000000000006,0.10768845002746134
0.5300000000000002,0.8800000000000006,0.10841607499455214
0.5300000000000002,0.8700000000000006,0.10915407799851821
0.5300000000000002,0.8600000000000005,0.10990260246194737
0.5300000000000002,0.8500000000000005,0.11066179325187925
0.5300000000000002,0.8400000000000005,0.11143179666686996
0.5300000000000002,0.8300000000000005,0.11221276042255743
0.5300000000000002,0.8200000000000005,0.11300483363566914
0.5300000000000002,0.8100000000000005,0.11380816680641652
0.5300000000000002,0.8000000000000005,0.11462291179921633
0.5300000000000002,0.7900000000000005,0.11544922182167876
0.5300000000000002,0.7800000000000005,0.11628725140180367
0.5300000000000002,0.7700000000000005,0.11713715636332254
0.5300000000000002,0.7600000000000005,0.11799909379912371
0.5300000000000002,0.7500000000000004,0.11887322204270107
0.5300000000000002,0.7400000000000004,0.11975970063755913
0.5300000000000002,0.7300000000000004,0.120658690304515
0.5300000000000002,0.7200000000000004,0.12157035290683027
0.5300000000000002,0.7100000000000004,0.1224948514131099
0.5300000000000002,0.7000000000000004,0.12343234985790334
0.5300000000000002,0.6900000000000004,0.12438301329994347
0.5300000000000002,0.6800000000000004,0.1253470077779583
0.5300000000000002,0.6700000000000004,0.1263245002639912
0.5300000000000002,0.6600000000000004,0.127315658614166
0.5300000000000002,0.6500000000000004,0.1283206515168318
0.5300000000000002,0.6400000000000003,0.12933964843802587
0.5300000000000002,0.6300000000000003,0.1303728195641909
0.5300000000000002,0.6200000000000003,0.13142033574208498
0.5300000000000002,0.6100000000000003,0.13248236841582442
0.5300000000000002,0.6000000000000003,0.1335590895609988
0.5300000000000002,0.5900000000000003,0.13465067161580138
0.5300000000000002,0.5800000000000003,0.13575728740911677
0.5300000000000002,0.5700000000000003,0.13687911008551318
0.5300000000000002,0.5600000000000003,0.138016313027084
0.5300000000000002,0.5500000000000003,0.1391690697720909
0.5300000000000002,0.5400000000000003,0.14033755393035766
0.5300000000000002,0.5300000000000002,0.14152193909537197
0.5300000000000002,0.5200000000000002,0.14272239875305032
0.5300000000000002,0.5100000000000002,0.14393910618712835
0.5300000000000002,0.5000000000000002,0.14517223438113983
0.5300000000000002,0.49000000000000027,0.1464219559169529
0.5300000000000002,0.48000000000000026,0.14768844286983412
0.5300000000000002,0.47000000000000025,0.1489718667000179
0.5300000000000002,0.46000000000000024,0.15027239814076068
0.5300000000000002,0.45000000000000023,0.15159020708286544
0.5300000000000002,0.4400000000000002,0.15292546245566757
0.5300000000000002,0.4300000000000002,0.1542783321044778
0.5300000000000002,0.4200000000000002,0.15564898266448304
0.5300000000000002,0.4100000000000002,0.15703757943111407
0.5300000000000002,0.4000000000000002,0.1584442862268926
0.5300000000000002,0.3900000000000002,0.15986926526478024
0.5300000000000002,0.38000000000000017,0.16131267700805405
0.5300000000000002,0.37000000000000016,0.16277468002674617
0.5300000000000002,0.36000000000000015,0.1642554308506887
0.5300000000000002,0.35000000000000014,0.1657550838192129
0.5300000000000002,0.34000000000000014,0.167273790927563
0.5300000000000002,0.3300000000000001,0.16881170167009005
0.5300000000000002,0.3200000000000001,0.17036896288030046
0.5300000000000002,0.3100000000000001,0.17194571856784535
0.5300000000000002,0.3000000000000001,0.17354210975254328
0.5300000000000002,0.2900000000000001,0.17515827429553807
0.5300000000000002,0.2800000000000001,0.17679434672770733
0.5300000000000002,0.2700000000000001,0.17845045807544124
0.5300000000000002,0.26000000000000006,0.1801267356839264
0.5300000000000002,0.25000000000000006,0.18182330303807662
0.5300000000000002,0.24000000000000007,0.18354027958126462
0.5300000000000002,0.23000000000000007,0.18527778053201835
0.5300000000000002,0.22000000000000006,0.1870359166988572
0.5300000000000002,0.21000000000000005,0.18881479429345271
0.5300000000000002,0.20000000000000004,0.1906145147423113
0.5300000000000002,0.19000000000000003,0.1924351744971856
0.5300000000000002,0.18000000000000002,0.19427686484443216
0.5300000000000002,0.17,0.19613967171354568
0.5300000000000002,0.16,0.19802367548510869
0.5300000000000002,0.15,0.19992895079840686
0.5300000000000002,0.13999999999999999,0.20185556635897178
0.5300000000000002,0.12999999999999998,0.20380358474632165
0.5300000000000002,0.11999999999999998,0.20577306222218153
0.5300000000000002,0.10999999999999999,0.20776404853947475
0.5300000000000002,0.09999999999999999,0.20977658675238522
0.5300000000000002,0.09,0.211810713027802
0.5300000000000002,0.08,0.21386645645846256
0.5300000000000002,0.07,0.21594383887812443
0.5300000000000002,0.060000000000000005,0.21804287467909805
0.5300000000000002,0.05,0.22016357063248282
0.5300000000000002,0.04,0.2223059257114564
0.5300000000000002,0.03,0.22446993091797116
0.5300000000000002,0.02,0.22665556911321735
0.5300000000000002,0.01,0.22886281485221913
0.5300000000000002,0,0.23109163422293053
0.5200000000000002,1.0000000000000007,0.10101268360135171
0.5200000000000002,0.9900000000000007,0.10164488170154815
0.5200000000000002,0.9800000000000006,0.1022861157404158
0.5200000000000002,0.9700000000000006,0.10293651440605948
0.5200000000000002,0.9600000000000006,0.10359620788990338
0.5200000000000002,0.9500000000000006,0.1042653278857991
0.5200000000000002,0.9400000000000006,0.104944007588138
0.5200000000000002,0.9300000000000006,0.10563238168892262
0.5200000000000002,0.9200000000000006,0.10633058637375
0.5200000000000002,0.9100000000000006,0.10703875931665834
0.5200000000000002,0.9000000000000006,0.10775703967378918
0.5200000000000002,0.8900000000000006,0.10848556807581328
0.5200000000000002,0.8800000000000006,0.10922448661906921
0.5200000000000002,0.8700000000000006,0.10997393885536211
0.5200000000000002,0.8600000000000005,0.11073406978036889
0.5200000000000002,0.8500000000000005,0.11150502582059514
0.5200000000000002,0.8400000000000005,0.11228695481882726
0.5200000000000002,0.8300000000000005,0.11308000601802418
0.5200000000000002,0.8200000000000005,0.1138843300435897
0.5200000000000002,0.8100000000000005,0.11470007888396706
0.5200000000000002,0.8000000000000005,0.11552740586949686
0.5200000000000002,0.7900000000000005,0.1163664656494764
0.5200000000000002,0.7800000000000005,0.1172174141673608
0.5200000000000002,0.7700000000000005,0.1180804086340428
0.5200000000000002,0.7600000000000005,0.11895560749914917
0.5200000000000002,0.7500000000000004,0.11984317042029062
0.5200000000000002,0.7400000000000004,0.12074325823020107
0.5200000000000002,0.7300000000000004,0.12165603290170332
0.5200000000000002,0.7200000000000004,0.12258165751043548
0.5200000000000002,0.7100000000000004,0.12352029619527459
0.5200000000000002,0.7000000000000004,0.12447211411639214
0.5200000000000002,0.6900000000000004,0.12543727741087765
0.5200000000000002,0.6800000000000004,0.1264159531458649
0.5200000000000002,0.6700000000000004,0.12740830926909744
0.5200000000000002,0.6600000000000004,0.1284145145568684
0.5200000000000002,0.6500000000000004,0.1294347385592734
0.5200000000000002,0.6400000000000003,0.13046915154271152
0.5200000000000002,0.6300000000000003,0.1315179244295746
0.5200000000000002,0.6200000000000003,0.13258122873506312
0.5200000000000002,0.6100000000000003,0.13365923650106945
0.5200000000000002,0.6000000000000003,0.13475212022707134
0.5200000000000002,0.5900000000000003,0.13586005279797722
0.5200000000000002,0.5800000000000003,0.1369832074088712
0.5200000000000002,0.5700000000000003,0.13812175748660271
0.5200000000000002,0.5600000000000003,0.13927587660817214
0.5200000000000002,0.5500000000000003,0.14044573841586386
0.5200000000000002,0.5400000000000003,0.1416315165290814
0.5200000000000002,0.5300000000000002,0.14283338445284208
0.5200000000000002,0.5200000000000002,0.14405151548289322
0.5200000000000002,0.5100000000000002,0.1452860826074129
0.5200000000000002,0.5000000000000002,0.14653725840526408
0.5200000000000002,0.49000000000000027,0.1478052149407741
0.5200000000000002,0.48000000000000026,0.14909012365501523
0.5200000000000002,0.47000000000000025,0.1503921552535686
0.5200000000000002,0.46000000000000024,0.15171147959075526
0.5200000000000002,0.45000000000000023,0.1530482655503267
0.5200000000000002,0.4400000000000002,0.15440268092261084
0.5200000000000002,0.4300000000000002,0.15577489227811478
0.5200000000000002,0.4200000000000002,0.15716506483759354
0.5200000000000002,0.4100000000000002,0.15857336233859803
0.5200000000000002,0.4000000000000002,0.1599999468985241
0.5200000000000002,0.3900000000000002,0.1614449788741902
0.5200000000000002,0.38000000000000017,0.16290861671797985
0.5200000000000002,0.37000000000000016,0.16439101683058968
0.5200000000000002,0.36000000000000015,0.1658923334104367
0.5200000000000002,0.35000000000000014,0.16741271829978066
0.5200000000000002,0.34000000000000014,0.16895232082763123
0.5200000000000002,0.3300000000000001,0.17051128764951418
0.5200000000000002,0.3200000000000001,0.17208976258418235
0.5200000000000002,0.3100000000000001,0.17368788644736624
0.5200000000000002,0.3000000000000001,0.1753057968826662
0.5200000000000002,0.2900000000000001,0.17694362818970166
0.5200000000000002,0.2800000000000001,0.1786015111496388
0.5200000000000002,0.2700000000000001,0.1802795728482321
0.5200000000000002,0.26000000000000006,0.18197793649652177
0.5200000000000002,0.25000000000000006,0.18369672124934278
0.5200000000000002,0.24000000000000007,0.18543604202180916
0.5200000000000002,0.23000000000000007,0.18719600930395028
0.5200000000000002,0.22000000000000006,0.18897672897368473
0.5200000000000002,0.21000000000000005,0.19077830210832916
0.5200000000000002,0.20000000000000004,0.19260082479485097
0.5200000000000002,0.19000000000000003,0.19444438793908214
0.5200000000000002,0.18000000000000002,0.19630907707412698
0.5200000000000002,0.17,0.19819497216820084
0.5200000000000002,0.16,0.20010214743215424
0.5200000000000002,0.15,0.20203067112694229
0.5200000000000002,0.13999999999999999,0.20398060537131282
0.5200000000000002,0.12999999999999998,0.20595200594999372
0.5200000000000002,0.11999999999999998,0.20794492212267415
0.5200000000000002,0.10999999999999999,0.2099593964340781
0.5200000000000002,0.09999999999999999,0.21199546452544396
0.5200000000000002,0.09,0.2140531549477272
0.5200000000000002,0.08,0.2161324889768554
0.5200000000000002,0.07,0.21823348043137
0.5200000000000002,0.060000000000000005,0.22035613549279878
0.5200000000000002,0.05,0.222500452529107
0.5200000000000002,0.04,0.22466642192158376
0.5200000000000002,0.03,0.22685402589552356
0.5200000000000002,0.02,0.22906323835506875
0.5200000000000002,0.01,0.23129402472258126
0.5200000000000002,0,0.2335463417829165
0.5100000000000002,1.0000000000000007,0.10170600270582342
0.5100000000000002,0.9900000000000007,0.10234803864433942
0.5100000000000002,0.9800000000000006,0.10299925015329932
0.5100000000000002,0.9700000000000006,0.10365976755427679
0.5100000000000002,0.9600000000000006,0.10432972267146898
0.5100000000000002,0.9500000000000006,0.10500924882973638
0.5100000000000002,0.9400000000000006,0.10569848085159769
0.5100000000000002,0.9300000000000006,0.10639755505313327
0.5100000000000002,0.9200000000000006,0.10710660923874823
0.5100000000000002,0.9100000000000006,0.1078257826947467
0.5100000000000002,0.9000000000000006,0.1085552161816663
0.5100000000000002,0.8900000000000006,0.10929505192532064
0.5100000000000002,0.8800000000000006,0.11004543360649899
0.5100000000000002,0.8700000000000006,0.11080650634926688
0.5100000000000002,0.8600000000000005,0.1115784167078142
0.5100000000000002,0.8500000000000005,0.11236131265179532
0.5100000000000002,0.8400000000000005,0.11315534355010241
0.5100000000000002,0.8300000000000005,0.1139606601530161
0.5100000000000002,0.8200000000000005,0.11477741457267321
0.5100000000000002,0.8100000000000005,0.11560576026179264
0.5100000000000002,0.8000000000000005,0.1164458519905986
0.5100000000000002,0.7900000000000005,0.11729784582187994
0.5100000000000002,0.7800000000000005,0.11816189908412313
0.5100000000000002,0.7700000000000005,0.11903817034265747
0.5100000000000002,0.7600000000000005,0.1199268193687474
0.5100000000000002,0.7500000000000004,0.1208280071065706
0.5100000000000002,0.7400000000000004,0.12174189563801524
0.5100000000000002,0.7300000000000004,0.12266864814523408
0.5100000000000002,0.7200000000000004,0.12360842887088987
0.5100000000000002,0.7100000000000004,0.12456140307602744
0.5100000000000002,0.7000000000000004,0.12552773699550793
0.5100000000000002,0.6900000000000004,0.12650759779094062
0.5100000000000002,0.6800000000000004,0.12750115350104863
0.5100000000000002,0.6700000000000004,0.12850857298940319
0.5100000000000002,0.6600000000000004,0.12953002588946572
0.5100000000000002,0.6500000000000004,0.13056568254687254
0.5100000000000002,0.6400000000000003,0.13161571395890226
0.5100000000000002,0.6300000000000003,0.13268029171106482
0.5100000000000002,0.6200000000000003,0.13375958791075268
0.5100000000000002,0.6100000000000003,0.13485377511789595
0.5100000000000002,0.6000000000000003,0.13596302627256615
0.5100000000000002,0.5900000000000003,0.13708751461947266
0.5100000000000002,0.5800000000000003,0.13822741362930002
0.5100000000000002,0.5700000000000003,0.1393828969168369
0.5100000000000002,0.5600000000000003,0.14055413815584608
0.5100000000000002,0.5500000000000003,0.14174131099063425
0.5100000000000002,0.5400000000000003,0.14294458894427564
0.5100000000000002,0.5300000000000002,0.14416414532345362
0.5100000000000002,0.5200000000000002,0.14540015311988297
0.5100000000000002,0.5100000000000002,0.1466527849082822
0.5100000000000002,0.5000000000000002,0.1479222127408678
0.5100000000000002,0.49000000000000027,0.14920860803834632
0.5100000000000002,0.48000000000000026,0.1505121414773873
0.5100000000000002,0.47000000000000025,0.1518329828745615
0.5100000000000002,0.46000000000000024,0.15317130106673585
0.5100000000000002,0.45000000000000023,0.1545272637879225
0.5100000000000002,0.4400000000000002,0.15590103754258378
0.5100000000000002,0.4300000000000002,0.157292787475402
0.5100000000000002,0.4200000000000002,0.15870267723752837
0.5100000000000002,0.4100000000000002,0.1601308688493332
0.5100000000000002,0.4000000000000002,0.16157752255968552
0.5100000000000002,0.3900000000000002,0.16304279670179794
0.5100000000000002,0.38000000000000017,0.16452684754568053
0.5100000000000002,0.37000000000000016,0.16602982914725445
0.5100000000000002,0.36000000000000015,0.16755189319418473
0.5100000000000002,0.35000000000000014,0.16909318884850144
0.5100000000000002,0.34000000000000014,0.1706538625860837
0.5100000000000002,0.3300000000000001,0.1722340580330937
0.5100000000000002,0.3200000000000001,0.173833915799456
0.5100000000000002,0.3100000000000001,0.17545357330948486
0.5100000000000002,0.3000000000000001,0.17709316462977517
0.5100000000000002,0.2900000000000001,0.17875282029448109
0.5100000000000002,0.2800000000000001,0.1804326671281153
0.5100000000000002,0.2700000000000001,0.18213282806601566
0.5100000000000002,0.26000000000000006,0.183853421972632
0.5100000000000002,0.25000000000000006,0.18559456345780065
0.5100000000000002,0.24000000000000007,0.1873563626911825
0.5100000000000002,0.23000000000000007,0.18913892521505085
0.5100000000000002,0.22000000000000006,0.1909423517556295
0.5100000000000002,0.21000000000000005,0.1927667380331875
0.5100000000000002,0.20000000000000004,0.19461217457111263
0.5100000000000002,0.19000000000000003,0.19647874650419261
0.5100000000000002,0.18000000000000002,0.19836653338634744
0.5100000000000002,0.17,0.20027560899806288
0.5100000000000002,0.16,0.20220604115379
0.5100000000000002,0.15,0.2041578915095822
0.5100000000000002,0.13999999999999999,0.2061312153712535
0.5100000000000002,0.12999999999999998,0.208126061503351
0.5100000000000002,0.11999999999999998,0.21014247193924315
0.5100000000000002,0.10999999999999999,0.2121804817926371
0.5100000000000002,0.09999999999999999,0.21424011907084328
0.5100000000000002,0.09,0.216321404490117
0.5100000000000002,0.08,0.21842435129341264
0.5100000000000002,0.07,0.2205489650708948
0.5100000000000002,0.060000000000000005,0.2226952435835551
0.5100000000000002,0.05,0.22486317659029137
0.5100000000000002,0.04,0.22705274567881115
0.5100000000000002,0.03,0.22926392410072344
0.5100000000000002,0.02,0.23149667661118978
0.5100000000000002,0.01,0.23375095931350698
0.5100000000000002,0,0.23602671950899481
0.5000000000000002,1.0000000000000007,0.10241010238754665
0.5000000000000002,0.9900000000000007,0.10306212829536049
0.5000000000000002,0.9800000000000006,0.10372347118149693
0.5000000000000002,0.9700000000000006,0.10439426300037002
0.5000000000000002,0.9600000000000006,0.10507463720716863
0.5000000000000002,0.9500000000000006,0.10576472875477494
0.5000000000000002,0.9400000000000006,0.10646467408958703
0.5000000000000002,0.9300000000000006,0.10717461114619845
0.5000000000000002,0.9200000000000006,0.1078946793408835
0.5000000000000002,0.9100000000000006,0.1086250195638404
0.5000000000000002,0.9000000000000006,0.1093657741701376
0.5000000000000002,0.8900000000000006,0.11011708696931254
0.5000000000000002,0.8800000000000006,0.11087910321356807
0.5000000000000002,0.8700000000000006,0.11165196958451178
0.5000000000000002,0.8600000000000005,0.1124358341783821
0.5000000000000002,0.8500000000000005,0.1132308464897041
0.5000000000000002,0.8400000000000005,0.11403715739331735
0.5000000000000002,0.8300000000000005,0.11485491912471611
0.5000000000000002,0.8200000000000005,0.11568428525864351
0.5000000000000002,0.8100000000000005,0.11652541068587692
0.5000000000000002,0.8000000000000005,0.11737845158814592
0.5000000000000002,0.7900000000000005,0.11824356541111777
0.5000000000000002,0.7800000000000005,0.11912091083539023
0.5000000000000002,0.7700000000000005,0.12001064774542705
0.5000000000000002,0.7600000000000005,0.12091293719637253
0.5000000000000002,0.7500000000000004,0.12182794137868144
0.5000000000000002,0.7400000000000004,0.12275582358049958
0.5000000000000002,0.7300000000000004,0.12369674814773045
0.5000000000000002,0.7200000000000004,0.12465088044172305
0.5000000000000002,0.7100000000000004,0.12561838679451692
0.5000000000000002,0.7000000000000004,0.12659943446157887
0.5000000000000002,0.6900000000000004,0.12759419157196747
0.5000000000000002,0.6800000000000004,0.12860282707586285
0.5000000000000002,0.6700000000000004,0.1296255106893958
0.5000000000000002,0.6600000000000004,0.13066241283671684
0.5000000000000002,0.6500000000000004,0.13171370458924084
0.5000000000000002,0.6400000000000003,0.13277955760200882
0.5000000000000002,0.6300000000000003,0.13386014404710603
0.5000000000000002,0.6200000000000003,0.13495563654407974
0.5000000000000002,0.6100000000000003,0.1360662080872993
0.5000000000000002,0.6000000000000003,0.13719203197020466
0.5000000000000002,0.5900000000000003,0.13833328170639128
0.5000000000000002,0.5800000000000003,0.13949013094748036
0.5000000000000002,0.5700000000000003,0.14066275339772785
0.5000000000000002,0.5600000000000003,0.14185132272532638
0.5000000000000002,0.5500000000000003,0.1430560124703589
0.5000000000000002,0.5400000000000003,0.1442769959493649
0.5000000000000002,0.5300000000000002,0.14551444615648454
0.5000000000000002,0.5200000000000002,0.1467685356611481
0.5000000000000002,0.5100000000000002,0.1480394365022853
0.5000000000000002,0.5000000000000002,0.14932732007902916
0.5000000000000002,0.49000000000000027,0.15063235703789749
0.5000000000000002,0.48000000000000026,0.1519547171564379
0.5000000000000002,0.47000000000000025,0.15329456922332804
0.5000000000000002,0.46000000000000024,0.1546520809149271
0.5000000000000002,0.45000000000000023,0.15602741866828365
0.5000000000000002,0.4400000000000002,0.1574207475506061
0.5000000000000002,0.4300000000000002,0.1588322311252135
0.5000000000000002,0.4200000000000002,0.1602620313139866
0.5000000000000002,0.4100000000000002,0.16171030825635005
0.5000000000000002,0.4000000000000002,0.16317722016482034
0.5000000000000002,0.3900000000000002,0.16466292317716527
0.5000000000000002,0.38000000000000017,0.1661675712052251
0.5000000000000002,0.37000000000000016,0.16769131578045685
0.5000000000000002,0.36000000000000015,0.16923430589626887
0.5000000000000002,0.35000000000000014,0.17079668784722446
0.5000000000000002,0.34000000000000014,0.1723786050651999
0.5000000000000002,0.3300000000000001,0.17398019795259256
0.5000000000000002,0.3200000000000001,0.17560160371268513
0.5000000000000002,0.3100000000000001,0.1772429561772795
0.5000000000000002,0.3000000000000001,0.17890438563172653
0.5000000000000002,0.2900000000000001,0.18058601863748577
0.5000000000000002,0.2800000000000001,0.18228797785236117
0.5000000000000002,0.2700000000000001,0.18401038184856866
0.5000000000000002,0.26000000000000006,0.1857533449288014
0.5000000000000002,0.25000000000000006,0.1875169769404713
0.5000000000000002,0.24000000000000007,0.18930138308831357
0.5000000000000002,0.23000000000000007,0.1911066637455546
0.5000000000000002,0.22000000000000006,0.19293291426385195
0.5000000000000002,0.21000000000000005,0.19478022478222812
0.5000000000000002,0.20000000000000004,0.1966486800352291
0.5000000000000002,0.19000000000000003,0.19853835916055065
0.5000000000000002,0.18000000000000002,0.20044933550638522
0.5000000000000002,0.17,0.2023816764387528
0.5000000000000002,0.16,0.2043354431490899
0.5000000000000002,0.15,0.20631069046238118
0.5000000000000002,0.13999999999999999,0.20830746664612562
0.5000000000000002,0.12999999999999998,0.2103258132204431
0.5000000000000002,0.11999999999999998,0.2123657647696314
0.5000000000000002,0.10999999999999999,0.2144273487554959
0.5000000000000002,0.09999999999999999,0.2165105853327808
0.5000000000000002,0.09,0.21861548716703924
0.5000000000000002,0.08,0.22074205925528542
0.5000000000000002,0.07,0.2228902987497804
0.5000000000000002,0.060000000000000005,0.22506019478530823
0.5000000000000002,0.05,0.22725172831030335
0.5000000000000002,0.04,0.22946487192219603
0.5000000000000002,0.03,0.23169958970734586
0.5000000000000002,0.02,0.23395583708593642
0.5000000000000002,0.01,0.2362335606622047
0.5000000000000002,0,0.23853269808038263
0.49000000000000027,1.0000000000000007,0.10312514907365802
0.49000000000000027,0.9900000000000007,0.10378731901440376
0.49000000000000027,0.9800000000000006,0.10445894911673659
0.49000000000000027,0.9700000000000006,0.10514017296603136
0.49000000000000027,0.9600000000000006,0.10583112564537887
0.49000000000000027,0.9500000000000006,0.10653194373132767
0.49000000000000027,0.9400000000000006,0.1072427652884788
0.49000000000000027,0.9300000000000006,0.10796372986288295
0.49000000000000027,0.9200000000000006,0.10869497847419043
0.49000000000000027,0.9100000000000006,0.10943665360650154
0.49000000000000027,0.9000000000000006,0.11018889919786393
0.49000000000000027,0.8900000000000006,0.11095186062836455
0.49000000000000027,0.8800000000000006,0.11172568470675906
0.49000000000000027,0.8700000000000006,0.11251051965558401
0.49000000000000027,0.8600000000000005,0.11330651509469444
0.49000000000000027,0.8500000000000005,0.11411382202316818
0.49000000000000027,0.8400000000000005,0.11493259279951874
0.49000000000000027,0.8300000000000005,0.11576298112015579
0.49000000000000027,0.8200000000000005,0.11660514199603417
0.49000000000000027,0.8100000000000005,0.11745923172742784
0.49000000000000027,0.8000000000000005,0.11832540787676905
0.49000000000000027,0.7900000000000005,0.11920382923948747
0.49000000000000027,0.7800000000000005,0.1200946558127877
0.49000000000000027,0.7700000000000005,0.12099804876230132
0.49000000000000027,0.7600000000000005,0.1219141703865474
0.49000000000000027,0.7500000000000004,0.12284318407913992
0.49000000000000027,0.7400000000000004,0.12378525428867468
0.49000000000000027,0.7300000000000004,0.12474054647623284
0.49000000000000027,0.7200000000000004,0.12570922707043533
0.49000000000000027,0.7100000000000004,0.12669146341998458
0.49000000000000027,0.7000000000000004,0.12768742374362804
0.49000000000000027,0.6900000000000004,0.12869727707748066
0.49000000000000027,0.6800000000000004,0.12972119321964345
0.49000000000000027,0.6700000000000004,0.13075934267205383
0.49000000000000027,0.6600000000000004,0.13181189657950887
0.49000000000000027,0.6500000000000004,0.1328790266657981
0.49000000000000027,0.6400000000000003,0.1339609051668892
0.49000000000000027,0.6300000000000003,0.13505770476110665
0.49000000000000027,0.6200000000000003,0.13616959849624868
0.49000000000000027,0.6100000000000003,0.13729675971358737
0.49000000000000027,0.6000000000000003,0.1384393619687
0.49000000000000027,0.5900000000000003,0.13959757894908156
0.49000000000000027,0.5800000000000003,0.14077158438849086
0.49000000000000027,0.5700000000000003,0.1419615519779856
0.49000000000000027,0.5600000000000003,0.143167655273605
0.49000000000000027,0.5500000000000003,0.14439006760066084
0.49000000000000027,0.5400000000000003,0.1456289619546025
0.49000000000000027,0.5300000000000002,0.1468845108984245
0.49000000000000027,0.5200000000000002,0.14815688645658967
0.49000000000000027,0.5100000000000002,0.1494462600054453
0.49000000000000027,0.5000000000000002,0.15075280216011294
0.49000000000000027,0.49000000000000027,0.15207668265784066
0.49000000000000027,0.48000000000000026,0.15341807023780718
0.49000000000000027,0.47000000000000025,0.15477713251737812
0.49000000000000027,0.46000000000000024,0.15615403586481472
0.49000000000000027,0.45000000000000023,0.15754894526844676
0.49000000000000027,0.4400000000000002,0.15896202420232414
0.49000000000000027,0.4300000000000002,0.16039343448837037
0.49000000000000027,0.4200000000000002,0.1618433361550667
0.49000000000000027,0.4100000000000002,0.16331188729270446
0.49000000000000027,0.4000000000000002,0.16479924390524997
0.49000000000000027,0.3900000000000002,0.1663055597588743
0.49000000000000027,0.38000000000000017,0.1678309862272088
0.49000000000000027,0.37000000000000016,0.16937567213339524
0.49000000000000027,0.36000000000000015,0.17093976358900875
0.49000000000000027,0.35000000000000014,0.17252340382994066
0.49000000000000027,0.34000000000000014,0.17412673304933757
0.49000000000000027,0.3300000000000001,0.17574988822770213
0.49000000000000027,0.3200000000000001,0.1773930029602717
0.49000000000000027,0.3100000000000001,0.17905620728180055
0.49000000000000027,0.3000000000000001,0.18073962748888112
0.49000000000000027,0.2900000000000001,0.1824433859599505
0.49000000000000027,0.2800000000000001,0.18416760097313933
0.49000000000000027,0.2700000000000001,0.1859123865221307
0.49000000000000027,0.26000000000000006,0.18767785213020588
0.49000000000000027,0.25000000000000006,0.1894641026626676
0.49000000000000027,0.24000000000000007,0.1912712381378398
0.49000000000000027,0.23000000000000007,0.19309935353685434
0.49000000000000027,0.22000000000000006,0.19494853861244757
0.49000000000000027,0.21000000000000005,0.1968188776969979
0.49000000000000027,0.20000000000000004,0.19871044951004901
0.49000000000000027,0.19000000000000003,0.2006233269655715
0.49000000000000027,0.18000000000000002,0.20255757697922813
0.49000000000000027,0.17,0.20451326027591754
0.49000000000000027,0.16,0.2064904311978807
0.49000000000000027,0.15,0.20848913751366513
0.49000000000000027,0.13999999999999999,0.21050942022825067
0.49000000000000027,0.12999999999999998,0.21255131339465044
0.49000000000000027,0.11999999999999998,0.21461484392730817
0.49000000000000027,0.10999999999999999,0.2167000314176217
0.49000000000000027,0.09999999999999999,0.21880688795193207
0.49000000000000027,0.09,0.2209354179323203
0.49000000000000027,0.08,0.22308561790056528
0.49000000000000027,0.07,0.22525747636561927
0.49000000000000027,0.060000000000000005,0.22745097363496353
0.49000000000000027,0.05,0.2296660816502102
0.49000000000000027,0.04,0.23190276382732158
0.49000000000000027,0.03,0.2341609749018202
0.49000000000000027,0.02,0.23644066077936365
0.49000000000000027,0.01,0.23874175839206163
0.49000000000000027,0,0.2410641955609102
0.48000000000000026,1.0000000000000007,0.10385131129601531
0.48000000000000026,0.9900000000000007,0.10452378126497414
0.48000000000000026,0.9800000000000006,0.10520585635208486
0.48000000000000026,0.9700000000000006,0.10589767177049032
0.48000000000000026,0.9600000000000006,0.10659936422672008
0.48000000000000026,0.9500000000000006,0.10731107191520002
0.48000000000000026,0.9400000000000006,0.10803293451156083
0.48000000000000026,0.9300000000000006,0.1087650931646945
0.48000000000000026,0.9200000000000006,0.10950769048750782
0.48000000000000026,0.9100000000000006,0.11026087054631893
0.48000000000000026,0.9000000000000006,0.11102477884884288
0.48000000000000026,0.8900000000000006,0.11179956233071138
0.48000000000000026,0.8800000000000006,0.11258536934047093
0.48000000000000026,0.8700000000000006,0.11338234962300092
0.48000000000000026,0.8600000000000005,0.1141906543012945
0.48000000000000026,0.8500000000000005,0.11501043585654275
0.48000000000000026,0.8400000000000005,0.11584184810646253
0.48000000000000026,0.8300000000000005,0.11668504618180668
0.48000000000000026,0.8200000000000005,0.11754018650099535
0.48000000000000026,0.8100000000000005,0.11840742674280628
0.48000000000000026,0.8000000000000005,0.11928692581706143
0.48000000000000026,0.7900000000000005,0.12017884383324555
0.48000000000000026,0.7800000000000005,0.12108334206699414
0.48000000000000026,0.7700000000000005,0.12200058292438573
0.48000000000000026,0.7600000000000005,0.12293072990397398
0.48000000000000026,0.7500000000000004,0.1238739475564954
0.48000000000000026,0.7400000000000004,0.12483040144218756
0.48000000000000026,0.7300000000000004,0.12580025808565296
0.48000000000000026,0.7200000000000004,0.12678368492820408
0.48000000000000026,0.7100000000000004,0.1277808502776264
0.48000000000000026,0.7000000000000004,0.1287919232552931
0.48000000000000026,0.6900000000000004,0.12981707374057147
0.48000000000000026,0.6800000000000004,0.13085647231245576
0.48000000000000026,0.6700000000000004,0.13191029018836672
0.48000000000000026,0.6600000000000004,0.13297869916005647
0.48000000000000026,0.6500000000000004,0.13406187152656024
0.48000000000000026,0.6400000000000003,0.1351599800241363
0.48000000000000026,0.6300000000000003,0.13627319775313876
0.48000000000000026,0.6200000000000003,0.13740169810176917
0.48000000000000026,0.6100000000000003,0.13854565466665397
0.48000000000000026,0.6000000000000003,0.13970524117019847
0.48000000000000026,0.5900000000000003,0.14088063137467036
0.48000000000000026,0.5800000000000003,0.14207199899296727
0.48000000000000026,0.5700000000000003,0.14327951759602806
0.48000000000000026,0.5600000000000003,0.1445033605168485
0.48000000000000026,0.5500000000000003,0.14574370075106724
0.48000000000000026,0.5400000000000003,0.14700071085409094
0.48000000000000026,0.5300000000000002,0.14827456283473173
0.48000000000000026,0.5200000000000002,0.14956542804533435
0.48000000000000026,0.5100000000000002,0.15087347706837567
0.48000000000000026,0.5000000000000002,0.15219887959952302
0.48000000000000026,0.49000000000000027,0.15354180432714348
0.48000000000000026,0.48000000000000026,0.1549024188082633
0.48000000000000026,0.47000000000000025,0.15628088934097925
0.48000000000000026,0.46000000000000024,0.15767738083333338
0.48000000000000026,0.45000000000000023,0.15909205666866602
0.48000000000000026,0.4400000000000002,0.16052507856747136
0.48000000000000026,0.4300000000000002,0.16197660644578485
0.48000000000000026,0.4200000000000002,0.16344679827013947
0.48000000000000026,0.4100000000000002,0.1649358099091373
0.48000000000000026,0.4000000000000002,0.1664437949816881
0.48000000000000026,0.3900000000000002,0.1679709047019769
0.48000000000000026,0.38000000000000017,0.16951728772123023
0.48000000000000026,0.37000000000000016,0.1710830899663594
0.48000000000000026,0.36000000000000015,0.17266845447556914
0.48000000000000026,0.35000000000000014,0.17427352123102816
0.48000000000000026,0.34000000000000014,0.17589842698870817
0.48000000000000026,0.3300000000000001,0.17754330510550784
0.48000000000000026,0.3200000000000001,0.17920828536378924
0.48000000000000026,0.3100000000000001,0.18089349379346117
0.48000000000000026,0.3000000000000001,0.18259905249175856
0.48000000000000026,0.2900000000000001,0.1843250794408743
0.48000000000000026,0.2800000000000001,0.18607168832361237
0.48000000000000026,0.2700000000000001,0.18783898833724064
0.48000000000000026,0.26000000000000006,0.18962708400573391
0.48000000000000026,0.25000000000000006,0.19143607499060736
0.48000000000000026,0.24000000000000007,0.19326605590055257
0.48000000000000026,0.23000000000000007,0.19511711610009858
0.48000000000000026,0.22000000000000006,0.1969893395175305
0.48000000000000026,0.21000000000000005,0.19888280445231193
0.48000000000000026,0.20000000000000004,0.20079758338226394
0.48000000000000026,0.19000000000000003,0.20273374277076714
0.48000000000000026,0.18000000000000002,0.20469134287426216
0.48000000000000026,0.17,0.2066704375503342
0.48000000000000026,0.16,0.20867107406667731
0.48000000000000026,0.15,0.21069329291124272
0.48000000000000026,0.13999999999999999,0.2127371276038863
0.48000000000000026,0.12999999999999998,0.21480260450983604
0.48000000000000026,0.11999999999999998,0.2168897426553124
0.48000000000000026,0.10999999999999999,0.21899855354563721
0.48000000000000026,0.09999999999999999,0.22112904098618005
0.48000000000000026,0.09,0.22328120090649042
0.48000000000000026,0.08,0.2254550211879765
0.48000000000000026,0.07,0.22765048149549155
0.48000000000000026,0.060000000000000005,0.22986755311319626
0.48000000000000026,0.05,0.23210619878506705
0.48000000000000026,0.04,0.2343663725604246
0.48000000000000026,0.03,0.23664801964485788
0.48000000000000026,0.02,0.2389510762569197
0.48000000000000026,0.01,0.24127546949097076
0.48000000000000026,0,0.24362111718654608
0.47000000000000025,1.0000000000000007,0.10458875968965793
0.47000000000000025,0.9900000000000007,0.1052716876112524
0.47000000000000025,0.9800000000000006,0.10596436737734548
0.47000000000000025,0.9700000000000006,0.10666693582427667
0.47000000000000025,0.9600000000000006,0.10737953127611183
0.47000000000000025,0.9500000000000006,0.10810229353786317
0.47000000000000025,0.9400000000000006,0.10883536388745195
0.47000000000000025,0.9300000000000006,0.10957888506636439
0.47000000000000025,0.9200000000000006,0.11033300126894606
0.47000000000000025,0.9100000000000006,0.11109785813028214
0.47000000000000025,0.9000000000000006,0.11187360271260652
0.47000000000000025,0.8900000000000006,0.11266038349018438
0.47000000000000025,0.8800000000000006,0.11345835033261154
0.47000000000000025,0.8700000000000006,0.11426765448647061
0.47000000000000025,0.8600000000000005,0.1150884485552866
0.47000000000000025,0.8500000000000005,0.11592088647772093
0.47000000000000025,0.8400000000000005,0.1167651235039424
0.47000000000000025,0.8300000000000005,0.11762131617011572
0.47000000000000025,0.8200000000000005,0.1184896222709426
0.47000000000000025,0.8100000000000005,0.11937020083019427
0.47000000000000025,0.8000000000000005,0.12026321206917152
0.47000000000000025,0.7900000000000005,0.12116881737302793
0.47000000000000025,0.7800000000000005,0.12208717925489272
0.47000000000000025,0.7700000000000005,0.12301846131772813
0.47000000000000025,0.7600000000000005,0.12396282821385617
0.47000000000000025,0.7500000000000004,0.12492044560209194
0.47000000000000025,0.7400000000000004,0.1258914801024155
0.47000000000000025,0.7300000000000004,0.12687609924812115
0.47000000000000025,0.7200000000000004,0.12787447143537756
0.47000000000000025,0.7100000000000004,0.12888676587013587
0.47000000000000025,0.7000000000000004,0.12991315251232238
0.47000000000000025,0.6900000000000004,0.1309538020172538
0.47000000000000025,0.6800000000000004,0.1320088856742127
0.47000000000000025,0.6700000000000004,0.13307857534212386
0.47000000000000025,0.6600000000000004,0.13416304338227134
0.47000000000000025,0.6500000000000004,0.13526246258799965
0.47000000000000025,0.6400000000000003,0.13637700611134207
0.47000000000000025,0.6300000000000003,0.13750684738652288
0.47000000000000025,0.6200000000000003,0.1386521600502806
0.47000000000000025,0.6100000000000003,0.13981311785896383
0.47000000000000025,0.6000000000000003,0.14098989460235054
0.47000000000000025,0.5900000000000003,0.14218266401414922
0.47000000000000025,0.5800000000000003,0.1433915996791377
0.47000000000000025,0.5700000000000003,0.1446168749369032
0.47000000000000025,0.5600000000000003,0.14585866278214946
0.47000000000000025,0.5500000000000003,0.1471171357615391
0.47000000000000025,0.5400000000000003,0.14839246586704488
0.47000000000000025,0.5300000000000002,0.14968482442578893
0.47000000000000025,0.5200000000000002,0.15099438198635015
0.47000000000000025,0.5100000000000002,0.15232130820153023
0.47000000000000025,0.5000000000000002,0.15366577170756723
0.47000000000000025,0.49000000000000027,0.1550279399997986
0.47000000000000025,0.48000000000000026,0.15640797930477537
0.47000000000000025,0.47000000000000025,0.15780605444883855
0.47000000000000025,0.46000000000000024,0.1592223287231744
0.47000000000000025,0.45000000000000023,0.16065696374537222
0.47000000000000025,0.4400000000000002,0.16211011931751487
0.47000000000000025,0.4300000000000002,0.16358195328084055
0.47000000000000025,0.4200000000000002,0.1650726213670204
0.47000000000000025,0.4100000000000002,0.1665822770461072
0.47000000000000025,0.4000000000000002,0.16811107137121556
0.47000000000000025,0.3900000000000002,0.1696591528200048
0.47000000000000025,0.38000000000000017,0.17122666713304363
0.47000000000000025,0.37000000000000016,0.17281375714914535
0.47000000000000025,0.36000000000000015,0.1744205626377709
0.47000000000000025,0.35000000000000014,0.17604722012860693
0.47000000000000025,0.34000000000000014,0.1776938627384372
0.47000000000000025,0.3300000000000001,0.17936061999543298
0.47000000000000025,0.3200000000000001,0.18104761766100122
0.47000000000000025,0.3100000000000001,0.18275497754933728
0.47000000000000025,0.3000000000000001,0.18448281734484173
0.47000000000000025,0.2900000000000001,0.18623125041756905
0.47000000000000025,0.2800000000000001,0.18800038563688956
0.47000000000000025,0.2700000000000001,0.1897903271835533
0.47000000000000025,0.26000000000000006,0.19160117436036014
0.47000000000000025,0.25000000000000006,0.1934330214016461
0.47000000000000025,0.24000000000000007,0.195285957281811
0.47000000000000025,0.23000000000000007,0.19716006552312132
0.47000000000000025,0.22000000000000006,0.19905542400303317
0.47000000000000025,0.21000000000000005,0.2009721047612909
0.47000000000000025,0.20000000000000004,0.2029101738070689
0.47000000000000025,0.19000000000000003,0.20486969092643115
0.47000000000000025,0.18000000000000002,0.20685070949039647
0.47000000000000025,0.17,0.20885327626390554
0.47000000000000025,0.16,0.210877431215995
0.47000000000000025,0.15,0.21292320733149342
0.47000000000000025,0.13999999999999999,0.21499063042456307
0.47000000000000025,0.12999999999999998,0.2170797189544183
0.47000000000000025,0.11999999999999998,0.21919048384355969
0.47000000000000025,0.10999999999999999,0.22132292829887087
0.47000000000000025,0.09999999999999999,0.22347704763593
0.47000000000000025,0.09,0.22565282910689377
0.47000000000000025,0.08,0.22785025173231882
0.47000000000000025,0.07,0.2300692861372871
0.47000000000000025,0.060000000000000005,0.2323098943922067
0.47000000000000025,0.05,0.2345720298586632
0.47000000000000025,0.04,0.23685563704069496
0.47000000000000025,0.03,0.23916065144187154
0.47000000000000025,0.02,0.24148699942855018
0.47000000000000025,0.01,0.2438345980996861
0.47000000000000025,0,0.24620335516356978
0.46000000000000024,1.0000000000000007,0.10533766698961784
0.46000000000000024,0.9900000000000007,0.10603121271333375
0.46000000000000024,0.9800000000000006,0.10673465877265484
0.46000000000000024,0.9700000000000006,0.10744814362110089
0.46000000000000024,0.9600000000000006,0.10817180719286477
0.46000000000000024,0.9500000000000006,0.10890579089468228
0.46000000000000024,0.9400000000000006,0.10965023759638913
0.46000000000000024,0.9300000000000006,0.1104052916201142
0.46000000000000024,0.9200000000000006,0.11117109872805225
0.46000000000000024,0.9100000000000006,0.11194780610876219
0.46000000000000024,0.9000000000000006,0.11273556236193492
0.46000000000000024,0.8900000000000006,0.11353451748157195
0.46000000000000024,0.8800000000000006,0.11434482283751718
0.46000000000000024,0.8700000000000006,0.11516663115528299
0.46000000000000024,0.8600000000000005,0.11600009649410957
0.46000000000000024,0.8500000000000005,0.11684537422319759
0.46000000000000024,0.8400000000000005,0.11770262099605167
0.46000000000000024,0.8300000000000005,0.11857199472287241
0.46000000000000024,0.8200000000000005,0.11945365454093494
0.46000000000000024,0.8100000000000005,0.12034776078288865
0.46000000000000024,0.8000000000000005,0.1212544749429162
0.46000000000000024,0.7900000000000005,0.12217395964068592
0.46000000000000024,0.7800000000000005,0.12310637858303349
0.46000000000000024,0.7700000000000005,0.12405189652330861
0.46000000000000024,0.7600000000000005,0.12501067921832099
0.46000000000000024,0.7500000000000004,0.12598289338282148
0.46000000000000024,0.7400000000000004,0.12696870664145377
0.46000000000000024,0.7300000000000004,0.12796828747811187
0.46000000000000024,0.7200000000000004,0.12898180518264052
0.46000000000000024,0.7100000000000004,0.13000942979481442
0.46000000000000024,0.7000000000000004,0.13105133204553443
0.46000000000000024,0.6900000000000004,0.13210768329517936
0.46000000000000024,0.6800000000000004,0.13317865546905255
0.46000000000000024,0.6700000000000004,0.13426442098986474
0.46000000000000024,0.6600000000000004,0.13536515270719504
0.46000000000000024,0.6500000000000004,0.1364810238238751
0.46000000000000024,0.6400000000000003,0.137612207819241
0.46000000000000024,0.6300000000000003,0.13875887836920273
0.46000000000000024,0.6200000000000003,0.13992120926308033
0.46000000000000024,0.6100000000000003,0.14109937431716008
0.46000000000000024,0.6000000000000003,0.14229354728492777
0.46000000000000024,0.5900000000000003,0.14350390176393493
0.46000000000000024,0.5800000000000003,0.14473061109926413
0.46000000000000024,0.5700000000000003,0.14597384828355564
0.46000000000000024,0.5600000000000003,0.14723378585356744
0.46000000000000024,0.5500000000000003,0.14851059578324063
0.46000000000000024,0.5400000000000003,0.14980444937324952
0.46000000000000024,0.5300000000000002,0.15111551713701862
0.46000000000000024,0.5200000000000002,0.1524439686831942
0.46000000000000024,0.5100000000000002,0.15378997259456395
0.46000000000000024,0.5000000000000002,0.15515369630342324
0.46000000000000024,0.49000000000000027,0.15653530596339163
0.46000000000000024,0.48000000000000026,0.1579349663176922
0.46000000000000024,0.47000000000000025,0.15935284056390844
0.46000000000000024,0.46000000000000024,0.1607890902152451
0.46000000000000024,0.45000000000000023,0.1622438749583224
0.46000000000000024,0.4400000000000002,0.16371735250754296
0.46000000000000024,0.4300000000000002,0.16520967845607695
0.46000000000000024,0.4200000000000002,0.16672100612352106
0.46000000000000024,0.4100000000000002,0.1682514864002916
0.46000000000000024,0.4000000000000002,0.16980126758882563
0.46000000000000024,0.3900000000000002,0.1713704952416672
0.46000000000000024,0.38000000000000017,0.1729593119965304
0.46000000000000024,0.37000000000000016,0.17456785740843533
0.46000000000000024,0.36000000000000015,0.1761962677790273
0.46000000000000024,0.35000000000000014,0.17784467598319575
0.46000000000000024,0.34000000000000014,0.17951321129312056
0.46000000000000024,0.3300000000000001,0.18120199919988608
0.46000000000000024,0.3200000000000001,0.18291116123280896
0.46000000000000024,0.3100000000000001,0.184640814776641
0.46000000000000024,0.3000000000000001,0.18639107288681556
0.46000000000000024,0.2900000000000001,0.1881620441029192
0.46000000000000024,0.2800000000000001,0.18995383226058035
0.46000000000000024,0.2700000000000001,0.1917665363019754
0.46000000000000024,0.26000000000000006,0.19360025008516923
0.46000000000000024,0.25000000000000006,0.1954550621925109
0.46000000000000024,0.24000000000000007,0.19733105573832246
0.46000000000000024,0.23000000000000007,0.19922830817612527
0.46000000000000024,0.22000000000000006,0.20114689110566092
0.46000000000000024,0.21000000000000005,0.20308687007997442
0.46000000000000024,0.20000000000000004,0.20504830441283584
0.46000000000000024,0.19000000000000003,0.20703124698678882
0.46000000000000024,0.18000000000000002,0.2090357440621231
0.46000000000000024,0.17,0.2110618350870768
0.46000000000000024,0.16,0.21310955250958438
0.46000000000000024,0.15,0.21517892159089516
0.46000000000000024,0.13999999999999999,0.21726996022139286
0.46000000000000024,0.12999999999999998,0.21938267873895842
0.46000000000000024,0.11999999999999998,0.22151707975022014
0.46000000000000024,0.10999999999999999,0.22367315795504708
0.46000000000000024,0.09999999999999999,0.22585089997464294
0.46000000000000024,0.09,0.22805028418360446
0.46000000000000024,0.08,0.2302712805463138
0.46000000000000024,0.07,0.2325138504580357
0.46000000000000024,0.060000000000000005,0.2347779465910934
0.46000000000000024,0.05,0.23706351274650073
0.46000000000000024,0.04,0.2393704837114254
0.46000000000000024,0.03,0.24169878512286225
0.46000000000000024,0.02,0.24404833333788958
0.46000000000000024,0.01,0.24641903531088408
0.46000000000000024,0,0.2488107884780627
0.45000000000000023,1.0000000000000007,0.106098208025996
0.45000000000000023,0.9900000000000007,0.10680253332065619
0.45000000000000023,0.9800000000000006,0.10751690920018946
0.45000000000000023,0.9700000000000006,0.10824147572776711
0.45000000000000023,0.9600000000000006,0.10897637443872212
0.45000000000000023,0.9500000000000006,0.10972174833100858
0.45000000000000023,0.9400000000000006,0.1104777418542911
0.45000000000000023,0.9300000000000006,0.11124450089761118
0.45000000000000023,0.9200000000000006,0.11202217277557405
0.45000000000000023,0.9100000000000006,0.11281090621300026
0.45000000000000023,0.9000000000000006,0.11361085132798376
0.45000000000000023,0.8900000000000006,0.11442215961329891
0.45000000000000023,0.8800000000000006,0.11524498391609594
0.45000000000000023,0.8700000000000006,0.11607947841582632
0.45000000000000023,0.8600000000000005,0.11692579860033459
0.45000000000000023,0.8500000000000005,0.1177841012400581
0.45000000000000023,0.8400000000000005,0.11865454436026877
0.45000000000000023,0.8300000000000005,0.11953728721129654
0.45000000000000023,0.8200000000000005,0.12043249023666931
0.45000000000000023,0.8100000000000005,0.12134031503910647
0.45000000000000023,0.8000000000000005,0.12226092434430047
0.45000000000000023,0.7900000000000005,0.1231944819624227
0.45000000000000023,0.7800000000000005,0.12414115274728865
0.45000000000000023,0.7700000000000005,0.1251011025531169
0.45000000000000023,0.7600000000000005,0.12607449818881855
0.45000000000000023,0.7500000000000004,0.12706150736975072
0.45000000000000023,0.7400000000000004,0.12806229866687135
0.45000000000000023,0.7300000000000004,0.1290770414532309
0.45000000000000023,0.7200000000000004,0.13010590584773782
0.45000000000000023,0.7100000000000004,0.13114906265613546
0.45000000000000023,0.7000000000000004,0.13220668330912924
0.45000000000000023,0.6900000000000004,0.13327893979760339
0.45000000000000023,0.6800000000000004,0.1343660046048688
0.45000000000000023,0.6700000000000004,0.13546805063588405
0.45000000000000023,0.6600000000000004,0.13658525114339384
0.45000000000000023,0.6500000000000004,0.13771777965093174
0.45000000000000023,0.6400000000000003,0.1388658098726339
0.45000000000000023,0.6300000000000003,0.14002951562981636
0.45000000000000023,0.6200000000000003,0.1412090707642675
0.45000000000000023,0.6100000000000003,0.1424046490482122
0.45000000000000023,0.6000000000000003,0.1436164240909072
0.45000000000000023,0.5900000000000003,0.1448445692418292
0.45000000000000023,0.5800000000000003,0.1460892574904227
0.45000000000000023,0.5700000000000003,0.14735066136237632
0.45000000000000023,0.5600000000000003,0.14862895281240274
0.45000000000000023,0.5500000000000003,0.14992430311349947
0.45000000000000023,0.5400000000000003,0.15123688274267533
0.45000000000000023,0.5300000000000002,0.15256686126312788
0.45000000000000023,0.5200000000000002,0.15391440720286897
0.45000000000000023,0.5100000000000002,0.15527968792979394
0.45000000000000023,0.5000000000000002,0.1566628695232018
0.45000000000000023,0.49000000000000027,0.1580641166417761
0.45000000000000023,0.48000000000000026,0.1594835923880453
0.45000000000000023,0.47000000000000025,0.1609214581693462
0.45000000000000023,0.46000000000000024,0.1623778735553222
0.45000000000000023,0.45000000000000023,0.1638529961319961
0.45000000000000023,0.4400000000000002,0.1653469813524634
0.45000000000000023,0.4300000000000002,0.1668599823842616
0.45000000000000023,0.4200000000000002,0.16839214995347818
0.45000000000000023,0.4100000000000002,0.16994363218566896
0.45000000000000023,0.4000000000000002,0.17151457444366847
0.45000000000000023,0.3900000000000002,0.1731051191623802
0.45000000000000023,0.38000000000000017,0.1747154056806483
0.45000000000000023,0.37000000000000016,0.17634557007031718
0.45000000000000023,0.36000000000000015,0.17799574496259998
0.45000000000000023,0.35000000000000014,0.17966605937188262
0.45000000000000023,0.34000000000000014,0.1813566385171038
0.45000000000000023,0.3300000000000001,0.18306760364086025
0.45000000000000023,0.3200000000000001,0.1847990718263968
0.45000000000000023,0.3100000000000001,0.18655115581265239
0.45000000000000023,0.3000000000000001,0.1883239638075434
0.45000000000000023,0.2900000000000001,0.19011759929967725
0.45000000000000023,0.2800000000000001,0.19193216086869905
0.45000000000000023,0.2700000000000001,0.19376774199448596
0.45000000000000023,0.26000000000000006,0.19562443086541456
0.45000000000000023,0.25000000000000006,0.19750231018593709
0.45000000000000023,0.24000000000000007,0.19940145698371337
0.45000000000000023,0.23000000000000007,0.20132194241655682
0.45000000000000023,0.22000000000000006,0.20326383157946096
0.45000000000000023,0.21000000000000005,0.20522718331198606
0.45000000000000023,0.20000000000000004,0.2072120500062938
0.45000000000000023,0.19000000000000003,0.20921847741612745
0.45000000000000023,0.18000000000000002,0.21124650446704532
0.45000000000000023,0.17,0.2132961630682238
0.45000000000000023,0.16,0.2153674779261552
0.45000000000000023,0.15,0.2174604663605724
0.45000000000000023,0.13999999999999999,0.21957513812294166
0.45000000000000023,0.12999999999999998,0.2217114952178714
0.45000000000000023,0.11999999999999998,0.22386953172778926
0.45000000000000023,0.10999999999999999,0.22604923364124915
0.45000000000000023,0.09999999999999999,0.22825057868523088
0.45000000000000023,0.09,0.23047353616180222
0.45000000000000023,0.08,0.23271806678951545
0.45000000000000023,0.07,0.23498412254991252
0.45000000000000023,0.060000000000000005,0.2372716465395157
0.45000000000000023,0.05,0.23958057282768067
0.45000000000000023,0.04,0.24191082632068875
0.45000000000000023,0.03,0.24426232263245387
0.45000000000000023,0.02,0.2466349679622178
0.45000000000000023,0.01,0.2490286589796029
0.45000000000000023,0,0.25144328271738847
0.4400000000000002,1.0000000000000007,0.10687055971722395
0.4400000000000002,0.9900000000000007,0.10758582826353331
0.4400000000000002,0.9800000000000006,0.10831129939389633
0.4400000000000002,0.9700000000000006,0.10904711477202438
0.4400000000000002,0.9600000000000006,0.10979341752375549
0.4400000000000002,0.9500000000000006,0.11055035222604082
0.4400000000000002,0.9400000000000006,0.11131806489450354
0.4400000000000002,0.9300000000000006,0.11209670296951352
0.4400000000000002,0.9200000000000006,0.1128864153007226
0.4400000000000002,0.9100000000000006,0.11368735213000165
0.4400000000000002,0.9000000000000006,0.11449966507272163
0.4400000000000002,0.8900000000000006,0.11532350709731919
0.4400000000000002,0.8800000000000006,0.11615903250308546
0.4400000000000002,0.8700000000000006,0.11700639689611925
0.4400000000000002,0.8600000000000005,0.11786575716338012
0.4400000000000002,0.8500000000000005,0.11873727144478043
0.4400000000000002,0.8400000000000005,0.11962109910325339
0.4400000000000002,0.8300000000000005,0.120517400692732
0.4400000000000002,0.8200000000000005,0.12142633792397689
0.4400000000000002,0.8100000000000005,0.1223480736281866
0.4400000000000002,0.8000000000000005,0.12328277171832681
0.4400000000000002,0.7900000000000005,0.12423059714811376
0.4400000000000002,0.7800000000000005,0.12519171586858585
0.4400000000000002,0.7700000000000005,0.12616629478220018
0.4400000000000002,0.7600000000000005,0.12715450169438808
0.4400000000000002,0.7500000000000004,0.1281565052625062
0.4400000000000002,0.7400000000000004,0.1291724749421193
0.4400000000000002,0.7300000000000004,0.13020258093055134
0.4400000000000002,0.7200000000000004,0.13124699410764246
0.4400000000000002,0.7100000000000004,0.1323058859736513
0.4400000000000002,0.7000000000000004,0.13337942858424162
0.4400000000000002,0.6900000000000004,0.13446779448249396
0.4400000000000002,0.6800000000000004,0.13557115662788702
0.4400000000000002,0.6700000000000004,0.13668968832218983
0.4400000000000002,0.6600000000000004,0.13782356313221444
0.4400000000000002,0.6500000000000004,0.13897295480937422
0.4400000000000002,0.6400000000000003,0.1401380372060017
0.4400000000000002,0.6300000000000003,0.1413189841883763
0.4400000000000002,0.6200000000000003,0.1425159695464208
0.4400000000000002,0.6100000000000003,0.14372916690002338
0.4400000000000002,0.6000000000000003,0.14495874960195043
0.4400000000000002,0.5900000000000003,0.14620489063731343
0.4400000000000002,0.5800000000000003,0.14746776251956303
0.4400000000000002,0.5700000000000003,0.14874753718298245
0.4400000000000002,0.5600000000000003,0.15004438587165955
0.4400000000000002,0.5500000000000003,0.15135847902492167
0.4400000000000002,0.5400000000000003,0.15268998615922036
0.4400000000000002,0.5300000000000002,0.15403907574646183
0.4400000000000002,0.5200000000000002,0.15540591508877968
0.4400000000000002,0.5100000000000002,0.15679067018975865
0.4400000000000002,0.5000000000000002,0.158193505622118
0.4400000000000002,0.49000000000000027,0.15961458439187476
0.4400000000000002,0.48000000000000026,0.16105406779901002
0.4400000000000002,0.47000000000000025,0.16251211529467266
0.4400000000000002,0.46000000000000024,0.16398888433495773
0.4400000000000002,0.45000000000000023,0.16548453023130866
0.4400000000000002,0.4400000000000002,0.16699920599759754
0.4400000000000002,0.4300000000000002,0.16853306219394837
0.4400000000000002,0.4200000000000002,0.17008624676737435
0.4400000000000002,0.4100000000000002,0.1716589048893116
0.4400000000000002,0.4000000000000002,0.17325117879013952
0.4400000000000002,0.3900000000000002,0.17486320759078747
0.4400000000000002,0.38000000000000017,0.17649512713153706
0.4400000000000002,0.37000000000000016,0.17814706979814093
0.4400000000000002,0.36000000000000015,0.1798191643453855
0.4400000000000002,0.35000000000000014,0.18151153571823922
0.4400000000000002,0.34000000000000014,0.18322430487073568
0.4400000000000002,0.3300000000000001,0.18495758858275277
0.4400000000000002,0.3200000000000001,0.18671149927486025
0.4400000000000002,0.3100000000000001,0.18848614482141612
0.4400000000000002,0.3000000000000001,0.19028162836210746
0.4400000000000002,0.2900000000000001,0.19209804811213885
0.4400000000000002,0.2800000000000001,0.19393549717128322
0.4400000000000002,0.2700000000000001,0.19579406333202254
0.4400000000000002,0.26000000000000006,0.19767382888701385
0.4400000000000002,0.25000000000000006,0.19957487043612956
0.4400000000000002,0.24000000000000007,0.20149725869332982
0.4400000000000002,0.23000000000000007,0.203441058293636
0.4400000000000002,0.22000000000000006,0.2054063276004846
0.4400000000000002,0.21000000000000005,0.20739311851374978
0.4400000000000002,0.20000000000000004,0.2094014762787351
0.4400000000000002,0.19000000000000003,0.21143143929644037
0.4400000000000002,0.18000000000000002,0.21348303893542325
0.4400000000000002,0.17,0.21555629934557843
0.4400000000000002,0.16,0.21765123727417068
0.4400000000000002,0.15,0.219767861884462
0.4400000000000002,0.13999999999999999,0.22190617457728004
0.4400000000000002,0.12999999999999998,0.2240661688158839
0.4400000000000002,0.11999999999999998,0.22624782995448664
0.4400000000000002,0.10999999999999999,0.22845113507079978
0.4400000000000002,0.09999999999999999,0.2306760528029685
0.4400000000000002,0.09,0.23292254319127054
0.4400000000000002,0.08,0.23519055752495435
0.4400000000000002,0.07,0.23748003819459176
0.4400000000000002,0.060000000000000005,0.239790918550324
0.4400000000000002,0.05,0.24212312276637676
0.4400000000000002,0.04,0.24447656571222073
0.4400000000000002,0.03,0.24685115283075107
0.4400000000000002,0.02,0.24924678002385425
0.4400000000000002,0.01,0.25166333354572895
0.4400000000000002,0,0.2541006899043205
0.4300000000000002,1.0000000000000007,0.10765490106142003
0.4300000000000002,0.9900000000000007,0.10838127844270191
0.4300000000000002,0.9800000000000006,0.10911801214715564
0.4300000000000002,0.9700000000000006,0.10986524542826696
0.4300000000000002,0.9600000000000006,0.1106231229900221
0.4300000000000002,0.9500000000000006,0.11139179097435808
0.4300000000000002,0.9400000000000006,0.1121713969471256
0.4300000000000002,0.9300000000000006,0.11296208988250692
0.4300000000000002,0.9200000000000006,0.11376402014583141
0.4300000000000002,0.9100000000000006,0.11457733947473075
0.4300000000000002,0.9000000000000006,0.11540220095857279
0.4300000000000002,0.8900000000000006,0.11623875901611547
0.4300000000000002,0.8800000000000006,0.11708716937131813
0.4300000000000002,0.8700000000000006,0.11794758902724965
0.4300000000000002,0.8600000000000005,0.11882017623802922
0.4300000000000002,0.8500000000000005,0.11970509047873826
0.4300000000000002,0.8400000000000005,0.12060249241323862
0.4300000000000002,0.8300000000000005,0.12151254385983351
0.4300000000000002,0.8200000000000005,0.12243540775470606
0.4300000000000002,0.8100000000000005,0.1233712481130719
0.4300000000000002,0.8000000000000005,0.1243202299879795
0.4300000000000002,0.7900000000000005,0.12528251942669447
0.4300000000000002,0.7800000000000005,0.1262582834246022
0.4300000000000002,0.7700000000000005,0.12724768987656557
0.4300000000000002,0.7600000000000005,0.1282509075256712
0.4300000000000002,0.7500000000000004,0.1292681059093029
0.4300000000000002,0.7400000000000004,0.13029945530247813
0.4300000000000002,0.7300000000000004,0.13134512665838452
0.4300000000000002,0.7200000000000004,0.1324052915460569
0.4300000000000002,0.7100000000000004,0.13348012208513274
0.4300000000000002,0.7000000000000004,0.13456979087762838
0.4300000000000002,0.6900000000000004,0.1356744709366791
0.4300000000000002,0.6800000000000004,0.13679433561218557
0.4300000000000002,0.6700000000000004,0.13792955851331531
0.4300000000000002,0.6600000000000004,0.13908031342780586
0.4300000000000002,0.6500000000000004,0.14024677423802237
0.4300000000000002,0.6400000000000003,0.1414291148337208
0.4300000000000002,0.6300000000000003,0.14262750902147567
0.4300000000000002,0.6200000000000003,0.1438421304307295
0.4300000000000002,0.6100000000000003,0.14507315241642874
0.4300000000000002,0.6000000000000003,0.1463207479582113
0.4300000000000002,0.5900000000000003,0.14758508955611674
0.4300000000000002,0.5800000000000003,0.14886634912279365
0.4300000000000002,0.5700000000000003,0.1501646978721828
0.4300000000000002,0.5600000000000003,0.15148030620466074
0.4300000000000002,0.5500000000000003,0.15281334358863116
0.4300000000000002,0.5400000000000003,0.1541639784385607
0.4300000000000002,0.5300000000000002,0.1555323779894557
0.4300000000000002,0.5200000000000002,0.15691870816778905
0.4300000000000002,0.5100000000000002,0.15832313345888657
0.4300000000000002,0.5000000000000002,0.1597458167707931
0.4300000000000002,0.49000000000000027,0.16118691929464338
0.4300000000000002,0.48000000000000026,0.16264660036156983
0.4300000000000002,0.47000000000000025,0.1641250172961882
0.4300000000000002,0.46000000000000024,0.1656223252667087
0.4300000000000002,0.45000000000000023,0.16713867713172847
0.4300000000000002,0.4400000000000002,0.16867422328377002
0.4300000000000002,0.4300000000000002,0.17022911148963873
0.4300000000000002,0.4200000000000002,0.17180348672768117
0.4300000000000002,0.4100000000000002,0.1733974910220356
0.4300000000000002,0.4000000000000002,0.17501126327397507
0.4300000000000002,0.3900000000000002,0.17664493909045403
0.4300000000000002,0.38000000000000017,0.17829865060997774
0.4300000000000002,0.37000000000000016,0.17997252632592553
0.4300000000000002,0.36000000000000015,0.18166669090746834
0.4300000000000002,0.35000000000000014,0.18338126501823165
0.4300000000000002,0.34000000000000014,0.1851163651328653
0.4300000000000002,0.3300000000000001,0.1868721033516933
0.4300000000000002,0.3200000000000001,0.188648587213626
0.4300000000000002,0.3100000000000001,0.19044591950752982
0.4300000000000002,0.3000000000000001,0.19226419808225884
0.4300000000000002,0.2900000000000001,0.1941035156555649
0.4300000000000002,0.2800000000000001,0.19596395962211327
0.4300000000000002,0.2700000000000001,0.1978456118608407
0.4300000000000002,0.26000000000000006,0.1997485485419064
0.4300000000000002,0.25000000000000006,0.2016728399334936
0.4300000000000002,0.24000000000000007,0.20361855020873199
0.4300000000000002,0.23000000000000007,0.20558573725302112
0.4300000000000002,0.22000000000000006,0.20757445247204465
0.4300000000000002,0.21000000000000005,0.20958474060077553
0.4300000000000002,0.20000000000000004,0.21161663951377915
0.4300000000000002,0.19000000000000003,0.21367018003713611
0.4300000000000002,0.18000000000000002,0.21574538576230662
0.4300000000000002,0.17,0.21784227286227462
0.4300000000000002,0.16,0.21996084991031134
0.4300000000000002,0.15,0.22210111770170823
0.4300000000000002,0.13999999999999999,0.2242630690788335
0.4300000000000002,0.12999999999999998,0.22644668875987423
0.4300000000000002,0.11999999999999998,0.22865195317162806
0.4300000000000002,0.10999999999999999,0.23087883028671544
0.4300000000000002,0.09999999999999999,0.23312727946558476
0.4300000000000002,0.09,0.23539725130368588
0.4300000000000002,0.08,0.23768868748418912
0.4300000000000002,0.07,0.24000152063662686
0.4300000000000002,0.060000000000000005,0.24233567420183572
0.4300000000000002,0.05,0.2446910623035737
0.4300000000000002,0.04,0.24706758962718692
0.4300000000000002,0.03,0.2494651513056943
0.4300000000000002,0.02,0.2518836328136571
0.4300000000000002,0.01,0.25432290986919004
0.4300000000000002,0,0.25678284834446874
0.4200000000000002,1.0000000000000007,0.10845141312575433
0.4200000000000002,0.9900000000000007,0.10918906681679444
0.4200000000000002,0.9800000000000006,0.10993723229828258
0.4200000000000002,0.9700000000000006,0.11069605440098595
0.4200000000000002,0.9600000000000006,0.11146567939288561
0.4200000000000002,0.9500000000000006,0.11224625496502659
0.4200000000000002,0.9400000000000006,0.11303793021581815
0.4200000000000002,0.9300000000000006,0.11384085563372755
0.4200000000000002,0.9200000000000006,0.11465518307830797
0.4200000000000002,0.9100000000000006,0.11548106575950152
0.4200000000000002,0.9000000000000006,0.11631865821515613
0.4200000000000002,0.8900000000000006,0.11716811628669613
0.4200000000000002,0.8800000000000006,0.11802959709288338
0.4200000000000002,0.8700000000000006,0.11890325900160724
0.4200000000000002,0.8600000000000005,0.11978926159963961
0.4200000000000002,0.8500000000000005,0.1206877656602916
0.4200000000000002,0.8400000000000005,0.12159893310890704
0.4200000000000002,0.8300000000000005,0.12252292698612945
0.4200000000000002,0.8200000000000005,0.1234599114088761
0.4200000000000002,0.8100000000000005,0.12441005152895632
0.4200000000000002,0.8000000000000005,0.12537351348926642
0.4200000000000002,0.7900000000000005,0.1263504643774996
0.4200000000000002,0.7800000000000005,0.12734107217730345
0.4200000000000002,0.7700000000000005,0.12834550571682218
0.4200000000000002,0.7600000000000005,0.1293639346145601
0.4200000000000002,0.7500000000000004,0.1303965292225023
0.4200000000000002,0.7400000000000004,0.13144346056643094
0.4200000000000002,0.7300000000000004,0.13250490028337578
0.4200000000000002,0.7200000000000004,0.1335810205561388
0.4200000000000002,0.7100000000000004,0.13467199404483418
0.4200000000000002,0.7000000000000004,0.1357779938153863
0.4200000000000002,0.6900000000000004,0.1368991932649305
0.4200000000000002,0.6800000000000004,0.13803576604406304
0.4200000000000002,0.6700000000000004,0.13918788597588858
0.4200000000000002,0.6600000000000004,0.14035572697181672
0.4200000000000002,0.6500000000000004,0.14153946294406128
0.4200000000000002,0.6400000000000003,0.1427392677147984
0.4200000000000002,0.6300000000000003,0.1439553149219433
0.4200000000000002,0.6200000000000003,0.14518777792150933
0.4200000000000002,0.6100000000000003,0.14643682968651556
0.4200000000000002,0.6000000000000003,0.14770264270241337
0.4200000000000002,0.5900000000000003,0.14898538885900728
0.4200000000000002,0.5800000000000003,0.1502852393388495
0.4200000000000002,0.5700000000000003,0.151602364502092
0.4200000000000002,0.5600000000000003,0.152936933767785
0.4200000000000002,0.5500000000000003,0.1542891154916175
0.4200000000000002,0.5400000000000003,0.15565907684009872
0.4200000000000002,0.5300000000000002,0.15704698366118813
0.4200000000000002,0.5200000000000002,0.15845300035138485
0.4200000000000002,0.5100000000000002,0.15987728971929782
0.4200000000000002,0.5000000000000002,0.16132001284571987
0.4200000000000002,0.49000000000000027,0.16278132894024167
0.4200000000000002,0.48000000000000026,0.16426139519444433
0.4200000000000002,0.47000000000000025,0.1657603666317204
0.4200000000000002,0.46000000000000024,0.16727839595377847
0.4200000000000002,0.45000000000000023,0.16881563338389882
0.4200000000000002,0.4400000000000002,0.17037222650701045
0.4200000000000002,0.4300000000000002,0.17194832010667577
0.4200000000000002,0.4200000000000002,0.17354405599907202
0.4200000000000002,0.4100000000000002,0.1751595728640721
0.4200000000000002,0.4000000000000002,0.17679500607353563
0.4200000000000002,0.3900000000000002,0.17845048751693143
0.4200000000000002,0.38000000000000017,0.18012614542442185
0.4200000000000002,0.37000000000000016,0.18182210418755138
0.4200000000000002,0.36000000000000015,0.18353848417769034
0.4200000000000002,0.35000000000000014,0.18527540156239736
0.4200000000000002,0.34000000000000014,0.1870329681198731
0.4200000000000002,0.3300000000000001,0.18881129105168995
0.4200000000000002,0.3200000000000001,0.19061047279399213
0.4200000000000002,0.3100000000000001,0.1924306108273731
0.4200000000000002,0.3000000000000001,0.19427179748564607
0.4200000000000002,0.2900000000000001,0.19613411976373743
0.4200000000000002,0.2800000000000001,0.198017659124939
0.4200000000000002,0.2700000000000001,0.1999224913077717
0.4200000000000002,0.26000000000000006,0.20184868613271884
0.4200000000000002,0.25000000000000006,0.20379630730909995
0.4200000000000002,0.24000000000000007,0.20576541224236675
0.4200000000000002,0.23000000000000007,0.2077560518421111
0.4200000000000002,0.22000000000000006,0.2097682703310864
0.4200000000000002,0.21000000000000005,0.2118021050555506
0.4200000000000002,0.20000000000000004,0.2138575862972523
0.4200000000000002,0.19000000000000003,0.21593473708738373
0.4200000000000002,0.18000000000000002,0.21803357302283866
0.4200000000000002,0.17,0.22015410208511618
0.4200000000000002,0.16,0.22229632446222036
0.4200000000000002,0.15,0.22446023237391172
0.4200000000000002,0.13999999999999999,0.22664580990067124
0.4200000000000002,0.12999999999999998,0.2288530328167434
0.4200000000000002,0.11999999999999998,0.2310818684276285
0.4200000000000002,0.10999999999999999,0.2333322754123972
0.4200000000000002,0.09999999999999999,0.23560420367120347
0.4200000000000002,0.09,0.23789759417837247
0.4200000000000002,0.08,0.24021237884144217
0.4200000000000002,0.07,0.24254848036653498
0.4200000000000002,0.060000000000000005,0.24490581213043564
0.4200000000000002,0.05,0.24728427805974856
0.4200000000000002,0.04,0.249683772517504
0.4200000000000002,0.03,0.2521041801975785
0.4200000000000002,0.02,0.25454537602728744
0.4200000000000002,0.01,0.2570072250785034
0.4200000000000002,0,0.25948958248764226
0.4100000000000002,1.0000000000000007,0.10926027903372934
0.4100000000000002,0.9900000000000007,0.11000937838764221
0.4100000000000002,0.9800000000000006,0.11076914671377375
0.4100000000000002,0.9700000000000006,0.11153973040587686
0.4100000000000002,0.9600000000000006,0.1123212772799019
0.4100000000000002,0.9500000000000006,0.1131139365581793
0.4100000000000002,0.9400000000000006,0.1139178588519908
0.4100000000000002,0.9300000000000006,0.11473319614246957
0.4100000000000002,0.9200000000000006,0.11556010175977174
0.4100000000000002,0.9100000000000006,0.11639873036045634
0.4100000000000002,0.9000000000000006,0.11724923790301353
0.4100000000000002,0.8900000000000006,0.11811178162147946
0.4100000000000002,0.8800000000000006,0.11898651999707399
0.4100000000000002,0.8700000000000006,0.11987361272779856
0.4100000000000002,0.8600000000000005,0.12077322069593074
0.4100000000000002,0.8500000000000005,0.12168550593335022
0.4100000000000002,0.8400000000000005,0.12261063158463271
0.4100000000000002,0.8300000000000005,0.12354876186784652
0.4100000000000002,0.8200000000000005,0.12450006203298612
0.4100000000000002,0.8100000000000005,0.1254646983179795
0.4100000000000002,0.8000000000000005,0.12644283790220281
0.4100000000000002,0.7900000000000005,0.12743464885743838
0.4100000000000002,0.7800000000000005,0.12844030009621232
0.4100000000000002,0.7700000000000005,0.12945996131744675
0.4100000000000002,0.7600000000000005,0.130493802949365
0.4100000000000002,0.7500000000000004,0.1315419960895868
0.4100000000000002,0.7400000000000004,0.13260471244235209
0.4100000000000002,0.7300000000000004,0.13368212425281426
0.4100000000000002,0.7200000000000004,0.13477440423834292
0.4100000000000002,0.7100000000000004,0.13588172551678068
0.4100000000000002,0.7000000000000004,0.1370042615315965
0.4100000000000002,0.6900000000000004,0.1381421859738845
0.4100000000000002,0.6800000000000004,0.139295672701155
0.4100000000000002,0.6700000000000004,0.1404648956528704
0.4100000000000002,0.6600000000000004,0.14165002876267924
0.4100000000000002,0.6500000000000004,0.14285124586730505
0.4100000000000002,0.6400000000000003,0.1440687206120499
0.4100000000000002,0.6300000000000003,0.1453026263528768
0.4100000000000002,0.6200000000000003,0.14655313605503648
0.4100000000000002,0.6100000000000003,0.14782042218821068
0.4100000000000002,0.6000000000000003,0.1491046566181464
0.4100000000000002,0.5900000000000003,0.1504060104947617
0.4100000000000002,0.5800000000000003,0.1517246541367062
0.4100000000000002,0.5700000000000003,0.1530607569123664
0.4100000000000002,0.5600000000000003,0.15441448711731187
0.4100000000000002,0.5500000000000003,0.1557860118481808
0.4100000000000002,0.5400000000000003,0.15717549687301346
0.4100000000000002,0.5300000000000002,0.15858310649804558
0.4100000000000002,0.5200000000000002,0.16000900343098168
0.4100000000000002,0.5100000000000002,0.16145334864077387
0.4100000000000002,0.5000000000000002,0.16291630121394204
0.4100000000000002,0.49000000000000027,0.1643980182074737
0.4100000000000002,0.48000000000000026,0.16589865449835528
0.4100000000000002,0.47000000000000025,0.16741836262979057
0.4100000000000002,0.46000000000000024,0.1689572926541726
0.4100000000000002,0.45000000000000023,0.17051559197288288
0.4100000000000002,0.4400000000000002,0.1720934051730018
0.4100000000000002,0.4300000000000002,0.173690873861023
0.4100000000000002,0.4200000000000002,0.1753081364936718
0.4100000000000002,0.4100000000000002,0.17694532820594364
0.4100000000000002,0.4000000000000002,0.178602580636479
0.4100000000000002,0.3900000000000002,0.18028002175041116
0.4100000000000002,0.38000000000000017,0.18197777565982703
0.4100000000000002,0.37000000000000016,0.1836959624419931
0.4100000000000002,0.36000000000000015,0.18543469795551207
0.4100000000000002,0.35000000000000014,0.18719409365458242
0.4100000000000002,0.34000000000000014,0.18897425640154686
0.4100000000000002,0.3300000000000001,0.19077528827792525
0.4100000000000002,0.3200000000000001,0.19259728639413937
0.4100000000000002,0.3100000000000001,0.1944403426981465
0.4100000000000002,0.3000000000000001,0.19630454378321172
0.4100000000000002,0.2900000000000001,0.1981899706950574
0.4100000000000002,0.2800000000000001,0.200096698738642
0.4100000000000002,0.2700000000000001,0.20202479728482672
0.4100000000000002,0.26000000000000006,0.20397432957720416
0.4100000000000002,0.25000000000000006,0.20594535253936852
0.4100000000000002,0.24000000000000007,0.20793791658292052
0.4100000000000002,0.23000000000000007,0.20995206541650763
0.4100000000000002,0.22000000000000006,0.2119878358562102
0.4100000000000002,0.21000000000000005,0.2140452576375929
0.4100000000000002,0.20000000000000004,0.21612435322975013
0.4100000000000002,0.19000000000000003,0.21822513765168028
0.4100000000000002,0.18000000000000002,0.22034761829133295
0.4100000000000002,0.17,0.22249179472767883
0.4100000000000002,0.16,0.22465765855615868
0.4100000000000002,0.15,0.2268451932178731
0.4100000000000002,0.13999999999999999,0.22905437383288044
0.4100000000000002,0.12999999999999998,0.23128516703797183
0.4100000000000002,0.11999999999999998,0.233537530829299
0.4100000000000002,0.10999999999999999,0.2358114144102297
0.4100000000000002,0.09999999999999999,0.2381067580448086
0.4100000000000002,0.09,0.2404234929172015
0.4100000000000002,0.08,0.2427615409975006
0.4100000000000002,0.07,0.24512081491426607
0.4100000000000002,0.060000000000000005,0.24750121783417767
0.4100000000000002,0.05,0.24990264334916557
0.4100000000000002,0.04,0.25232497537138493
0.4100000000000002,0.03,0.25476808803639395
0.4100000000000002,0.02,0.25723184561488543
0.4100000000000002,0.01,0.2597161024333165
0.4100000000000002,0,0.2622207028037696
0.4000000000000002,1.0000000000000007,0.1100816839502841
0.4000000000000002,0.9900000000000007,0.11084240018331529
0.4000000000000002,0.9800000000000006,0.11161394426920043
0.4000000000000002,0.9700000000000006,0.11239646414850399
0.4000000000000002,0.9600000000000006,0.11319010916716925
0.4000000000000002,0.9500000000000006,0.11399503005896587
0.4000000000000002,0.9400000000000006,0.11481137892626345
0.4000000000000002,0.9300000000000006,0.11563930921906913
0.4000000000000002,0.9200000000000006,0.11647897571227103
0.4000000000000002,0.9100000000000006,0.11733053448102361
0.4000000000000002,0.9000000000000006,0.11819414287421531
0.4000000000000002,0.8900000000000006,0.11906995948595367
0.4000000000000002,0.8800000000000006,0.11995814412500595
0.4000000000000002,0.8700000000000006,0.12085885778213028
0.4000000000000002,0.8600000000000005,0.12177226259523413
0.4000000000000002,0.8500000000000005,0.12269852181229444
0.4000000000000002,0.8400000000000005,0.1236377997519756
0.4000000000000002,0.8300000000000005,0.12459026176187929
0.4000000000000002,0.8200000000000005,0.12555607417436176
0.4000000000000002,0.8100000000000005,0.12653540425985424
0.4000000000000002,0.8000000000000005,0.12752842017762053
0.4000000000000002,0.7900000000000005,0.12853529092388866
0.4000000000000002,0.7800000000000005,0.12955618627729257
0.4000000000000002,0.7700000000000005,0.13059127674156065
0.4000000000000002,0.7600000000000005,0.13164073348538954
0.4000000000000002,0.7500000000000004,0.13270472827944066
0.4000000000000002,0.7400000000000004,0.1337834334304017
0.4000000000000002,0.7300000000000004,0.1348770217120519
0.4000000000000002,0.7200000000000004,0.13598566629327666
0.4000000000000002,0.7100000000000004,0.13710954066297387
0.4000000000000002,0.7000000000000004,0.13824881855180027
0.4000000000000002,0.6900000000000004,0.13940367385070662
0.4000000000000002,0.6800000000000004,0.14057428052621218
0.4000000000000002,0.6700000000000004,0.14176081253237294
0.4000000000000002,0.6600000000000004,0.14296344371940142
0.4000000000000002,0.6500000000000004,0.14418234773889688
0.4000000000000002,0.6400000000000003,0.14541769794565007
0.4000000000000002,0.6300000000000003,0.14666966729598988
0.4000000000000002,0.6200000000000003,0.14793842824264286
0.4000000000000002,0.6100000000000003,0.149224152626081
0.4000000000000002,0.6000000000000003,0.15052701156233828
0.4000000000000002,0.5900000000000003,0.15184717532727973
0.4000000000000002,0.5800000000000003,0.1531848132373144
0.4000000000000002,0.5700000000000003,0.1545400935265461
0.4000000000000002,0.5600000000000003,0.15591318322036413
0.4000000000000002,0.5500000000000003,0.15730424800547999
0.4000000000000002,0.5400000000000003,0.1587134520964249
0.4000000000000002,0.5300000000000002,0.16014095809852694
0.4000000000000002,0.5200000000000002,0.1615869268673951
0.4000000000000002,0.5100000000000002,0.16305151736494522
0.4000000000000002,0.5000000000000002,0.16453488651200865
0.4000000000000002,0.49000000000000027,0.16603718903757417
0.4000000000000002,0.48000000000000026,0.16755857732472043
0.4000000000000002,0.47000000000000025,0.16909920125330552
0.4000000000000002,0.46000000000000024,0.17065920803948867
0.4000000000000002,0.45000000000000023,0.17223874207216772
0.4000000000000002,0.4400000000000002,0.17383794474642641
0.4000000000000002,0.4300000000000002,0.17545695429409378
0.4000000000000002,0.4200000000000002,0.17709590561152772
0.4000000000000002,0.4100000000000002,0.17875493008474674
0.4000000000000002,0.4000000000000002,0.18043415541204091
0.4000000000000002,0.3900000000000002,0.1821337054242061
0.4000000000000002,0.38000000000000017,0.18385369990255462
0.4000000000000002,0.37000000000000016,0.18559425439486693
0.4000000000000002,0.36000000000000015,0.18735548002945906
0.4000000000000002,0.35000000000000014,0.18913748332755145
0.4000000000000002,0.34000000000000014,0.19094036601413672
0.4000000000000002,0.3300000000000001,0.19276422482755334
0.4000000000000002,0.3200000000000001,0.1946091513279847
0.4000000000000002,0.3100000000000001,0.19647523170511258
0.4000000000000002,0.3000000000000001,0.1983625465851661
0.4000000000000002,0.2900000000000001,0.20027117083761709
0.4000000000000002,0.2800000000000001,0.20220117338178392
0.4000000000000002,0.2700000000000001,0.2041526169936163
0.4000000000000002,0.26000000000000006,0.20612555811294322
0.4000000000000002,0.25000000000000006,0.2081200466514773
0.4000000000000002,0.24000000000000007,0.2101361258018762
0.4000000000000002,0.23000000000000007,0.21217383184817465
0.4000000000000002,0.22000000000000006,0.2142331939779053
0.4000000000000002,0.21000000000000005,0.21631423409623812
0.4000000000000002,0.20000000000000004,0.21841696664247504
0.4000000000000002,0.19000000000000003,0.22054139840924322
0.4000000000000002,0.18000000000000002,0.2226875283647388
0.4000000000000002,0.17,0.2248553474783761
0.4000000000000002,0.16,0.22704483855020727
0.4000000000000002,0.15,0.22925597604447684
0.4000000000000002,0.13999999999999999,0.2314887259276847
0.4000000000000002,0.12999999999999998,0.2337430455115294
0.4000000000000002,0.11999999999999998,0.23601888330110993
0.4000000000000002,0.10999999999999999,0.2383161788487627
0.4000000000000002,0.09999999999999999,0.24063486261391226
0.4000000000000002,0.09,0.24297485582931322
0.4000000000000002,0.08,0.24533607037405922
0.4000000000000002,0.07,0.24771840865373204
0.4000000000000002,0.060000000000000005,0.25012176348806026
0.4000000000000002,0.05,0.25254601800645227
0.4000000000000002,0.04,0.2549910455517618
0.4000000000000002,0.03,0.2574567095926367
0.4000000000000002,0.02,0.25994286364479524
0.4000000000000002,0.01,0.26244935120156143
0.4000000000000002,0,0.26497600567398366
0.3900000000000002,1.0000000000000007,0.11091581506462628
0.3900000000000002,0.9900000000000007,0.1116883212388004
0.3900000000000002,0.9800000000000006,0.11247181582764994
0.3900000000000002,0.9700000000000006,0.11326644830041968
0.3900000000000002,0.9600000000000006,0.11407236951303919
0.3900000000000002,0.9500000000000006,0.11488973168876708
0.3900000000000002,0.9400000000000006,0.11571868839709641
0.3900000000000002,0.9300000000000006,0.11655939453085921
0.3900000000000002,0.9200000000000006,0.11741200628146989
0.3900000000000002,0.9100000000000006,0.11827668111224439
0.3900000000000002,0.9000000000000006,0.11915357772973234
0.3900000000000002,0.8900000000000006,0.12004285605299962
0.3900000000000002,0.8800000000000006,0.12094467718079624
0.3900000000000002,0.8700000000000006,0.1218592033565458
0.3900000000000002,0.8600000000000005,0.12278659793109231
0.3900000000000002,0.8500000000000005,0.1237270253231385
0.3900000000000002,0.8400000000000005,0.12468065097731106
0.3900000000000002,0.8300000000000005,0.12564764131978842
0.3900000000000002,0.8200000000000005,0.12662816371142527
0.3900000000000002,0.8100000000000005,0.12762238639830958
0.3900000000000002,0.8000000000000005,0.1286304784596883
0.3900000000000002,0.7900000000000005,0.12965260975319723
0.3900000000000002,0.7800000000000005,0.13068895085733315
0.3900000000000002,0.7700000000000005,0.13173967301110479
0.3900000000000002,0.7600000000000005,0.13280494805080287
0.3900000000000002,0.7500000000000004,0.1338849483438281
0.3900000000000002,0.7400000000000004,0.1349798467195197
0.3900000000000002,0.7300000000000004,0.13608981639692658
0.3900000000000002,0.7200000000000004,0.1372150309094664
0.3900000000000002,0.7100000000000004,0.13835566402642008
0.3900000000000002,0.7000000000000004,0.13951188967120906
0.3900000000000002,0.6900000000000004,0.140683881836409
0.3900000000000002,0.6800000000000004,0.14187181449545253
0.3900000000000002,0.6700000000000004,0.14307586151097856
0.3900000000000002,0.6600000000000004,0.14429619653978926
0.3900000000000002,0.6500000000000004,0.1455329929343775
0.3900000000000002,0.6400000000000003,0.14678642364099254
0.3900000000000002,0.6300000000000003,0.14805666109421603
0.3900000000000002,0.6200000000000003,0.14934387710802302
0.3900000000000002,0.6100000000000003,0.15064824276330938
0.3900000000000002,0.6000000000000003,0.15196992829186964
0.3900000000000002,0.5900000000000003,0.15330910295681702
0.3900000000000002,0.5800000000000003,0.15466593492943947
0.3900000000000002,0.5700000000000003,0.1560405911624953
0.3900000000000002,0.5600000000000003,0.15743323725995378
0.3900000000000002,0.5500000000000003,0.15884403734319677
0.3900000000000002,0.5400000000000003,0.1602731539136999
0.3900000000000002,0.5300000000000002,0.16172074771222236
0.3900000000000002,0.5200000000000002,0.1631869775745395
0.3900000000000002,0.5100000000000002,0.1646720002837603
0.3900000000000002,0.5000000000000002,0.16617597041928064
0.3900000000000002,0.49000000000000027,0.16769904020243043
0.3900000000000002,0.48000000000000026,0.1692413593388818
0.3900000000000002,0.47000000000000025,0.17080307485789356
0.3900000000000002,0.46000000000000024,0.1723843309484773
0.3900000000000002,0.45000000000000023,0.1739852687925787
0.3900000000000002,0.4400000000000002,0.17560602639537745
0.3900000000000002,0.4300000000000002,0.17724673841281952
0.3900000000000002,0.4200000000000002,0.1789075359765047
0.3900000000000002,0.4100000000000002,0.18058854651606335
0.3900000000000002,0.4000000000000002,0.18228989357916522
0.3900000000000002,0.3900000000000002,0.18401169664931638
0.3900000000000002,0.38000000000000017,0.18575407096160726
0.3900000000000002,0.37000000000000016,0.18751712731658976
0.3900000000000002,0.36000000000000015,0.18930097189246842
0.3900000000000002,0.35000000000000014,0.19110570605580476
0.3900000000000002,0.34000000000000014,0.19293142617094222
0.3900000000000002,0.3300000000000001,0.19477822340837203
0.3900000000000002,0.3200000000000001,0.19664618355227104
0.3900000000000002,0.3100000000000001,0.19853538680745092
0.3900000000000002,0.3000000000000001,0.20044590760597408
0.3900000000000002,0.2900000000000001,0.20237781441369615
0.3900000000000002,0.2800000000000001,0.20433116953700967
0.3900000000000002,0.2700000000000001,0.20630602893007266
0.3900000000000002,0.26000000000000006,0.2083024420028139
0.3900000000000002,0.25000000000000006,0.2103204514300205
0.3900000000000002,0.24000000000000007,0.21236009296181677
0.3900000000000002,0.23000000000000007,0.21442139523585774
0.3900000000000002,0.22000000000000006,0.21650437959156651
0.3900000000000002,0.21000000000000005,0.21860905988675142
0.3900000000000002,0.20000000000000004,0.220735442316949
0.3900000000000002,0.19000000000000003,0.22288352523784416
0.3900000000000002,0.18000000000000002,0.22505329899112392
0.3900000000000002,0.17,0.22724474573412873
0.3900000000000002,0.16,0.22945783927366895
0.3900000000000002,0.15,0.2316925449043774
0.3900000000000002,0.13999999999999999,0.23394881925197228
0.3900000000000002,0.12999999999999998,0.23622661012180868
0.3900000000000002,0.11999999999999998,0.23852585635309528
0.3900000000000002,0.10999999999999999,0.2408464876791546
0.3900000000000002,0.09999999999999999,0.24318842459410508
0.3900000000000002,0.09,0.24555157822634122
0.3900000000000002,0.08,0.24793585021918318
0.3900000000000002,0.07,0.25034113261906715
0.3900000000000002,0.060000000000000005,0.2527673077716395
0.3900000000000002,0.05,0.25521424822611316
0.3900000000000002,0.04,0.25768181664823764
0.3900000000000002,0.03,0.2601698657422239
0.3900000000000002,0.02,0.26267823818195823
0.3900000000000002,0.01,0.2652067665518256
0.3900000000000002,0,0.2677552732974538
0.38000000000000017,1.0000000000000007,0.11176286157069455
0.38000000000000017,0.9900000000000007,0.11254733257421921
0.38000000000000017,0.9800000000000006,0.11334295421561384
0.38000000000000017,0.9700000000000006,0.11414987747263625
0.38000000000000017,0.9600000000000006,0.11496825468908496
0.38000000000000017,0.9500000000000006,0.11579823955357012
0.38000000000000017,0.9400000000000006,0.11663998707648067
0.38000000000000017,0.9300000000000006,0.11749365356508341
0.38000000000000017,0.9200000000000006,0.11835939659669378
0.38000000000000017,0.9100000000000006,0.11923737498985508
0.38000000000000017,0.9000000000000006,0.12012774877346155
0.38000000000000017,0.8900000000000006,0.12103067915376299
0.38000000000000017,0.8800000000000006,0.12194632847918481
0.38000000000000017,0.8700000000000006,0.12287486020290028
0.38000000000000017,0.8600000000000005,0.12381643884308931
0.38000000000000017,0.8500000000000005,0.12477122994081849
0.38000000000000017,0.8400000000000005,0.12573940001547843
0.38000000000000017,0.8300000000000005,0.12672111651771217
0.38000000000000017,0.8200000000000005,0.12771654777977134
0.38000000000000017,0.8100000000000005,0.12872586296323482
0.38000000000000017,0.8000000000000005,0.12974923200402688
0.38000000000000017,0.7900000000000005,0.1307868255546719
0.38000000000000017,0.7800000000000005,0.1318388149237226
0.38000000000000017,0.7700000000000005,0.1329053720123024
0.38000000000000017,0.7600000000000005,0.13398666924770056
0.38000000000000017,0.7500000000000004,0.13508287951396208
0.38000000000000017,0.7400000000000004,0.13619417607941622
0.38000000000000017,0.7300000000000004,0.13732073252108787
0.38000000000000017,0.7200000000000004,0.1384627226459386
0.38000000000000017,0.7100000000000004,0.13962032040888728
0.38000000000000017,0.7000000000000004,0.1407936998275617
0.38000000000000017,0.6900000000000004,0.14198303489373562
0.38000000000000017,0.6800000000000004,0.14318849948140772
0.38000000000000017,0.6700000000000004,0.14441026725148493
0.38000000000000017,0.6600000000000004,0.14564851155303205
0.38000000000000017,0.6500000000000004,0.14690340532105703
0.38000000000000017,0.6400000000000003,0.14817512097080257
0.38000000000000017,0.6300000000000003,0.14946383028852087
0.38000000000000017,0.6200000000000003,0.15076970431871134
0.38000000000000017,0.6100000000000003,0.15209291324780805
0.38000000000000017,0.6000000000000003,0.15343362628430593
0.38000000000000017,0.5900000000000003,0.15479201153532288
0.38000000000000017,0.5800000000000003,0.1561682358796001
0.38000000000000017,0.5700000000000003,0.15756246483694714
0.38000000000000017,0.5600000000000003,0.15897486243414752
0.38000000000000017,0.5500000000000003,0.16040559106734478
0.38000000000000017,0.5400000000000003,0.16185481136093807
0.38000000000000017,0.5300000000000002,0.16332268202302194
0.38000000000000017,0.5200000000000002,0.16480935969741303
0.38000000000000017,0.5100000000000002,0.16631499881231562
0.38000000000000017,0.5000000000000002,0.167839751425684
0.38000000000000017,0.49000000000000027,0.16938376706734962
0.38000000000000017,0.48000000000000026,0.17094719257799018
0.38000000000000017,0.47000000000000025,0.1725301719450243
0.38000000000000017,0.46000000000000024,0.17413284613552785
0.38000000000000017,0.45000000000000023,0.17575535292627642
0.38000000000000017,0.4400000000000002,0.1773978267310262
0.38000000000000017,0.4300000000000002,0.17906039842515975
0.38000000000000017,0.4200000000000002,0.18074319516782905
0.38000000000000017,0.4100000000000002,0.18244634022174092
0.38000000000000017,0.4000000000000002,0.18416995277074077
0.38000000000000017,0.3900000000000002,0.18591414773536008
0.38000000000000017,0.38000000000000017,0.18767903558650376
0.38000000000000017,0.37000000000000016,0.1894647221574658
0.38000000000000017,0.36000000000000015,0.1912713084544723
0.38000000000000017,0.35000000000000014,0.19309889046595882
0.38000000000000017,0.34000000000000014,0.19494755897080687
0.38000000000000017,0.3300000000000001,0.1968173993457657
0.38000000000000017,0.3200000000000001,0.19870849137230698
0.38000000000000017,0.3100000000000001,0.20062090904316127
0.38000000000000017,0.3000000000000001,0.20255472036880268
0.38000000000000017,0.2900000000000001,0.20450998718415372
0.38000000000000017,0.2800000000000001,0.20648676495579701
0.38000000000000017,0.2700000000000001,0.20848510258998515
0.38000000000000017,0.26000000000000006,0.21050504224175537
0.38000000000000017,0.25000000000000006,0.21254661912545983
0.38000000000000017,0.24000000000000007,0.21460986132703433
0.38000000000000017,0.23000000000000007,0.21669478961833596
0.38000000000000017,0.22000000000000006,0.21880141727388636
0.38000000000000017,0.21000000000000005,0.22092974989036795
0.38000000000000017,0.20000000000000004,0.2230797852092229
0.38000000000000017,0.19000000000000003,0.2252515129427149
0.38000000000000017,0.18000000000000002,0.22744491460381627
0.38000000000000017,0.17,0.2296599633402884
0.38000000000000017,0.16,0.23189662377332781
0.38000000000000017,0.15,0.23415485184115276
0.38000000000000017,0.13999999999999999,0.2364345946479069
0.38000000000000017,0.12999999999999998,0.2387357903182595
0.38000000000000017,0.11999999999999998,0.24105836785807866
0.38000000000000017,0.10999999999999999,0.24340224702155758
0.38000000000000017,0.09999999999999999,0.24576733818516805
0.38000000000000017,0.09,0.24815354222881503
0.38000000000000017,0.08,0.25056075042456133
0.38000000000000017,0.07,0.25298884433328683
0.38000000000000017,0.060000000000000005,0.2554376957096389
0.38000000000000017,0.05,0.2579071664156264
0.38000000000000017,0.04,0.2603971083431968
0.38000000000000017,0.03,0.26290736334613124
0.38000000000000017,0.02,0.26543776318157636
0.38000000000000017,0.01,0.26798812946152306
0.38000000000000017,0,0.2705582736145287
0.37000000000000016,1.0000000000000007,0.11262301464515158
0.37000000000000016,0.9900000000000007,0.11341962717048339
0.37000000000000016,0.9800000000000006,0.1142275541962195
0.37000000000000016,0.9700000000000006,0.11504694818634571
0.37000000000000016,0.9600000000000006,0.11587796294821891
0.37000000000000016,0.9500000000000006,0.11672075360939407
0.37000000000000016,0.9400000000000006,0.11757547659257998
0.37000000000000016,0.9300000000000006,0.11844228958866135
0.37000000000000016,0.9200000000000006,0.119321351527723
0.37000000000000016,0.9100000000000006,0.12021282254801467
0.37000000000000016,0.9000000000000006,0.12111686396279056
0.37000000000000016,0.8900000000000006,0.12203363822496016
0.37000000000000016,0.8800000000000006,0.1229633088894852
0.37000000000000016,0.8700000000000006,0.12390604057345815
0.37000000000000016,0.8600000000000005,0.12486199891379698
0.37000000000000016,0.8500000000000005,0.12583135052249095
0.37000000000000016,0.8400000000000005,0.12681426293933304
0.37000000000000016,0.8300000000000005,0.12781090458207414
0.37000000000000016,0.8200000000000005,0.12882144469393478
0.37000000000000016,0.8100000000000005,0.1298460532884103
0.37000000000000016,0.8000000000000005,0.13088490109130826
0.37000000000000016,0.7900000000000005,0.13193815947995347
0.37000000000000016,0.7800000000000005,0.13300600041950186
0.37000000000000016,0.7700000000000005,0.13408859639630227
0.37000000000000016,0.7600000000000005,0.1351861203482478
0.37000000000000016,0.7500000000000004,0.13629874559206118
0.37000000000000016,0.7400000000000004,0.13742664574745708
0.37000000000000016,0.7300000000000004,0.138569994658131
0.37000000000000016,0.7200000000000004,0.13972896630952142
0.37000000000000016,0.7100000000000004,0.14090373474330017
0.37000000000000016,0.7000000000000004,0.14209447396854236
0.37000000000000016,0.6900000000000004,0.14330135786953577
0.37000000000000016,0.6800000000000004,0.14452456011018947
0.37000000000000016,0.6700000000000004,0.14576425403500626
0.37000000000000016,0.6600000000000004,0.1470206125665866
0.37000000000000016,0.6500000000000004,0.1482938080996363
0.37000000000000016,0.6400000000000003,0.14958401239145425
0.37000000000000016,0.6300000000000003,0.15089139644888155
0.37000000000000016,0.6200000000000003,0.1522161304116971
0.37000000000000016,0.6100000000000003,0.15355838343245107
0.37000000000000016,0.6000000000000003,0.15491832355273316
0.37000000000000016,0.5900000000000003,0.1562961175758775
0.37000000000000016,0.5800000000000003,0.15769193093611228
0.37000000000000016,0.5700000000000003,0.15910592756416983
0.37000000000000016,0.5600000000000003,0.1605382697493782
0.37000000000000016,0.5500000000000003,0.16198911799826243
0.37000000000000016,0.5400000000000003,0.1634586308896921
0.37000000000000016,0.5300000000000002,0.16494696492661812
0.37000000000000016,0.5200000000000002,0.16645427438445096
0.37000000000000016,0.5100000000000002,0.16798071115613877
0.37000000000000016,0.5000000000000002,0.1695264245940152
0.37000000000000016,0.49000000000000027,0.17109156134849227
0.37000000000000016,0.48000000000000026,0.17267626520368567
0.37000000000000016,0.47000000000000025,0.17428067691006774
0.37000000000000016,0.46000000000000024,0.17590493401425175
0.37000000000000016,0.45000000000000023,0.1775491706860244
0.37000000000000016,0.4400000000000002,0.17921351754275
0.37000000000000016,0.4300000000000002,0.1808981014712812
0.37000000000000016,0.4200000000000002,0.18260304544752298
0.37000000000000016,0.4100000000000002,0.18432846835380476
0.37000000000000016,0.4000000000000002,0.18607448479422814
0.37000000000000016,0.3900000000000002,0.1878412049081669
0.37000000000000016,0.38000000000000017,0.18962873418210932
0.37000000000000016,0.37000000000000016,0.19143717326004037
0.37000000000000016,0.36000000000000015,0.19326661775257561
0.37000000000000016,0.35000000000000014,0.1951171580450677
0.37000000000000016,0.34000000000000014,0.19698887910491752
0.37000000000000016,0.3300000000000001,0.19888186028833332
0.37000000000000016,0.3200000000000001,0.20079617514679277
0.37000000000000016,0.3100000000000001,0.20273189123347046
0.37000000000000016,0.3000000000000001,0.2046890699099081
0.37000000000000016,0.2900000000000001,0.20666776615321014
0.37000000000000016,0.2800000000000001,0.20866802836406245
0.37000000000000016,0.2700000000000001,0.21068989817587636
0.37000000000000016,0.26000000000000006,0.21273341026537276
0.37000000000000016,0.25000000000000006,0.21479859216492994
0.37000000000000016,0.24000000000000007,0.21688546407702364
0.37000000000000016,0.23000000000000007,0.21899403869110037
0.37000000000000016,0.22000000000000006,0.22112432100322887
0.37000000000000016,0.21000000000000005,0.2232763081388824
0.37000000000000016,0.20000000000000004,0.2254499891792111
0.37000000000000016,0.19000000000000003,0.22764534499116817
0.37000000000000016,0.18000000000000002,0.22986234806185749
0.37000000000000016,0.17,0.23210096233747748
0.37000000000000016,0.16,0.23436114306723344
0.37000000000000016,0.15,0.23664283665259803
0.37000000000000016,0.13999999999999999,0.23894598050229746
0.37000000000000016,0.12999999999999998,0.24127050289340196
0.37000000000000016,0.11999999999999998,0.2436163228388988
0.37000000000000016,0.10999999999999999,0.24598334996212326
0.37000000000000016,0.09999999999999999,0.24837148437842116
0.37000000000000016,0.09,0.25078061658441175
0.37000000000000016,0.08,0.25321062735521443
0.37000000000000016,0.07,0.25566138764999735
0.37000000000000016,0.060000000000000005,0.258132758526198
0.37000000000000016,0.05,0.2606245910627563
0.37000000000000016,0.04,0.26313672629269336
0.37000000000000016,0.03,0.2656689951453545
0.37000000000000016,0.02,0.26822121839862706
0.37000000000000016,0.01,0.2707932066414256
0.37000000000000016,0,0.2733847602467267
0.36000000000000015,1.0000000000000007,0.11349646742280636
0.36000000000000015,0.9900000000000007,0.1143053999422855
0.36000000000000015,0.9800000000000006,0.1151258124397004
0.36000000000000015,0.9700000000000006,0.11595785884078047
0.36000000000000015,0.9600000000000006,0.1168016943898537
0.36000000000000015,0.9500000000000006,0.11765747562465781
0.36000000000000015,0.9400000000000006,0.11852536034921275
0.36000000000000015,0.9300000000000006,0.11940550760469054
0.36000000000000015,0.9200000000000006,0.12029807763822005
0.36000000000000015,0.9100000000000006,0.12120323186956154
0.36000000000000015,0.9000000000000006,0.12212113285558736
0.36000000000000015,0.8900000000000006,0.12305194425250372
0.36000000000000015,0.8800000000000006,0.12399583077574786
0.36000000000000015,0.8700000000000006,0.12495295815749688
0.36000000000000015,0.8600000000000005,0.12592349310172193
0.36000000000000015,0.8500000000000005,0.126907603236724
0.36000000000000015,0.8400000000000005,0.1279054570650853
0.36000000000000015,0.8300000000000005,0.12891722391097366
0.36000000000000015,0.8200000000000005,0.1299430738647349
0.36000000000000015,0.8100000000000005,0.1309831777247115
0.36000000000000015,0.8000000000000005,0.13203770693622446
0.36000000000000015,0.7900000000000005,0.1331068335276581
0.36000000000000015,0.7800000000000005,0.13419073004358822
0.36000000000000015,0.7700000000000005,0.1352895694748945
0.36000000000000015,0.7600000000000005,0.1364035251858017
0.36000000000000015,0.7500000000000004,0.13753277083779372
0.36000000000000015,0.7400000000000004,0.13867748031034827
0.36000000000000015,0.7300000000000004,0.13983782761844235
0.36000000000000015,0.7200000000000004,0.14101398682677882
0.36000000000000015,0.7100000000000004,0.14220613196069085
0.36000000000000015,0.7000000000000004,0.1434144369136801
0.36000000000000015,0.6900000000000004,0.14463907535155152
0.36000000000000015,0.6800000000000004,0.1458802206131074
0.36000000000000015,0.6700000000000004,0.14713804560737043
0.36000000000000015,0.6600000000000004,0.14841272270730727
0.36000000000000015,0.6500000000000004,0.14970442364002942
0.36000000000000015,0.6400000000000003,0.15101331937345297
0.36000000000000015,0.6300000000000003,0.15233957999940315
0.36000000000000015,0.6200000000000003,0.1536833746131552
0.36000000000000015,0.6100000000000003,0.15504487118940796
0.36000000000000015,0.6000000000000003,0.15642423645469442
0.36000000000000015,0.5900000000000003,0.15782163575623606
0.36000000000000015,0.5800000000000003,0.1592372329272575
0.36000000000000015,0.5700000000000003,0.16067119014878362
0.36000000000000015,0.5600000000000003,0.1621236678079475
0.36000000000000015,0.5500000000000003,0.1635948243528462
0.36000000000000015,0.5400000000000003,0.1650848161439879
0.36000000000000015,0.5300000000000002,0.16659379730238358
0.36000000000000015,0.5200000000000002,0.16812191955434166
0.36000000000000015,0.5100000000000002,0.1696693320730367
0.36000000000000015,0.5000000000000002,0.17123618131692794
0.36000000000000015,0.49000000000000027,0.17282261086511586
0.36000000000000015,0.48000000000000026,0.17442876124973164
0.36000000000000015,0.47000000000000025,0.17605476978546614
0.36000000000000015,0.46000000000000024,0.1777007703963542
0.36000000000000015,0.45000000000000023,0.17936689343993817
0.36000000000000015,0.4400000000000002,0.18105326552894882
0.36000000000000015,0.4300000000000002,0.1827600093506486
0.36000000000000015,0.4200000000000002,0.1844872434839936
0.36000000000000015,0.4100000000000002,0.18623508221478324
0.36000000000000015,0.4000000000000002,0.18800363534897535
0.36000000000000015,0.3900000000000002,0.18979300802435564
0.36000000000000015,0.38000000000000017,0.1916033005207626
0.36000000000000015,0.37000000000000016,0.19343460806907828
0.36000000000000015,0.36000000000000015,0.1952870206592083
0.36000000000000015,0.35000000000000014,0.19716062284728345
0.36000000000000015,0.34000000000000014,0.19905549356232677
0.36000000000000015,0.3300000000000001,0.2009717059126422
0.36000000000000015,0.3200000000000001,0.2029093269921888
0.36000000000000015,0.3100000000000001,0.20486841768721714
0.36000000000000015,0.3000000000000001,0.20684903248345363
0.36000000000000015,0.2900000000000001,0.20885121927412878
0.36000000000000015,0.2800000000000001,0.21087501916915435
0.36000000000000015,0.2700000000000001,0.2129204663057646
0.36000000000000015,0.26000000000000006,0.21498758766094497
0.36000000000000015,0.25000000000000006,0.21707640286597862
0.36000000000000015,0.24000000000000007,0.21918692402345244
0.36000000000000015,0.23000000000000007,0.22131915552706696
0.36000000000000015,0.22000000000000006,0.22347309388460534
0.36000000000000015,0.21000000000000005,0.2256487275444194
0.36000000000000015,0.20000000000000004,0.22784603672579787
0.36000000000000015,0.19000000000000003,0.23006499325358593
0.36000000000000015,0.18000000000000002,0.23230556039742797
0.36000000000000015,0.17,0.23456769271601116
0.36000000000000015,0.16,0.23685133590668517
0.36000000000000015,0.15,0.23915642666083786
0.36000000000000015,0.13999999999999999,0.2414828925254065
0.36000000000000015,0.12999999999999998,0.24383065177090088
0.36000000000000015,0.11999999999999998,0.2461996132663156
0.36000000000000015,0.10999999999999999,0.2485896763613034
0.36000000000000015,0.09999999999999999,0.25100073077597995
0.36000000000000015,0.09,0.2534326564987212
0.36000000000000015,0.08,0.25588532369231354
0.36000000000000015,0.07,0.25835859260880406
0.36000000000000015,0.060000000000000005,0.26085231351339294
0.36000000000000015,0.05,0.26336632661769865
0.36000000000000015,0.04,0.2659004620227159
0.36000000000000015,0.03,0.26845453967177396
0.36000000000000015,0.02,0.27102836931378893
0.36000000000000015,0.01,0.27362175047709014
0.36000000000000015,0,0.27623447245408334
0.35000000000000014,1.0000000000000007,0.11438341496936301
0.35000000000000014,0.9900000000000007,0.11520484770831922
0.35000000000000014,0.9800000000000006,0.11603792749099898
0.35000000000000014,0.9700000000000006,0.11688280967810707
0.35000000000000014,0.9600000000000006,0.11773965092199429
0.35000000000000014,0.9500000000000006,0.11860860913937915
0.35000000000000014,0.9400000000000006,0.11948984348206283
0.35000000000000014,0.9300000000000006,0.12038351430557412
0.35000000000000014,0.9200000000000006,0.12128978313567788
0.35000000000000014,0.9100000000000006,0.1222088126326852
0.35000000000000014,0.9000000000000006,0.12314076655349912
0.35000000000000014,0.8900000000000006,0.12408580971133056
0.35000000000000014,0.8800000000000006,0.12504410793302018
0.35000000000000014,0.8700000000000006,0.12601582801390102
0.35000000000000014,0.8600000000000005,0.1270011376701359
0.35000000000000014,0.8500000000000005,0.12800020548846736
0.35000000000000014,0.8400000000000005,0.1290132008733126
0.35000000000000014,0.8300000000000005,0.13004029399114328
0.35000000000000014,0.8200000000000005,0.13108165571208497
0.35000000000000014,0.8100000000000005,0.13213745754867506
0.35000000000000014,0.8000000000000005,0.13320787159171854
0.35000000000000014,0.7900000000000005,0.13429307044318142
0.35000000000000014,0.7800000000000005,0.13539322714606442
0.35000000000000014,0.7700000000000005,0.1365085151111993
0.35000000000000014,0.7600000000000005,0.13763910804091375
0.35000000000000014,0.7500000000000004,0.13878517984951308
0.35000000000000014,0.7400000000000004,0.13994690458052667
0.35000000000000014,0.7300000000000004,0.141124456320672
0.35000000000000014,0.7200000000000004,0.14231800911049225
0.35000000000000014,0.7100000000000004,0.1435277368516243
0.35000000000000014,0.7000000000000004,0.14475381321065783
0.35000000000000014,0.6900000000000004,0.14599641151955225
0.35000000000000014,0.6800000000000004,0.1472557046725783
0.35000000000000014,0.6700000000000004,0.14853186501975682
0.35000000000000014,0.6600000000000004,0.14982506425677347
0.35000000000000014,0.6500000000000004,0.15113547331134888
0.35000000000000014,0.6400000000000003,0.15246326222605197
0.35000000000000014,0.6300000000000003,0.15380860003754832
0.35000000000000014,0.6200000000000003,0.1551716546522798
0.35000000000000014,0.6100000000000003,0.15655259271858013
0.35000000000000014,0.6000000000000003,0.1579515794952345
0.35000000000000014,0.5900000000000003,0.15936877871649932
0.35000000000000014,0.5800000000000003,0.16080435245360508
0.35000000000000014,0.5700000000000003,0.1622584609727714
0.35000000000000014,0.5600000000000003,0.16373126258977147
0.35000000000000014,0.5500000000000003,0.16522291352109023
0.35000000000000014,0.5400000000000003,0.16673356773172984
0.35000000000000014,0.5300000000000002,0.16826337677972197
0.35000000000000014,0.5200000000000002,0.16981248965741816
0.35000000000000014,0.5100000000000002,0.17138105262963454
0.35000000000000014,0.5000000000000002,0.17296920906874053
0.35000000000000014,0.49000000000000027,0.1745770992867864
0.35000000000000014,0.48000000000000026,0.1762048603647779
0.35000000000000014,0.47000000000000025,0.1778526259792125
0.35000000000000014,0.46000000000000024,0.17952052622600562
0.35000000000000014,0.45000000000000023,0.1812086874419412
0.35000000000000014,0.4400000000000002,0.1829172320237962
0.35000000000000014,0.4300000000000002,0.1846462782452947
0.35000000000000014,0.4200000000000002,0.1863959400720607
0.35000000000000014,0.4100000000000002,0.18816632697474953
0.35000000000000014,0.4000000000000002,0.18995754374054713
0.35000000000000014,0.3900000000000002,0.1917696902832389
0.35000000000000014,0.38000000000000017,0.19360286145206002
0.35000000000000014,0.37000000000000016,0.19545714683955087
0.35000000000000014,0.36000000000000015,0.19733263058865075
0.35000000000000014,0.35000000000000014,0.199229391199276
0.35000000000000014,0.34000000000000014,0.20114750133463727
0.35000000000000014,0.3300000000000001,0.2030870276275629
0.35000000000000014,0.3200000000000001,0.20504803048710427
0.35000000000000014,0.3100000000000001,0.20703056390571123
0.35000000000000014,0.3000000000000001,0.20903467526727285
0.35000000000000014,0.2900000000000001,0.21106040515633068
0.35000000000000014,0.2800000000000001,0.21310778716877962
0.35000000000000014,0.2700000000000001,0.21517684772438064
0.35000000000000014,0.26000000000000006,0.2172676058814169
0.35000000000000014,0.25000000000000006,0.21938007315383554
0.35000000000000014,0.24000000000000007,0.22151425333121932
0.35000000000000014,0.23000000000000007,0.223670142301945
0.35000000000000014,0.22000000000000006,0.22584772787988697
0.35000000000000014,0.21000000000000005,0.22804698963503056
0.35000000000000014,0.20000000000000004,0.2302678987283665
0.35000000000000014,0.19000000000000003,0.23251041775143733
0.35000000000000014,0.18000000000000002,0.2347745005709138
0.35000000000000014,0.17,0.237060092178578
0.35000000000000014,0.16,0.2393671285470928
0.35000000000000014,0.15,0.24169553649193598
0.35000000000000014,0.13999999999999999,0.24404523353987767
0.35000000000000014,0.12999999999999998,0.24641612780437702
0.35000000000000014,0.11999999999999998,0.24880811786826998
0.35000000000000014,0.10999999999999999,0.2512210926741185
0.35000000000000014,0.09999999999999999,0.2536549314225834
0.35000000000000014,0.09,0.2561095034791778
0.35000000000000014,0.08,0.2585846682897515
0.35000000000000014,0.07,0.2610802753050446
0.35000000000000014,0.060000000000000005,0.26359616391464286
0.35000000000000014,0.05,0.26613216339065365
0.35000000000000014,0.04,0.26868809284140704
0.35000000000000014,0.03,0.2712637611754787
0.35000000000000014,0.02,0.27385896707630975
0.35000000000000014,0.01,0.2764734989876881
0.35000000000000014,0,0.2791071351103353
0.34000000000000014,1.0000000000000007,0.11528405425138956
0.34000000000000014,0.9900000000000007,0.11611816915862266
0.34000000000000014,0.9800000000000006,0.11696409973439252
0.34000000000000014,0.9700000000000006,0.11782200274524365
0.34000000000000014,0.9600000000000006,0.11869203622015352
0.34000000000000014,0.9500000000000006,0.11957435942109222
0.34000000000000014,0.9400000000000006,0.1204691328115054
0.34000000000000014,0.9300000000000006,0.12137651802265803
0.34000000000000014,0.9200000000000006,0.12229667781777255
0.34000000000000014,0.9100000000000006,0.12322977605389808
0.34000000000000014,0.9000000000000006,0.12417597764144453
0.34000000000000014,0.8900000000000006,0.1251354485013174
0.34000000000000014,0.8800000000000006,0.12610835551958743
0.34000000000000014,0.8700000000000006,0.12709486649963075
0.34000000000000014,0.8600000000000005,0.12809515011167455
0.34000000000000014,0.8500000000000005,0.12910937583968446
0.34000000000000014,0.8400000000000005,0.1301377139255293
0.34000000000000014,0.8300000000000005,0.13118033531036227
0.34000000000000014,0.8200000000000005,0.1322374115731535
0.34000000000000014,0.8100000000000005,0.13330911486631697
0.34000000000000014,0.8000000000000005,0.13439561784836865
0.34000000000000014,0.7900000000000005,0.1354970936135603
0.34000000000000014,0.7800000000000005,0.13661371561843155
0.34000000000000014,0.7700000000000005,0.13774565760522534
0.34000000000000014,0.7600000000000005,0.13889309352211512
0.34000000000000014,0.7500000000000004,0.14005619744019246
0.34000000000000014,0.7400000000000004,0.14123514346716903
0.34000000000000014,0.7300000000000004,0.14243010565774641
0.34000000000000014,0.7200000000000004,0.14364125792061277
0.34000000000000014,0.7100000000000004,0.14486877392202815
0.34000000000000014,0.7000000000000004,0.14611282698596242
0.34000000000000014,0.6900000000000004,0.14737358999075542
0.34000000000000014,0.6800000000000004,0.14865123526227195
0.34000000000000014,0.6700000000000004,0.1499459344635292
0.34000000000000014,0.6600000000000004,0.1512578584807775
0.34000000000000014,0.6500000000000004,0.1525871773060229
0.34000000000000014,0.6400000000000003,0.1539340599159825
0.34000000000000014,0.6300000000000003,0.15529867414747084
0.34000000000000014,0.6200000000000003,0.15668118656922037
0.34000000000000014,0.6100000000000003,0.15808176235014662
0.34000000000000014,0.6000000000000003,0.15950056512407337
0.34000000000000014,0.5900000000000003,0.16093775685094172
0.34000000000000014,0.5800000000000003,0.1623934976745325
0.34000000000000014,0.5700000000000003,0.16386794577674
0.34000000000000014,0.5600000000000003,0.16536125722844194
0.34000000000000014,0.5500000000000003,0.16687358583701892
0.34000000000000014,0.5400000000000003,0.16840508299058574
0.34000000000000014,0.5300000000000002,0.16995589749900336
0.34000000000000014,0.5200000000000002,0.17152617543175167
0.34000000000000014,0.5100000000000002,0.17311605995275026
0.34000000000000014,0.5000000000000002,0.17472569115222625
0.34000000000000014,0.49000000000000027,0.1763552058757342
0.34000000000000014,0.48000000000000026,0.17800473755044732
0.34000000000000014,0.47000000000000025,0.17967441600884604
0.34000000000000014,0.46000000000000024,0.18136436730994085
0.34000000000000014,0.45000000000000023,0.1830747135581789
0.34000000000000014,0.4400000000000002,0.18480557272019155
0.34000000000000014,0.4300000000000002,0.1865570584395527
0.34000000000000014,0.4200000000000002,0.1883292798497278
0.34000000000000014,0.4100000000000002,0.19012234138540476
0.34000000000000014,0.4000000000000002,0.1919363425924092
0.34000000000000014,0.3900000000000002,0.1937713779364155
0.34000000000000014,0.38000000000000017,0.19562753661068025
0.34000000000000014,0.37000000000000016,0.1975049023430308
0.34000000000000014,0.36000000000000015,0.19940355320235575
0.34000000000000014,0.35000000000000014,0.20132356140485383
0.34000000000000014,0.34000000000000014,0.20326499312030868
0.34000000000000014,0.3300000000000001,0.20522790827866633
0.34000000000000014,0.3200000000000001,0.20721236037720342
0.34000000000000014,0.3100000000000001,0.20921839628858402
0.34000000000000014,0.3000000000000001,0.21124605607011146
0.34000000000000014,0.2900000000000001,0.21329537277449181
0.34000000000000014,0.2800000000000001,0.21536637226243346
0.34000000000000014,0.2700000000000001,0.2174590730174165
0.34000000000000014,0.26000000000000006,0.21957348596297205
0.34000000000000014,0.25000000000000006,0.22170961428282035
0.34000000000000014,0.24000000000000007,0.22386745324422103
0.34000000000000014,0.23000000000000007,0.22604699002489714
0.34000000000000014,0.22000000000000006,0.22824820354389833
0.34000000000000014,0.21000000000000005,0.23047106429677178
0.34000000000000014,0.20000000000000004,0.23271553419541643
0.34000000000000014,0.19000000000000003,0.23498156641299625
0.34000000000000014,0.18000000000000002,0.23726910523428937
0.34000000000000014,0.17,0.2395780859118548
0.34000000000000014,0.16,0.24190843452839336
0.34000000000000014,0.15,0.24426006786568258
0.34000000000000014,0.13999999999999999,0.24663289328046056
0.34000000000000014,0.12999999999999998,0.249026808587633
0.34000000000000014,0.11999999999999998,0.25144170195116905
0.34000000000000014,0.10999999999999999,0.25387745178305315
0.34000000000000014,0.09999999999999999,0.2563339266506454
0.34000000000000014,0.09,0.2588109851928023
0.34000000000000014,0.08,0.26130847604509616
0.34000000000000014,0.07,0.26382623777446285
0.34000000000000014,0.060000000000000005,0.266364098823598
0.34000000000000014,0.05,0.2689218774654053
0.34000000000000014,0.04,0.27149938176779104
0.34000000000000014,0.03,0.27409640956908116
0.34000000000000014,0.02,0.2767127484643228
0.34000000000000014,0.01,0.2793481758027143
0.34000000000000014,0,0.28200245869638807
0.3300000000000001,1.0000000000000007,0.11619858410340125
0.3300000000000001,0.9900000000000007,0.11704556481893602
0.3300000000000001,0.9800000000000006,0.11790453135503397
0.3300000000000001,0.9700000000000006,0.11877564185248898
0.3300000000000001,0.9600000000000006,0.11965905568297572
0.3300000000000001,0.9500000000000006,0.12055493341737179
0.3300000000000001,0.9400000000000006,0.12146343679193396
0.3300000000000001,0.9300000000000006,0.1223847286722655
0.3300000000000001,0.9200000000000006,0.12331897301500742
0.3300000000000001,0.9100000000000006,0.12426633482719082
0.3300000000000001,0.9000000000000006,0.12522698012318365
0.3300000000000001,0.8900000000000006,0.12620107587916718
0.3300000000000001,0.8800000000000006,0.12718878998507793
0.3300000000000001,0.8700000000000006,0.12819029119394934
0.3300000000000001,0.8600000000000005,0.12920574906859003
0.3300000000000001,0.8500000000000005,0.1302353339255343
0.3300000000000001,0.8400000000000005,0.1312792167762032
0.3300000000000001,0.8300000000000005,0.13233756926521265
0.3300000000000001,0.8200000000000005,0.13341056360576975
0.3300000000000001,0.8100000000000005,0.13449837251209593
0.3300000000000001,0.8000000000000005,0.13560116912882078
0.3300000000000001,0.7900000000000005,0.13671912695728866
0.3300000000000001,0.7800000000000005,0.13785241977872445
0.3300000000000001,0.7700000000000005,0.13900122157420636
0.3300000000000001,0.7600000000000005,0.1401657064413947
0.3300000000000001,0.7500000000000004,0.1413460485079702
0.3300000000000001,0.7400000000000004,0.14254242184173663
0.3300000000000001,0.7300000000000004,0.14375500035734645
0.3300000000000001,0.7200000000000004,0.14498395771961073
0.3300000000000001,0.7100000000000004,0.14622946724335903
0.3300000000000001,0.7000000000000004,0.14749170178981774
0.3300000000000001,0.6900000000000004,0.14877083365948088
0.3300000000000001,0.6800000000000004,0.15006703448145015
0.3300000000000001,0.6700000000000004,0.1513804750992269
0.3300000000000001,0.6600000000000004,0.15271132545294355
0.3300000000000001,0.6500000000000004,0.1540597544580262
0.3300000000000001,0.6400000000000003,0.15542592988028736
0.3300000000000001,0.6300000000000003,0.15681001820745222
0.3300000000000001,0.6200000000000003,0.1582121845171293
0.3300000000000001,0.6100000000000003,0.1596325923412416
0.3300000000000001,0.6000000000000003,0.161071403526942
0.3300000000000001,0.5900000000000003,0.16252877809404356
0.3300000000000001,0.5800000000000003,0.1640048740890031
0.3300000000000001,0.5700000000000003,0.16549984743550325
0.3300000000000001,0.5600000000000003,0.16701385178168746
0.3300000000000001,0.5500000000000003,0.16854703834410967
0.3300000000000001,0.5400000000000003,0.1700995557484701
0.3300000000000001,0.5300000000000002,0.17167154986721558
0.3300000000000001,0.5200000000000002,0.17326316365409483
0.3300000000000001,0.5100000000000002,0.17487453697576633
0.3300000000000001,0.5000000000000002,0.17650580644056538
0.3300000000000001,0.49000000000000027,0.17815710522455133
0.3300000000000001,0.48000000000000026,0.17982856289495955
0.3300000000000001,0.47000000000000025,0.18152030523119822
0.3300000000000001,0.46000000000000024,0.1832324540435387
0.3300000000000001,0.45000000000000023,0.18496512698965747
0.3300000000000001,0.4400000000000002,0.1867184373892023
0.3300000000000001,0.4300000000000002,0.18849249403656043
0.3300000000000001,0.4200000000000002,0.1902874010120229
0.3300000000000001,0.4100000000000002,0.19210325749154752
0.3300000000000001,0.4000000000000002,0.19394015755533447
0.3300000000000001,0.3900000000000002,0.1957981899954382
0.3300000000000001,0.38000000000000017,0.19767743812265354
0.3300000000000001,0.37000000000000016,0.19957797957292098
0.3300000000000001,0.36000000000000015,0.20149988611351005
0.3300000000000001,0.35000000000000014,0.20344322344924715
0.3300000000000001,0.34000000000000014,0.20540805102906806
0.3300000000000001,0.3300000000000001,0.20739442185318196
0.3300000000000001,0.3200000000000001,0.20940238228114685
0.3300000000000001,0.3100000000000001,0.21143197184116258
0.3300000000000001,0.3000000000000001,0.2134832230409
0.3300000000000001,0.2900000000000001,0.21555616118019086
0.3300000000000001,0.2800000000000001,0.2176508041659124
0.3300000000000001,0.2700000000000001,0.21976716232940874
0.3300000000000001,0.26000000000000006,0.22190523824679725
0.3300000000000001,0.25000000000000006,0.22406502656251492
0.3300000000000001,0.24000000000000007,0.22624651381646596
0.3300000000000001,0.23000000000000007,0.22844967827513707
0.3300000000000001,0.22000000000000006,0.2306744897670498
0.3300000000000001,0.21000000000000005,0.23292090952292546
0.3300000000000001,0.20000000000000004,0.23518889002093765
0.3300000000000001,0.19000000000000003,0.23747837483743237
0.3300000000000001,0.18000000000000002,0.23978929850349426
0.3300000000000001,0.17,0.24212158636773842
0.3300000000000001,0.16,0.24447515446570567
0.3300000000000001,0.15,0.24684990939623833
0.3300000000000001,0.13999999999999999,0.2492457482052076
0.3300000000000001,0.12999999999999998,0.25166255827696143
0.3300000000000001,0.11999999999999998,0.2541002172338577
0.3300000000000001,0.10999999999999999,0.25655859284423493
0.3300000000000001,0.09999999999999999,0.25903754293917286
0.3300000000000001,0.09,0.26153691533837986
0.3300000000000001,0.08,0.2640565477855373
0.3300000000000001,0.07,0.2665962678934179
0.3300000000000001,0.060000000000000005,0.2691558930990846
0.3300000000000001,0.05,0.27173523062945953
0.3300000000000001,0.04,0.27433407747754046
0.3300000000000001,0.03,0.2769522203895252
0.3300000000000001,0.02,0.2795894358630863
0.3300000000000001,0.01,0.28224549015702066
0.3300000000000001,0,0.2849201393124792
0.3200000000000001,1.0000000000000007,0.117127205191949
0.3200000000000001,0.9900000000000007,0.11798723701196456
0.3200000000000001,0.9800000000000006,0.11885942629729482
0.3200000000000001,0.9700000000000006,0.1197439325288522
0.3200000000000001,0.9600000000000006,0.12064091638445731
0.3200000000000001,0.9500000000000006,0.1215505397048479
0.3200000000000001,0.9400000000000006,0.12247296545747391
0.3200000000000001,0.9300000000000006,0.12340835769801098
0.3200000000000001,0.9200000000000006,0.12435688152953008
0.3200000000000001,0.9100000000000006,0.1253187030592558
0.3200000000000001,0.9000000000000006,0.12629398935284927
0.3200000000000001,0.8900000000000006,0.12728290838615097
0.3200000000000001,0.8800000000000006,0.1282856289943184
0.3200000000000001,0.8700000000000006,0.1293023208182944
0.3200000000000001,0.8600000000000005,0.13033315424854308
0.3200000000000001,0.8500000000000005,0.13137830036599007
0.3200000000000001,0.8400000000000005,0.13243793088010597
0.3200000000000001,0.8300000000000005,0.13351221806407132
0.3200000000000001,0.8200000000000005,0.13460133468696495
0.3200000000000001,0.8100000000000005,0.13570545394291664
0.3200000000000001,0.8000000000000005,0.1368247493771683
0.3200000000000001,0.7900000000000005,0.13795939480898994
0.3200000000000001,0.7800000000000005,0.1391095642513971
0.3200000000000001,0.7700000000000005,0.14027543182762056
0.3200000000000001,0.7600000000000005,0.14145717168428124
0.3200000000000001,0.7500000000000004,0.1426549579012252
0.3200000000000001,0.7400000000000004,0.14386896439797744
0.3200000000000001,0.7300000000000004,0.145099364836777
0.3200000000000001,0.7200000000000004,0.14634633252215803
0.3200000000000001,0.7100000000000004,0.14761004029704666
0.3200000000000001,0.7000000000000004,0.14889066043534713
0.3200000000000001,0.6900000000000004,0.15018836453099493
0.3200000000000001,0.6800000000000004,0.1515033233834596
0.3200000000000001,0.6700000000000004,0.1528357068796848
0.3200000000000001,0.6600000000000004,0.15418568387245896
0.3200000000000001,0.6500000000000004,0.1555534220552139
0.3200000000000001,0.6400000000000003,0.15693908783325797
0.3200000000000001,0.6300000000000003,0.15834284619145134
0.3200000000000001,0.6200000000000003,0.15976486055834402
0.3200000000000001,0.6100000000000003,0.1612052926667979
0.3200000000000001,0.6000000000000003,0.16266430241112592
0.3200000000000001,0.5900000000000003,0.1641420477007851
0.3200000000000001,0.5800000000000003,0.16563868431067194
0.3200000000000001,0.5700000000000003,0.16715436572807318
0.3200000000000001,0.5600000000000003,0.16868924299633523
0.3200000000000001,0.5500000000000003,0.17024346455532366
0.3200000000000001,0.5400000000000003,0.17181717607875294
0.3200000000000001,0.5300000000000002,0.17341052030847684
0.3200000000000001,0.5200000000000002,0.17502363688583675
0.3200000000000001,0.5100000000000002,0.17665666218017864
0.3200000000000001,0.5000000000000002,0.17830972911465565
0.3200000000000001,0.49000000000000027,0.179982966989446
0.3200000000000001,0.48000000000000026,0.18167650130252494
0.3200000000000001,0.47000000000000025,0.18339045356813982
0.3200000000000001,0.46000000000000024,0.1851249411331493
0.3200000000000001,0.45000000000000023,0.18688007699139741
0.3200000000000001,0.4400000000000002,0.1886559695963035
0.3200000000000001,0.4300000000000002,0.1904527226718622
0.3200000000000001,0.4200000000000002,0.19227043502225608
0.3200000000000001,0.4100000000000002,0.19410920034029627
0.3200000000000001,0.4000000000000002,0.19596910701491724
0.3200000000000001,0.3900000000000002,0.19785023793796108
0.3200000000000001,0.38000000000000017,0.19975267031050112
0.3200000000000001,0.37000000000000016,0.2016764754489607
0.3200000000000001,0.36000000000000015,0.20362171859129827
0.3200000000000001,0.35000000000000014,0.2055884587035363
0.3200000000000001,0.34000000000000014,0.20757674828692435
0.3200000000000001,0.3300000000000001,0.20958663318603565
0.3200000000000001,0.3200000000000001,0.21161815239810428
0.3200000000000001,0.3100000000000001,0.21367133788392279
0.3200000000000001,0.3000000000000001,0.21574621438062574
0.3200000000000001,0.2900000000000001,0.21784279921669203
0.3200000000000001,0.2800000000000001,0.21996110212951211
0.3200000000000001,0.2700000000000001,0.2221011250858655
0.3200000000000001,0.26000000000000006,0.224262862105666
0.3200000000000001,0.25000000000000006,0.22644629908933694
0.3200000000000001,0.24000000000000007,0.22865141364918176
0.3200000000000001,0.23000000000000007,0.23087817494512086
0.3200000000000001,0.22000000000000006,0.23312654352517032
0.3200000000000001,0.21000000000000005,0.23539647117103796
0.3200000000000001,0.20000000000000004,0.2376879007492171
0.3200000000000001,0.19000000000000003,0.24000076606795614
0.3200000000000001,0.18000000000000002,0.24233499174048445
0.3200000000000001,0.17,0.24469049305487195
0.3200000000000001,0.16,0.2470671758508992
0.3200000000000001,0.15,0.2494649364043093
0.3200000000000001,0.13999999999999999,0.2518836613188116
0.3200000000000001,0.12999999999999998,0.25432322742619784
0.3200000000000001,0.11999999999999998,0.2567835016949279
0.3200000000000001,0.10999999999999999,0.25926434114753316
0.3200000000000001,0.09999999999999999,0.26176559278717443
0.3200000000000001,0.09,0.26428709353368607
0.3200000000000001,0.08,0.2668286701694203
0.3200000000000001,0.07,0.2693901392951982
0.3200000000000001,0.060000000000000005,0.27197130729665625
0.3200000000000001,0.05,0.2745719703212654
0.3200000000000001,0.04,0.27719191426627954
0.3200000000000001,0.03,0.27983091477785854
0.3200000000000001,0.02,0.2824887372615851
0.3200000000000001,0.01,0.28516513690458195
0.3200000000000001,0,0.2878598587094123
0.3100000000000001,1.0000000000000007,0.11807011997660317
0.3100000000000001,0.9900000000000007,0.11894338981543442
0.3100000000000001,0.9800000000000006,0.11982899021979931
0.3100000000000001,0.9700000000000006,0.12072708197396936
0.3100000000000001,0.9600000000000006,0.12163782702264932
0.3100000000000001,0.9500000000000006,0.12256138843459834
0.3100000000000001,0.9400000000000006,0.12349793036396624
0.3100000000000001,0.9300000000000006,0.12444761800927905
0.3100000000000001,0.9200000000000006,0.1254106175700087
0.3100000000000001,0.9100000000000006,0.12638709620066202
0.3100000000000001,0.9000000000000006,0.12737722196232365
0.3100000000000001,0.8900000000000006,0.12838116377158923
0.3100000000000001,0.8800000000000006,0.12939909134682342
0.3100000000000001,0.8700000000000006,0.13043117515168048
0.3100000000000001,0.8600000000000005,0.13147758633582377
0.3100000000000001,0.8500000000000005,0.13253849667278345
0.3100000000000001,0.8400000000000005,0.13361407849489043
0.3100000000000001,0.8300000000000005,0.13470450462522848
0.3100000000000001,0.8200000000000005,0.13580994830654616
0.3100000000000001,0.8100000000000005,0.13693058312707193
0.3100000000000001,0.8000000000000005,0.13806658294317972
0.3100000000000001,0.7900000000000005,0.13921812179885085
0.3100000000000001,0.7800000000000005,0.1403853738418848
0.3100000000000001,0.7700000000000005,0.14156851323680938
0.3100000000000001,0.7600000000000005,0.14276771407444871
0.3100000000000001,0.7500000000000004,0.14398315027810465
0.3100000000000001,0.7400000000000004,0.14521499550631686
0.3100000000000001,0.7300000000000004,0.14646342305216495
0.3100000000000001,0.7200000000000004,0.14772860573908378
0.3100000000000001,0.7100000000000004,0.14901071581316486
0.3100000000000001,0.7000000000000004,0.15030992483192243
0.3100000000000001,0.6900000000000004,0.15162640354950702
0.3100000000000001,0.6800000000000004,0.15296032179835492
0.3100000000000001,0.6700000000000004,0.15431184836726558
0.3100000000000001,0.6600000000000004,0.15568115087590834
0.3100000000000001,0.6500000000000004,0.15706839564576003
0.3100000000000001,0.6400000000000003,0.15847374756748775
0.3100000000000001,0.6300000000000003,0.1598973699647926
0.3100000000000001,0.6200000000000003,0.1613394244547392
0.3100000000000001,0.6100000000000003,0.16280007080460374
0.3100000000000001,0.6000000000000003,0.1642794667852778
0.3100000000000001,0.5900000000000003,0.16577776802127714
0.3100000000000001,0.5800000000000003,0.16729512783740905
0.3100000000000001,0.5700000000000003,0.16883169710216217
0.3100000000000001,0.5600000000000003,0.1703876240678908
0.3100000000000001,0.5500000000000003,0.1719630542078747
0.3100000000000001,0.5400000000000003,0.17355813005034543
0.3100000000000001,0.5300000000000002,0.17517299100957678
0.3100000000000001,0.5200000000000002,0.17680777321415203
0.3100000000000001,0.5100000000000002,0.17846260933252386
0.3100000000000001,0.5000000000000002,0.1801376283959993
0.3100000000000001,0.49000000000000027,0.18183295561928783
0.3100000000000001,0.48000000000000026,0.18354871221876334
0.3100000000000001,0.47000000000000025,0.18528501522860163
0.3100000000000001,0.46000000000000024,0.1870419773149643
0.3100000000000001,0.45000000000000023,0.18881970658841277
0.3100000000000001,0.4400000000000002,0.19061830641474464
0.3100000000000001,0.4300000000000002,0.19243787522445882
0.3100000000000001,0.4200000000000002,0.1942785063210634
0.3100000000000001,0.4100000000000002,0.19614028768845454
0.3100000000000001,0.4000000000000002,0.19802330179760233
0.3100000000000001,0.3900000000000002,0.199927625412794
0.3100000000000001,0.38000000000000017,0.20185332939769157
0.3100000000000001,0.37000000000000016,0.2038004785214758
0.3100000000000001,0.36000000000000015,0.2057691312653548
0.3100000000000001,0.35000000000000014,0.20775933962972853
0.3100000000000001,0.34000000000000014,0.20977114894230917
0.3100000000000001,0.3300000000000001,0.2118045976675058
0.3100000000000001,0.3200000000000001,0.21385971721739327
0.3100000000000001,0.3100000000000001,0.2159365317645915
0.3100000000000001,0.3000000000000001,0.21803505805739046
0.3100000000000001,0.2900000000000001,0.2201553052374643
0.3100000000000001,0.2800000000000001,0.22229727466052437
0.3100000000000001,0.2700000000000001,0.22446095972026675
0.3100000000000001,0.26000000000000006,0.22664634567597783
0.3100000000000001,0.25000000000000006,0.2288534094841633
0.3100000000000001,0.24000000000000007,0.23108211963457354
0.3100000000000001,0.23000000000000007,0.2333324359909993
0.3100000000000001,0.22000000000000006,0.23560430963721474
0.3100000000000001,0.21000000000000005,0.23789768272844783
0.3100000000000001,0.20000000000000004,0.2402124883487577
0.3100000000000001,0.19000000000000003,0.24254865037469672
0.3100000000000001,0.18000000000000002,0.24490608334563901
0.3100000000000001,0.17,0.2472846923411471
0.3100000000000001,0.16,0.24968437286575337
0.3100000000000001,0.15,0.2521050107415208
0.3100000000000001,0.13999999999999999,0.25454648200874713
0.3100000000000001,0.12999999999999998,0.2570086528351683
0.3100000000000001,0.11999999999999998,0.25949137943400674
0.3100000000000001,0.10999999999999999,0.2619945079912052
0.3100000000000001,0.09999999999999999,0.2645178746021712
0.3100000000000001,0.09,0.2670613052183514
0.3100000000000001,0.08,0.2696246156039377
0.3100000000000001,0.07,0.27220761130299326
0.3100000000000001,0.060000000000000005,0.274810087617277
0.3100000000000001,0.05,0.2774318295950196
0.3100000000000001,0.04,0.2800726120308951
0.3100000000000001,0.03,0.2827321994774088
0.3100000000000001,0.02,0.28541034626790357
0.3100000000000001,0.01,0.2881067965513667
0.3100000000000001,0,0.29082128433919685
0.3000000000000001,1.0000000000000007,0.11902753266772226
0.3000000000000001,0.9900000000000007,0.11991422901683044
0.3000000000000001,0.9800000000000006,0.1208134304470356
0.3000000000000001,0.9700000000000006,0.12172529900649172
0.3000000000000001,0.9600000000000006,0.12264999786472693
0.3000000000000001,0.9500000000000006,0.12358769127380105
0.3000000000000001,0.9400000000000006,0.12453854452710718
0.3000000000000001,0.9300000000000006,0.12550272391575193
0.3000000000000001,0.9200000000000006,0.12648039668244995
0.3000000000000001,0.9100000000000006,0.1274717309728667
0.3000000000000001,0.9000000000000006,0.12847689578434646
0.3000000000000001,0.8900000000000006,0.12949606091195948
0.3000000000000001,0.8800000000000006,0.13052939689180706
0.3000000000000001,0.8700000000000006,0.13157707494151957
0.3000000000000001,0.8600000000000005,0.13263926689788783
0.3000000000000001,0.8500000000000005,0.13371614515156588
0.3000000000000001,0.8400000000000005,0.13480788257878634
0.3000000000000001,0.8300000000000005,0.13591465247003107
0.3000000000000001,0.8200000000000005,0.13703662845560008
0.3000000000000001,0.8100000000000005,0.13817398442802584
0.3000000000000001,0.8000000000000005,0.13932689446128035
0.3000000000000001,0.7900000000000005,0.14049553272672513
0.3000000000000001,0.7800000000000005,0.14168007340575825
0.3000000000000001,0.7700000000000005,0.142880690599113
0.3000000000000001,0.7600000000000005,0.14409755823276854
0.3000000000000001,0.7500000000000004,0.14533084996043355
0.3000000000000001,0.7400000000000004,0.1465807390625699
0.3000000000000001,0.7300000000000004,0.14784739834192606
0.3000000000000001,0.7200000000000004,0.14913100001555352
0.3000000000000001,0.7100000000000004,0.1504317156032862
0.3000000000000001,0.7000000000000004,0.15174971581266458
0.3000000000000001,0.6900000000000004,0.15308517042029418
0.3000000000000001,0.6800000000000004,0.15443824814963128
0.3000000000000001,0.6700000000000004,0.15580911654519553
0.3000000000000001,0.6600000000000004,0.15719794184321487
0.3000000000000001,0.6500000000000004,0.1586048888387142
0.3000000000000001,0.6400000000000003,0.16003012074906597
0.3000000000000001,0.6300000000000003,0.1614737990740274
0.3000000000000001,0.6200000000000003,0.16293608345229782
0.3000000000000001,0.6100000000000003,0.16441713151463414
0.3000000000000001,0.6000000000000003,0.16591709873357344
0.3000000000000001,0.5900000000000003,0.1674361382698172
0.3000000000000001,0.5800000000000003,0.16897440081534304
0.3000000000000001,0.5700000000000003,0.1705320344333141
0.3000000000000001,0.5600000000000003,0.1721091843948702
0.3000000000000001,0.5500000000000003,0.17370599301289041
0.3000000000000001,0.5400000000000003,0.17532259947282808
0.3000000000000001,0.5300000000000002,0.1769591396607279
0.3000000000000001,0.5200000000000002,0.1786157459885457
0.3000000000000001,0.5100000000000002,0.18029254721690094
0.3000000000000001,0.5000000000000002,0.1819896682754026
0.3000000000000001,0.49000000000000027,0.18370723008070017
0.3000000000000001,0.48000000000000026,0.18544534935242002
0.3000000000000001,0.47000000000000025,0.18720413842716185
0.3000000000000001,0.46000000000000024,0.1889837050707375
0.3000000000000001,0.45000000000000023,0.19078415228884668
0.3000000000000001,0.4400000000000002,0.19260557813639584
0.3000000000000001,0.4300000000000002,0.1944480755256757
0.3000000000000001,0.4200000000000002,0.1963117320336263
0.3000000000000001,0.4100000000000002,0.19819662970842677
0.3000000000000001,0.4000000000000002,0.20010284487566035
0.3000000000000001,0.3900000000000002,0.20203044794431355
0.3000000000000001,0.38000000000000017,0.20397950321288144
0.3000000000000001,0.37000000000000016,0.2059500686758584
0.3000000000000001,0.36000000000000015,0.20794219583090714
0.3000000000000001,0.35000000000000014,0.20995592948700537
0.3000000000000001,0.34000000000000014,0.21199130757388068
0.3000000000000001,0.3300000000000001,0.214048360953054
0.3000000000000001,0.3200000000000001,0.21612711323081768
0.3000000000000001,0.3100000000000001,0.21822758057348537
0.3000000000000001,0.3000000000000001,0.22034977152525764
0.3000000000000001,0.2900000000000001,0.2224936868290525
0.3000000000000001,0.2800000000000001,0.224659319250659
0.3000000000000001,0.2700000000000001,0.22684665340657598
0.3000000000000001,0.26000000000000006,0.2290556655959039
0.3000000000000001,0.25000000000000006,0.23128632363666085
0.3000000000000001,0.24000000000000007,0.23353858670689948
0.3000000000000001,0.23000000000000007,0.2358124051909997
0.3000000000000001,0.22000000000000006,0.2381077205315202
0.3000000000000001,0.21000000000000005,0.2404244650869855
0.3000000000000001,0.20000000000000004,0.24276256199598947
0.3000000000000001,0.19000000000000003,0.2451219250479943
0.3000000000000001,0.18000000000000002,0.2475024585611991
0.3000000000000001,0.17,0.24990405726785228
0.3000000000000001,0.16,0.2523266062073737
0.3000000000000001,0.15,0.2547699806276506
0.3000000000000001,0.13999999999999999,0.2572340458948609
0.3000000000000001,0.12999999999999998,0.2597186574121704
0.3000000000000001,0.11999999999999998,0.2622236605476441
0.3000000000000001,0.10999999999999999,0.2647488905716966
0.3000000000000001,0.09999999999999999,0.2672941726043971
0.3000000000000001,0.09,0.2698593215729337
0.3000000000000001,0.08,0.2724441421795231
0.3000000000000001,0.07,0.2750484288800414
0.3000000000000001,0.060000000000000005,0.27767196587362997
0.3000000000000001,0.05,0.2803145271035195
0.3000000000000001,0.04,0.2829758762692896
0.3000000000000001,0.03,0.28565576685076616
0.3000000000000001,0.02,0.2883539421437373
0.3000000000000001,0.01,0.29107013530764503
0.3000000000000001,0,0.2938040694253893
0.2900000000000001,1.0000000000000007,0.11999964918089197
0.2900000000000001,0.9900000000000007,0.12089996206470084
0.2900000000000001,0.9800000000000006,0.12181295591742979
0.2900000000000001,0.9700000000000006,0.12273879400883217
0.2900000000000001,0.9600000000000006,0.12367764068831057
0.2900000000000001,0.9500000000000006,0.12462966134353352
0.2900000000000001,0.9400000000000006,0.12559502235662628
0.2900000000000001,0.9300000000000006,0.12657389105786998
0.2900000000000001,0.9200000000000006,0.12756643567684395
0.2900000000000001,0.9100000000000006,0.1285728252909479
0.2900000000000001,0.9000000000000006,0.1295932297712381
0.2900000000000001,0.8900000000000006,0.13062781972551565
0.2900000000000001,0.8800000000000006,0.1316767664386035
0.2900000000000001,0.8700000000000006,0.1327402418097504
0.2900000000000001,0.8600000000000005,0.13381841828710248
0.2900000000000001,0.8500000000000005,0.13491146879918112
0.2900000000000001,0.8400000000000005,0.13601956668331205
0.2900000000000001,0.8300000000000005,0.13714288561094784
0.2900000000000001,0.8200000000000005,0.13828159950983038
0.2900000000000001,0.8100000000000005,0.1394358824829425
0.2900000000000001,0.8000000000000005,0.14060590872419784
0.2900000000000001,0.7900000000000005,0.14179185243082307
0.2900000000000001,0.7800000000000005,0.14299388771238852
0.2900000000000001,0.7700000000000005,0.14421218849644638
0.2900000000000001,0.7600000000000005,0.1454469284307388
0.2900000000000001,0.7500000000000004,0.14669828078194264
0.2900000000000001,0.7400000000000004,0.14796641833092042
0.2900000000000001,0.7300000000000004,0.14925151326445257
0.2900000000000001,0.7200000000000004,0.15055373706342928
0.2900000000000001,0.7100000000000004,0.1518732603874858
0.2900000000000001,0.7000000000000004,0.1532102529560699
0.2900000000000001,0.6900000000000004,0.15456488342593547
0.2900000000000001,0.6800000000000004,0.15593731926506238
0.2900000000000001,0.6700000000000004,0.15732772662300776
0.2900000000000001,0.6600000000000004,0.15873627019770145
0.2900000000000001,0.6500000000000004,0.16016311309870349
0.2900000000000001,0.6400000000000003,0.1616084167069501
0.2900000000000001,0.6300000000000003,0.16307234053102013
0.2900000000000001,0.6200000000000003,0.1645550420599629
0.2900000000000001,0.6100000000000003,0.16605667661273502
0.2900000000000001,0.6000000000000003,0.16757739718430315
0.2900000000000001,0.5900000000000003,0.16911735428847688
0.2900000000000001,0.5800000000000003,0.17067669579754555
0.2900000000000001,0.5700000000000003,0.1722555667788005
0.2900000000000001,0.5600000000000003,0.17385410932803608
0.2900000000000001,0.5500000000000003,0.17547246240012893
0.2900000000000001,0.5400000000000003,0.1771107616368072
0.2900000000000001,0.5300000000000002,0.17876913919173093
0.2900000000000001,0.5200000000000002,0.18044772355301364
0.2900000000000001,0.5100000000000002,0.1821466393633279
0.2900000000000001,0.5000000000000002,0.18386600723774538
0.2900000000000001,0.49000000000000027,0.1856059435794754
0.2900000000000001,0.48000000000000026,0.18736656039367505
0.2900000000000001,0.47000000000000025,0.18914796509951431
0.2900000000000001,0.46000000000000024,0.1909502603406934
0.2900000000000001,0.45000000000000023,0.1927735437946171
0.2900000000000001,0.4400000000000002,0.19461790798044437
0.2900000000000001,0.4300000000000002,0.19648344006624174
0.2900000000000001,0.4200000000000002,0.1983702216754788
0.2900000000000001,0.4100000000000002,0.20027832869311774
0.2900000000000001,0.4000000000000002,0.20220783107155701
0.2900000000000001,0.3900000000000002,0.2041587926366991
0.2900000000000001,0.38000000000000017,0.2061312708944276
0.2900000000000001,0.37000000000000016,0.2081253168377825
0.2900000000000001,0.36000000000000015,0.21014097475513593
0.2900000000000001,0.35000000000000014,0.21217828203968114
0.2900000000000001,0.34000000000000014,0.21423726900055215
0.2900000000000001,0.3300000000000001,0.21631795867590436
0.2900000000000001,0.3200000000000001,0.21842036664829265
0.2900000000000001,0.3100000000000001,0.22054450086269087
0.2900000000000001,0.3000000000000001,0.22269036144750376
0.2900000000000001,0.2900000000000001,0.22485794053892932
0.2900000000000001,0.2800000000000001,0.22704722210903486
0.2900000000000001,0.2700000000000001,0.22925818179791402
0.2900000000000001,0.26000000000000006,0.23149078675029736
0.2900000000000001,0.25000000000000006,0.23374499545699354
0.2900000000000001,0.24000000000000007,0.23602075760153604
0.2900000000000001,0.23000000000000007,0.2383180139124179
0.2900000000000001,0.22000000000000006,0.2406366960212929
0.2900000000000001,0.21000000000000005,0.24297672632752346
0.2900000000000001,0.20000000000000004,0.24533801786945378
0.2900000000000001,0.19000000000000003,0.24772047420278342
0.2900000000000001,0.18000000000000002,0.25012398928641416
0.2900000000000001,0.17,0.2525484473761374
0.2900000000000001,0.16,0.25499372292652417
0.2900000000000001,0.15,0.2574596805013714
0.2900000000000001,0.13999999999999999,0.2599461746930528
0.2900000000000001,0.12999999999999998,0.26245305005110947
0.2900000000000001,0.11999999999999998,0.26498014102040846
0.2900000000000001,0.10999999999999999,0.2675272718891832
0.2900000000000001,0.09999999999999999,0.27009425674725734
0.2900000000000001,0.09,0.2726808994547413
0.2900000000000001,0.08,0.2752869936214712
0.2900000000000001,0.07,0.2779123225974487
0.2900000000000001,0.060000000000000005,0.2805566594745176
0.2900000000000001,0.05,0.28321976709949825
0.2900000000000001,0.04,0.28590139809897824
0.2900000000000001,0.03,0.28860129491593833
0.2900000000000001,0.02,0.29131918985837096
0.2900000000000001,0.01,0.2940548051600245
0.2900000000000001,0,0.296807853053384
0.2800000000000001,1.0000000000000007,0.120986677087924
0.2800000000000001,0.9900000000000007,0.12190079801641597
0.2800000000000001,0.9800000000000006,0.12282777712776773
0.2800000000000001,0.9700000000000006,0.12376777886815367
0.2800000000000001,0.9600000000000006,0.12472096871892314
0.2800000000000001,0.9500000000000006,0.12568751315260032
0.2800000000000001,0.9400000000000006,0.12666757958638794
0.2800000000000001,0.9300000000000006,0.12766133633310886
0.2800000000000001,0.9200000000000006,0.12866895254952126
0.2800000000000001,0.9100000000000006,0.1296905981819439
0.2800000000000001,0.9000000000000006,0.13072644390912716
0.2800000000000001,0.8900000000000006,0.131776661082308
0.2800000000000001,0.8800000000000006,0.13284142166238688
0.2800000000000001,0.8700000000000006,0.13392089815416683
0.2800000000000001,0.8600000000000005,0.135015263537594
0.2800000000000001,0.8500000000000005,0.1361246911959448
0.2800000000000001,0.8400000000000005,0.13724935484090087
0.2800000000000001,0.8300000000000005,0.13838942843446062
0.2800000000000001,0.8200000000000005,0.1395450861076342
0.2800000000000001,0.8100000000000005,0.14071650207587275
0.2800000000000001,0.8000000000000005,0.14190385055118623
0.2800000000000001,0.7900000000000005,0.14310730565090535
0.2800000000000001,0.7800000000000005,0.1443270413030473
0.2800000000000001,0.7700000000000005,0.14556323114824793
0.2800000000000001,0.7600000000000005,0.14681604843822732
0.2800000000000001,0.7500000000000004,0.1480856659307589
0.2800000000000001,0.7400000000000004,0.14937225578111643
0.2800000000000001,0.7300000000000004,0.15067598942997903
0.2800000000000001,0.7200000000000004,0.1519970374877774
0.2800000000000001,0.7100000000000004,0.15333556961547037
0.2800000000000001,0.7000000000000004,0.15469175440174673
0.2800000000000001,0.6900000000000004,0.15606575923665197
0.2800000000000001,0.6800000000000004,0.15745775018164682
0.2800000000000001,0.6700000000000004,0.1588678918361091
0.2800000000000001,0.6600000000000004,0.16029634720029948
0.2800000000000001,0.6500000000000004,0.1617432775348152
0.2800000000000001,0.6400000000000003,0.16320884221656776
0.2800000000000001,0.6300000000000003,0.164693198591322
0.2800000000000001,0.6200000000000003,0.16619650182284953
0.2800000000000001,0.6100000000000003,0.1677189047387492
0.2800000000000001,0.6000000000000003,0.16926055767300313
0.2800000000000001,0.5900000000000003,0.17082160830534038
0.2800000000000001,0.5800000000000003,0.17240220149749302
0.2800000000000001,0.5700000000000003,0.17400247912643513
0.2800000000000001,0.5600000000000003,0.17562257991470792
0.2800000000000001,0.5500000000000003,0.17726263925794294
0.2800000000000001,0.5400000000000003,0.1789227890497031
0.2800000000000001,0.5300000000000002,0.18060315750377587
0.2800000000000001,0.5200000000000002,0.1823038689740588
0.2800000000000001,0.5100000000000002,0.18402504377219167
0.2800000000000001,0.5000000000000002,0.18576679798309778
0.2800000000000001,0.49000000000000027,0.18752924327860918
0.2800000000000001,0.48000000000000026,0.18931248672936127
0.2800000000000001,0.47000000000000025,0.19111663061515238
0.2800000000000001,0.46000000000000024,0.19294177223397638
0.2800000000000001,0.45000000000000023,0.19478800370994612
0.2800000000000001,0.4400000000000002,0.19665541180033697
0.2800000000000001,0.4300000000000002,0.1985440777019916
0.2800000000000001,0.4200000000000002,0.2004540768573352
0.2800000000000001,0.4100000000000002,0.20238547876026602
0.2800000000000001,0.4000000000000002,0.20433834676218954
0.2800000000000001,0.3900000000000002,0.20631273787848312
0.2800000000000001,0.38000000000000017,0.2083087025956807
0.2800000000000001,0.37000000000000016,0.2103262846796813
0.2800000000000001,0.36000000000000015,0.21236552098529327
0.2800000000000001,0.35000000000000014,0.21442644126743432
0.2800000000000001,0.34000000000000014,0.21650906799431777
0.2800000000000001,0.3300000000000001,0.21861341616296148
0.2800000000000001,0.3200000000000001,0.22073949311736404
0.2800000000000001,0.3100000000000001,0.22288729836970222
0.2800000000000001,0.3000000000000001,0.22505682342490507
0.2800000000000001,0.2900000000000001,0.22724805160896971
0.2800000000000001,0.2800000000000001,0.22946095790138776
0.2800000000000001,0.2700000000000001,0.2316955087720545
0.2800000000000001,0.26000000000000006,0.23395166202303613
0.2800000000000001,0.25000000000000006,0.23622936663557476
0.2800000000000001,0.24000000000000007,0.23852856262270994
0.2800000000000001,0.23000000000000007,0.24084918088789725
0.2800000000000001,0.22000000000000006,0.24319114309000384
0.2800000000000001,0.21000000000000005,0.2455543615150594
0.2800000000000001,0.20000000000000004,0.2479387389551378
0.2800000000000001,0.19000000000000003,0.25034416859474207
0.2800000000000001,0.18000000000000002,0.2527705339050605
0.2800000000000001,0.17,0.25521770854645304
0.2800000000000001,0.16,0.2576855562795258
0.2800000000000001,0.15,0.26017393088513574
0.2800000000000001,0.13999999999999999,0.26268267609366636
0.2800000000000001,0.12999999999999998,0.26521162552389616
0.2800000000000001,0.11999999999999998,0.2677606026317768
0.2800000000000001,0.10999999999999999,0.27032942066942117
0.2800000000000001,0.09999999999999999,0.27291788265458666
0.2800000000000001,0.09,0.27552578135092765
0.2800000000000001,0.08,0.278152899259269
0.2800000000000001,0.07,0.28079900862013935
0.2800000000000001,0.060000000000000005,0.2834638714277814
0.2800000000000001,0.05,0.28614723945583803
0.2800000000000001,0.04,0.28884885429489016
0.2800000000000001,0.03,0.29156844740200294
0.2800000000000001,0.02,0.29430574016241245
0.2800000000000001,0.01,0.2970604439634601
0.2800000000000001,0,0.299832260280861
0.2700000000000001,1.0000000000000007,0.12198882556429758
0.2700000000000001,0.9900000000000007,0.12291694748226502
0.2700000000000001,0.9800000000000006,0.12385810607384984
0.2700000000000001,0.9700000000000006,0.12481246691348373
0.2700000000000001,0.9600000000000006,0.12578019656346684
0.2700000000000001,0.9500000000000006,0.12676146252727513
0.2700000000000001,0.9400000000000006,0.12775643320030075
0.2700000000000001,0.9300000000000006,0.12876527781796007
0.2700000000000001,0.9200000000000006,0.12978816640110705
0.2700000000000001,0.9100000000000006,0.13082526969868688
0.2700000000000001,0.9000000000000006,0.13187675912756844
0.2700000000000001,0.8900000000000006,0.1329428067094936
0.2700000000000001,0.8800000000000006,0.13402358500508324
0.2700000000000001,0.8700000000000006,0.1351192670448405
0.2700000000000001,0.8600000000000005,0.13623002625709507
0.2700000000000001,0.8500000000000005,0.13735603639283073
0.2700000000000001,0.8400000000000005,0.13849747144734506
0.2700000000000001,0.8300000000000005,0.13965450557868755
0.2700000000000001,0.8200000000000005,0.1408273130228288
0.2700000000000001,0.8100000000000005,0.14201606800551236
0.2700000000000001,0.8000000000000005,0.14322094465074864
0.2700000000000001,0.7900000000000005,0.14444211688590755
0.2700000000000001,0.7800000000000005,0.14567975834337468
0.2700000000000001,0.7700000000000005,0.14693404225873774
0.2700000000000001,0.7600000000000005,0.14820514136547328
0.2700000000000001,0.7500000000000004,0.14949322778610893
0.2700000000000001,0.7400000000000004,0.15079847291984158
0.2700000000000001,0.7300000000000004,0.15212104732659362
0.2700000000000001,0.7200000000000004,0.15346112060750006
0.2700000000000001,0.7100000000000004,0.15481886128181727
0.2700000000000001,0.7000000000000004,0.1561944366602582
0.2700000000000001,0.6900000000000004,0.1575880127147575
0.2700000000000001,0.6800000000000004,0.15899975394468063
0.2700000000000001,0.6700000000000004,0.16042982323949742
0.2700000000000001,0.6600000000000004,0.16187838173794525
0.2700000000000001,0.6500000000000004,0.1633455886837168
0.2700000000000001,0.6400000000000003,0.16483160127771326
0.2700000000000001,0.6300000000000003,0.16633657452691236
0.2700000000000001,0.6200000000000003,0.1678606610899093
0.2700000000000001,0.6100000000000003,0.1694040111191955
0.2700000000000001,0.6000000000000003,0.1709667721002513
0.2700000000000001,0.5900000000000003,0.17254908868753494
0.2700000000000001,0.5800000000000003,0.17415110253746213
0.2700000000000001,0.5700000000000003,0.17577295213847802
0.2700000000000001,0.5600000000000003,0.17741477263833416
0.2700000000000001,0.5500000000000003,0.1790766956686935
0.2700000000000001,0.5400000000000003,0.18075884916719479
0.2700000000000001,0.5300000000000002,0.18246135719712098
0.2700000000000001,0.5200000000000002,0.1841843397648237
0.2700000000000001,0.5100000000000002,0.1859279126350699
0.2700000000000001,0.5000000000000002,0.1876921871444836
0.2700000000000001,0.49000000000000027,0.18947727001327164
0.2700000000000001,0.48000000000000026,0.19128326315542782
0.2700000000000001,0.47000000000000025,0.19311026348762553
0.2700000000000001,0.46000000000000024,0.1949583627370168
0.2700000000000001,0.45000000000000023,0.1968276472481696
0.2700000000000001,0.4400000000000002,0.19871819778938177
0.2700000000000001,0.4300000000000002,0.2006300893586271
0.2700000000000001,0.4200000000000002,0.20256339098939288
0.2700000000000001,0.4100000000000002,0.20451816555668478
0.2700000000000001,0.4000000000000002,0.2064944695834804
0.2700000000000001,0.3900000000000002,0.20849235304792713
0.2700000000000001,0.38000000000000017,0.2105118591915853
0.2700000000000001,0.37000000000000016,0.21255302432903142
0.2700000000000001,0.36000000000000015,0.2146158776591416
0.2700000000000001,0.35000000000000014,0.21670044107838554
0.2700000000000001,0.34000000000000014,0.21880672899646958
0.2700000000000001,0.3300000000000001,0.22093474815467434
0.2700000000000001,0.3200000000000001,0.2230844974472388
0.2700000000000001,0.3100000000000001,0.2252559677461501
0.2700000000000001,0.3000000000000001,0.22744914172970343
0.2700000000000001,0.2900000000000001,0.22966399371520013
0.2700000000000001,0.2800000000000001,0.23190048949615816
0.2700000000000001,0.2700000000000001,0.2341585861844109
0.2700000000000001,0.26000000000000006,0.236438232057472
0.2700000000000001,0.25000000000000006,0.23873936641154797
0.2700000000000001,0.24000000000000007,0.24106191942057753
0.2700000000000001,0.23000000000000007,0.24340581200167774
0.2700000000000001,0.22000000000000006,0.24577095568737697
0.2700000000000001,0.21000000000000005,0.24815725250500728
0.2700000000000001,0.20000000000000004,0.2505645948636318
0.2700000000000001,0.19000000000000003,0.2529928654488711
0.2700000000000001,0.18000000000000002,0.25544193712599167
0.2700000000000001,0.17,0.25791167285160904
0.2700000000000001,0.16,0.26040192559435266
0.2700000000000001,0.15,0.2629125382648262
0.2700000000000001,0.13999999999999999,0.26544334365519157
0.2700000000000001,0.12999999999999998,0.2679941643886868
0.2700000000000001,0.11999999999999998,0.2705648128793799
0.2700000000000001,0.10999999999999999,0.27315509130244364
0.2700000000000001,0.09999999999999999,0.2757647915752222
0.2700000000000001,0.09,0.27839369534934166
0.2700000000000001,0.08,0.28104157401410174
0.2700000000000001,0.07,0.2837081887113644
0.2700000000000001,0.060000000000000005,0.2863932903621365
0.2700000000000001,0.05,0.28909661970502204
0.2700000000000001,0.04,0.2918179073466973
0.2700000000000001,0.03,0.2945568738245407
0.2700000000000001,0.02,0.2973132296815228
0.2700000000000001,0.01,0.30008667555344
0.2700000000000001,0,0.3028769022685478
0.26000000000000006,1.0000000000000007,0.12300630533293029
0.26000000000000006,0.9900000000000007,0.1239486225657759
0.26000000000000006,0.9800000000000006,0.1249041561872624
0.26000000000000006,0.9700000000000006,0.12587307284883953
0.26000000000000006,0.9600000000000006,0.12685554013960468
0.26000000000000006,0.9500000000000006,0.12785172653684126
0.26000000000000006,0.9400000000000006,0.12886180135392
0.26000000000000006,0.9300000000000006,0.1298859346854991
0.26000000000000006,0.9200000000000006,0.13092429734996044
0.26000000000000006,0.9100000000000006,0.13197706082901872
0.26000000000000006,0.9000000000000006,0.13304439720444305
0.26000000000000006,0.8900000000000006,0.13412647909182945
0.26000000000000006,0.8800000000000006,0.13522347957136627
0.26000000000000006,0.8700000000000006,0.13633557211553493
0.26000000000000006,0.8600000000000005,0.13746293051369046
0.26000000000000006,0.8500000000000005,0.13860572879346816
0.26000000000000006,0.8400000000000005,0.13976414113896546
0.26000000000000006,0.8300000000000005,0.1409383418056493
0.26000000000000006,0.8200000000000005,0.14212850503194369
0.26000000000000006,0.8100000000000005,0.14333480494745365
0.26000000000000006,0.8000000000000005,0.1445574154777853
0.26000000000000006,0.7900000000000005,0.1457965102459262
0.26000000000000006,0.7800000000000005,0.14705226247015174
0.26000000000000006,0.7700000000000005,0.1483248448584299
0.26000000000000006,0.7600000000000005,0.14961442949929862
0.26000000000000006,0.7500000000000004,0.1509211877491967
0.26000000000000006,0.7400000000000004,0.1522452901162311
0.26000000000000006,0.7300000000000004,0.15358690614037332
0.26000000000000006,0.7200000000000004,0.15494620427007705
0.26000000000000006,0.7100000000000004,0.15632335173531994
0.26000000000000006,0.7000000000000004,0.15771851441707707
0.26000000000000006,0.6900000000000004,0.1591318567132371
0.26000000000000006,0.6800000000000004,0.16056354140098428
0.26000000000000006,0.6700000000000004,0.162013729495671
0.26000000000000006,0.6600000000000004,0.16348258010621702
0.26000000000000006,0.6500000000000004,0.16497025028707607
0.26000000000000006,0.6400000000000003,0.16647689488682046
0.26000000000000006,0.6300000000000003,0.16800266639340228
0.26000000000000006,0.6200000000000003,0.16954771477615638
0.26000000000000006,0.6100000000000003,0.17111218732462205
0.26000000000000006,0.6000000000000003,0.17269622848426713
0.26000000000000006,0.5900000000000003,0.17429997968920802
0.26000000000000006,0.5800000000000003,0.17592357919203003
0.26000000000000006,0.5700000000000003,0.1775671618908199
0.26000000000000006,0.5600000000000003,0.17923085915353484
0.26000000000000006,0.5500000000000003,0.18091479863984086
0.26000000000000006,0.5400000000000003,0.18261910412056437
0.26000000000000006,0.5300000000000002,0.18434389529491158
0.26000000000000006,0.5200000000000002,0.1860892876056212
0.26000000000000006,0.5100000000000002,0.18785539205222546
0.26000000000000006,0.5000000000000002,0.18964231500260784
0.26000000000000006,0.49000000000000027,0.19145015800305437
0.26000000000000006,0.48000000000000026,0.19327901758700794
0.26000000000000006,0.47000000000000025,0.19512898508274604
0.26000000000000006,0.46000000000000024,0.1970001464202121
0.26000000000000006,0.45000000000000023,0.19889258193724324
0.26000000000000006,0.4400000000000002,0.2008063661854474
0.26000000000000006,0.4300000000000002,0.2027415677359924
0.26000000000000006,0.4200000000000002,0.2046982489855823
0.26000000000000006,0.4100000000000002,0.20667646596290404
0.26000000000000006,0.4000000000000002,0.20867626813584003
0.26000000000000006,0.3900000000000002,0.21069769821974968
0.26000000000000006,0.38000000000000017,0.2127407919871339
0.26000000000000006,0.37000000000000016,0.21480557807900486
0.26000000000000006,0.36000000000000015,0.21689207781829137
0.26000000000000006,0.35000000000000014,0.21900030502561907
0.26000000000000006,0.34000000000000014,0.2211302658378116
0.26000000000000006,0.3300000000000001,0.223281958529466
0.26000000000000006,0.3200000000000001,0.22545537333796092
0.26000000000000006,0.3100000000000001,0.22765049229226325
0.26000000000000006,0.3000000000000001,0.22986728904590228
0.26000000000000006,0.2900000000000001,0.2321057287144845
0.26000000000000006,0.2800000000000001,0.23436576771812687
0.26000000000000006,0.2700000000000001,0.2366473536291858
0.26000000000000006,0.26000000000000006,0.23895042502566347
0.26000000000000006,0.25000000000000006,0.24127491135067156
0.26000000000000006,0.24000000000000007,0.24362073277833204
0.26000000000000006,0.23000000000000007,0.24598780008649426
0.26000000000000006,0.22000000000000006,0.24837601453664318
0.26000000000000006,0.21000000000000005,0.25078526776137056
0.26000000000000006,0.20000000000000004,0.2532154416597765
0.26000000000000006,0.19000000000000003,0.2556664083011621
0.26000000000000006,0.18000000000000002,0.2581380298373656
0.26000000000000006,0.17,0.2606301584240888
0.26000000000000006,0.16,0.26314263615154726
0.26000000000000006,0.15,0.2656752949847707
0.26000000000000006,0.13999999999999999,0.26822795671386446
0.26000000000000006,0.12999999999999998,0.27080043291453193
0.26000000000000006,0.11999999999999998,0.2733925249191434
0.26000000000000006,0.10999999999999999,0.2760040237986185
0.26000000000000006,0.09999999999999999,0.27863471035537724
0.26000000000000006,0.09,0.2812843551275916
0.26000000000000006,0.08,0.28395271840495456
0.26000000000000006,0.07,0.2866395502561612
0.26000000000000006,0.060000000000000005,0.2893445905682768
0.26000000000000006,0.05,0.29206756909814285
0.26000000000000006,0.04,0.29480820553595083
0.26000000000000006,0.03,0.2975662095810892
0.26000000000000006,0.02,0.30034128103034285
0.26000000000000006,0.01,0.3031331098785015
0.26000000000000006,0,0.30594137643140484
0.25000000000000006,1.0000000000000007,0.12403932860416238
0.25000000000000006,0.9900000000000007,0.12499603680014211
0.25000000000000006,0.9800000000000006,0.12596614226814942
0.25000000000000006,0.9700000000000006,0.12694981268224775
0.25000000000000006,0.9600000000000006,0.12794721660093072
0.25000000000000006,0.9500000000000006,0.12895852341481537
0.25000000000000006,0.9400000000000006,0.1299839032916296
0.25000000000000006,0.9300000000000006,0.13102352711843
0.25000000000000006,0.9200000000000006,0.13207756644098742
0.25000000000000006,0.9100000000000006,0.1331461934002802
0.25000000000000006,0.9000000000000006,0.13422958066603277
0.25000000000000006,0.8900000000000006,0.13532790136724274
0.25000000000000006,0.8800000000000006,0.13644132901963824
0.25000000000000006,0.8700000000000006,0.1375700374500102
0.25000000000000006,0.8600000000000005,0.13871420071736654
0.25000000000000006,0.8500000000000005,0.13987399303085657
0.25000000000000006,0.8400000000000005,0.14104958866441725
0.25000000000000006,0.8300000000000005,0.14224116186809502
0.25000000000000006,0.8200000000000005,0.1434488867760006
0.25000000000000006,0.8100000000000005,0.14467293731085598
0.25000000000000006,0.8000000000000005,0.14591348708509824
0.25000000000000006,0.7900000000000005,0.14717070929850665
0.25000000000000006,0.7800000000000005,0.1484447766323247
0.25000000000000006,0.7700000000000005,0.14973586113985304
0.25000000000000006,0.7600000000000005,0.15104413413349244
0.25000000000000006,0.7500000000000004,0.15236976606822314
0.25000000000000006,0.7400000000000004,0.15371292642151
0.25000000000000006,0.7300000000000004,0.15507378356962856
0.25000000000000006,0.7200000000000004,0.15645250466041552
0.25000000000000006,0.7100000000000004,0.15784925548244857
0.25000000000000006,0.7000000000000004,0.15926420033067165
0.25000000000000006,0.6900000000000004,0.1606975018684846
0.25000000000000006,0.6800000000000004,0.1621493209863263
0.25000000000000006,0.6700000000000004,0.16361981665678554
0.25000000000000006,0.6600000000000004,0.16510914578628152
0.25000000000000006,0.6500000000000004,0.1666174630633663
0.25000000000000006,0.6400000000000003,0.16814492080370622
0.25000000000000006,0.6300000000000003,0.1696916687918102
0.25000000000000006,0.6200000000000003,0.1712578541195818
0.25000000000000006,0.6100000000000003,0.1728436210217783
0.25000000000000006,0.6000000000000003,0.17444911070847363
0.25000000000000006,0.5900000000000003,0.17607446119462697
0.25000000000000006,0.5800000000000003,0.1777198071268728
0.25000000000000006,0.5700000000000003,0.17938527960765513
0.25000000000000006,0.5600000000000003,0.181071006016841
0.25000000000000006,0.5500000000000003,0.18277710983095694
0.25000000000000006,0.5400000000000003,0.18450371044020475
0.25000000000000006,0.5300000000000002,0.18625092296342194
0.25000000000000006,0.5200000000000002,0.1880188580611639
0.25000000000000006,0.5100000000000002,0.18980762174709542
0.25000000000000006,0.5000000000000002,0.19161731519789102
0.25000000000000006,0.49000000000000027,0.19344803456185342
0.25000000000000006,0.48000000000000026,0.19529987076647098
0.25000000000000006,0.47000000000000025,0.1971729093251467
0.25000000000000006,0.46000000000000024,0.19906723014334138
0.25000000000000006,0.45000000000000023,0.20098290732438423
0.25000000000000006,0.4400000000000002,0.20292000897521614
0.25000000000000006,0.4300000000000002,0.20487859701233987
0.25000000000000006,0.4200000000000002,0.20685872696826255
0.25000000000000006,0.4100000000000002,0.20886044779872612
0.25000000000000006,0.4000000000000002,0.21088380169102927
0.25000000000000006,0.3900000000000002,0.212928823873757
0.25000000000000006,0.38000000000000017,0.21499554242823937
0.25000000000000006,0.37000000000000016,0.21708397810207072
0.25000000000000006,0.36000000000000015,0.21919414412503102
0.25000000000000006,0.35000000000000014,0.2213260460277535
0.25000000000000006,0.34000000000000014,0.2234796814634942
0.25000000000000006,0.3300000000000001,0.22565504003336215
0.25000000000000006,0.3200000000000001,0.22785210311537632
0.25000000000000006,0.3100000000000001,0.23007084369771852
0.25000000000000006,0.3000000000000001,0.2323112262165568
0.25000000000000006,0.2900000000000001,0.23457320639881557
0.25000000000000006,0.2800000000000001,0.23685673111027322
0.25000000000000006,0.2700000000000001,0.2391617382093648
0.25000000000000006,0.26000000000000006,0.2414881564070737
0.25000000000000006,0.25000000000000006,0.24383590513329087
0.25000000000000006,0.24000000000000007,0.24620489441001944
0.25000000000000006,0.23000000000000007,0.24859502473180103
0.25000000000000006,0.22000000000000006,0.2510061869537358
0.25000000000000006,0.21000000000000005,0.2534382621874616
0.25000000000000006,0.20000000000000004,0.2558911217054538
0.25000000000000006,0.19000000000000003,0.2583646268539982
0.25000000000000006,0.18000000000000002,0.2608586289751815
0.25000000000000006,0.17,0.2633729693382348
0.25000000000000006,0.16,0.26590747908055357
0.25000000000000006,0.15,0.2684619791587045
0.25000000000000006,0.13999999999999999,0.2710362803097207
0.25000000000000006,0.12999999999999998,0.2736301830229653
0.25000000000000006,0.11999999999999998,0.2762434775228343
0.25000000000000006,0.10999999999999999,0.27887594376254854
0.25000000000000006,0.09999999999999999,0.28152735142926816
0.25000000000000006,0.09,0.28419745996074397
0.25000000000000006,0.08,0.28688601857369916
0.25000000000000006,0.07,0.2895927663041141
0.25000000000000006,0.060000000000000005,0.29231743205956495
0.25000000000000006,0.05,0.29505973468374314
0.25000000000000006,0.04,0.2978193830332593
0.25000000000000006,0.03,0.30059607606681055
0.25000000000000006,0.02,0.3033895029467637
0.25000000000000006,0.01,0.3061993431531817
0.25000000000000006,0,0.3090252666102941
0.24000000000000007,1.0000000000000007,0.12508810901183817
0.24000000000000007,0.9900000000000007,0.1260594050806414
0.24000000000000007,0.9800000000000006,0.12704428041387045
0.24000000000000007,0.9700000000000006,0.1280429036505443
0.24000000000000007,0.9600000000000006,0.12905544425781493
0.24000000000000007,0.9500000000000006,0.1300820724757418
0.24000000000000007,0.9400000000000006,0.13112295925929018
0.24000000000000007,0.9300000000000006,0.1321782762174938
0.24000000000000007,0.9200000000000006,0.13324819554971812
0.24000000000000007,0.9100000000000006,0.13433288997896545
0.24000000000000007,0.9000000000000006,0.1354325326821629
0.24000000000000007,0.8900000000000006,0.13654729721737616
0.24000000000000007,0.8800000000000006,0.1376773574478929
0.24000000000000007,0.8700000000000006,0.13882288746312413
0.24000000000000007,0.8600000000000005,0.13998406149627132
0.24000000000000007,0.8500000000000005,0.14116105383871067
0.24000000000000007,0.8400000000000005,0.14235403875104918
0.24000000000000007,0.8300000000000005,0.14356319037081036
0.24000000000000007,0.8200000000000005,0.14478868261670713
0.24000000000000007,0.8100000000000005,0.14603068908947
0.24000000000000007,0.8000000000000005,0.14728938296919386
0.24000000000000007,0.7900000000000005,0.14856493690917794
0.24000000000000007,0.7800000000000005,0.1498575229262335
0.24000000000000007,0.7700000000000005,0.1511673122874398
0.24000000000000007,0.7600000000000005,0.15249447539333466
0.24000000000000007,0.7500000000000004,0.15383918165752877
0.24000000000000007,0.7400000000000004,0.15520159938274125
0.24000000000000007,0.7300000000000004,0.15658189563325708
0.24000000000000007,0.7200000000000004,0.15798023610381562
0.24000000000000007,0.7100000000000004,0.1593967849849438
0.24000000000000007,0.7000000000000004,0.16083170482475487
0.24000000000000007,0.6900000000000004,0.16228515638724192
0.24000000000000007,0.6800000000000004,0.163757298507101
0.24000000000000007,0.6700000000000004,0.1652482879411267
0.24000000000000007,0.6600000000000004,0.16675827921623218
0.24000000000000007,0.6500000000000004,0.1682874244741522
0.24000000000000007,0.6400000000000003,0.1698358733128978
0.24000000000000007,0.6300000000000003,0.17140377262503834
0.24000000000000007,0.6200000000000003,0.17299126643289853
0.24000000000000007,0.6100000000000003,0.17459849572076327
0.24000000000000007,0.6000000000000003,0.17622559826419737
0.24000000000000007,0.5900000000000003,0.17787270845659303
0.24000000000000007,0.5800000000000003,0.17953995713307166
0.24000000000000007,0.5700000000000003,0.181227471391873
0.24000000000000007,0.5600000000000003,0.18293537441337873
0.24000000000000007,0.5500000000000003,0.18466378527692587
0.24000000000000007,0.5400000000000003,0.18641281877557672
0.24000000000000007,0.5300000000000002,0.18818258522902365
0.24000000000000007,0.5200000000000002,0.18997319029481688
0.24000000000000007,0.5100000000000002,0.19178473477811542
0.24000000000000007,0.5000000000000002,0.19361731444017133
0.24000000000000007,0.49000000000000027,0.1954710198057702
0.24000000000000007,0.48000000000000026,0.19734593596985908
0.24000000000000007,0.47000000000000025,0.19924214240360738
0.24000000000000007,0.46000000000000024,0.2011597127601541
0.24000000000000007,0.45000000000000023,0.20309871468030694
0.24000000000000007,0.4400000000000002,0.2050592095984697
0.24000000000000007,0.4300000000000002,0.20704125254908295
0.24000000000000007,0.4200000000000002,0.2090448919738747
0.24000000000000007,0.4100000000000002,0.21107016953022675
0.24000000000000007,0.4000000000000002,0.21311711990097099
0.24000000000000007,0.3900000000000002,0.21518577060594027
0.24000000000000007,0.38000000000000017,0.217276141815606
0.24000000000000007,0.37000000000000016,0.21938824616714178
0.24000000000000007,0.36000000000000015,0.22152208858326172
0.24000000000000007,0.35000000000000014,0.22367766609418735
0.24000000000000007,0.34000000000000014,0.22585496766310303
0.24000000000000007,0.3300000000000001,0.22805397401546612
0.24000000000000007,0.3200000000000001,0.23027465747254258
0.24000000000000007,0.3100000000000001,0.23251698178954178
0.24000000000000007,0.3000000000000001,0.23478090199872784
0.24000000000000007,0.2900000000000001,0.23706636425788744
0.24000000000000007,0.2800000000000001,0.23937330570453455
0.24000000000000007,0.2700000000000001,0.2417016543162324
0.24000000000000007,0.26000000000000006,0.2440513287774139
0.24000000000000007,0.25000000000000006,0.24642223835307828
0.24000000000000007,0.24000000000000007,0.2488142827697387
0.24000000000000007,0.23000000000000007,0.25122735210399366
0.24000000000000007,0.22000000000000006,0.25366132667908814
0.24000000000000007,0.21000000000000005,0.2561160769698229
0.24000000000000007,0.20000000000000004,0.2585914635161677
0.24000000000000007,0.19000000000000003,0.2610873368459195
0.24000000000000007,0.18000000000000002,0.26360353740674136
0.24000000000000007,0.17,0.2661398955079048
0.24000000000000007,0.16,0.2686962312720462
0.24000000000000007,0.15,0.2712723545972356
0.24000000000000007,0.13999999999999999,0.2738680651296391
0.24000000000000007,0.12999999999999998,0.2764831522470437
0.24000000000000007,0.11999999999999998,0.27911739505349265
0.24000000000000007,0.10999999999999999,0.2817705623852655
0.24000000000000007,0.09999999999999999,0.2844424128284129
0.24000000000000007,0.09,0.28713269474804093
0.24000000000000007,0.08,0.2898411463295145
0.24000000000000007,0.07,0.29256749563173
0.24000000000000007,0.060000000000000005,0.2953114606525809
0.24000000000000007,0.05,0.2980727494067212
0.24000000000000007,0.04,0.3008510600156994
0.24000000000000007,0.03,0.3036460808105186
0.24000000000000007,0.02,0.30645749044664394
0.24000000000000007,0.01,0.3092849580314587
0.24000000000000007,0,0.31212814326413785
0.23000000000000007,1.0000000000000007,0.12615286154537034
0.23000000000000007,0.9900000000000007,0.12713894359292974
0.23000000000000007,0.9800000000000006,0.1281387879434284
0.23000000000000007,0.9700000000000006,0.12915256413983864
0.23000000000000007,0.9600000000000006,0.13018044249380903
0.23000000000000007,0.9500000000000006,0.13122259402744443
0.23000000000000007,0.9400000000000006,0.13227919041224373
0.23000000000000007,0.9300000000000006,0.13335040390513395
0.23000000000000007,0.9200000000000006,0.13443640728154074
0.23000000000000007,0.9100000000000006,0.13553737376543715
0.23000000000000007,0.9000000000000006,0.13665347695631286
0.23000000000000007,0.8900000000000006,0.1377848907530094
0.23000000000000007,0.8800000000000006,0.13893178927436756
0.23000000000000007,0.8700000000000006,0.14009434677663682
0.23000000000000007,0.8600000000000005,0.14127273756759776
0.23000000000000007,0.8500000000000005,0.1424671359173523
0.23000000000000007,0.8400000000000005,0.143677715965739
0.23000000000000007,0.8300000000000005,0.14490465162633354
0.23000000000000007,0.8200000000000005,0.14614811648699896
0.23000000000000007,0.8100000000000005,0.14740828370695383
0.23000000000000007,0.8000000000000005,0.14868532591032885
0.23000000000000007,0.7900000000000005,0.14997941507619
0.23000000000000007,0.7800000000000005,0.1512907224250074
0.23000000000000007,0.7700000000000005,0.1526194183015565
0.23000000000000007,0.7600000000000005,0.15396567205424289
0.23000000000000007,0.7500000000000004,0.1553296519108459
0.23000000000000007,0.7400000000000004,0.15671152485068512
0.23000000000000007,0.7300000000000004,0.15811145647321642
0.23000000000000007,0.7200000000000004,0.1595296108630736
0.23000000000000007,0.7100000000000004,0.1609661504515775
0.23000000000000007,0.7000000000000004,0.16242123587473947
0.23000000000000007,0.6900000000000004,0.16389502582779772
0.23000000000000007,0.6800000000000004,0.16538767691632839
0.23000000000000007,0.6700000000000004,0.1668993435039839
0.23000000000000007,0.6600000000000004,0.1684301775569186
0.23000000000000007,0.6500000000000004,0.16998032848497002
0.23000000000000007,0.6400000000000003,0.17154994297967285
0.23000000000000007,0.6300000000000003,0.17313916484919348
0.23000000000000007,0.6200000000000003,0.17474813485027932
0.23000000000000007,0.6100000000000003,0.17637699051732952
0.23000000000000007,0.6000000000000003,0.17802586598870235
0.23000000000000007,0.5900000000000003,0.1796948918303846
0.23000000000000007,0.5800000000000003,0.18138419485715898
0.23000000000000007,0.5700000000000003,0.18309389795141567
0.23000000000000007,0.5600000000000003,0.18482411987976488
0.23000000000000007,0.5500000000000003,0.18657497510761858
0.23000000000000007,0.5400000000000003,0.18834657361191925
0.23000000000000007,0.5300000000000002,0.19013902069220584
0.23000000000000007,0.5200000000000002,0.19195241678021732
0.23000000000000007,0.5100000000000002,0.19378685724824518
0.23000000000000007,0.5000000000000002,0.19564243221645822
0.23000000000000007,0.49000000000000027,0.19751922635943273
0.23000000000000007,0.48000000000000026,0.1994173187121326
0.23000000000000007,0.47000000000000025,0.20133678247559608
0.23000000000000007,0.46000000000000024,0.20327768482259334
0.23000000000000007,0.45000000000000023,0.20524008670353316
0.23000000000000007,0.4400000000000002,0.20722404265290506
0.23000000000000007,0.4300000000000002,0.2092296005965527
0.23000000000000007,0.4200000000000002,0.21125680166008726
0.23000000000000007,0.4100000000000002,0.21330567997875383
0.23000000000000007,0.4000000000000002,0.21537626250907768
0.23000000000000007,0.3900000000000002,0.21746856884262178
0.23000000000000007,0.38000000000000017,0.21958261102219773
0.23000000000000007,0.37000000000000016,0.22171839336087715
0.23000000000000007,0.36000000000000015,0.22387591226415884
0.23000000000000007,0.35000000000000014,0.22605515605565302
0.23000000000000007,0.34000000000000014,0.22825610480664857
0.23000000000000007,0.3300000000000001,0.23047873016993387
0.23000000000000007,0.3200000000000001,0.23272299521824666
0.23000000000000007,0.3100000000000001,0.23498885428773014
0.23000000000000007,0.3000000000000001,0.2372762528267747
0.23000000000000007,0.2900000000000001,0.23958512725062722
0.23000000000000007,0.2800000000000001,0.2419154048021477
0.23000000000000007,0.2700000000000001,0.24426700341909402
0.23000000000000007,0.26000000000000006,0.24663983160831335
0.23000000000000007,0.25000000000000006,0.24903378832721532
0.23000000000000007,0.24000000000000007,0.25144876287289813
0.23000000000000007,0.23000000000000007,0.25388463477929357
0.23000000000000007,0.22000000000000006,0.25634127372269105
0.23000000000000007,0.21000000000000005,0.25881853943599287
0.23000000000000007,0.20000000000000004,0.26131628163204357
0.23000000000000007,0.19000000000000003,0.2638343399363669
0.23000000000000007,0.18000000000000002,0.2663725438296347
0.23000000000000007,0.17,0.2689307126001742
0.23000000000000007,0.16,0.2715086553068136
0.23000000000000007,0.15,0.27410617075234617
0.23000000000000007,0.13999999999999999,0.2767230474678788
0.23000000000000007,0.12999999999999998,0.2793590637083139
0.23000000000000007,0.11999999999999998,0.28201398745919604
0.23000000000000007,0.10999999999999999,0.284687576455133
0.23000000000000007,0.09999999999999999,0.2873795782099839
0.23000000000000007,0.09,0.2900897300589837
0.23000000000000007,0.08,0.2928177592129495
0.23000000000000007,0.07,0.2955633828246959
0.23000000000000007,0.060000000000000005,0.2983263080677562
0.23000000000000007,0.05,0.30110623222748656
0.23000000000000007,0.04,0.3039028428046013
0.23000000000000007,0.03,0.3067158176311629
0.23000000000000007,0.02,0.3095448249990236
0.23000000000000007,0.01,0.31238952380068574
0.23000000000000007,0,0.31524956368252444
0.22000000000000006,1.0000000000000007,0.1272338024776698
0.22000000000000006,0.9900000000000007,0.12823486973709708
0.22000000000000006,0.9800000000000006,0.1292498833175533
0.22000000000000006,0.9700000000000006,0.13027901360153077
0.22000000000000006,0.9600000000000006,0.1313224316775006
0.22000000000000006,0.9500000000000006,0.1323803092786256
0.22000000000000006,0.9400000000000006,0.13345281871856468
0.22000000000000006,0.9300000000000006,0.13454013282430854
0.22000000000000006,0.9200000000000006,0.1356424248659885
0.22000000000000006,0.9100000000000006,0.13675986848360114
0.22000000000000006,0.9000000000000006,0.13789263761059453
0.22000000000000006,0.8900000000000006,0.1390409063942618
0.22000000000000006,0.8800000000000006,0.1402048491128924
0.22000000000000006,0.8700000000000006,0.14138464008963247
0.22000000000000006,0.8600000000000005,0.14258045360300872
0.22000000000000006,0.8500000000000005,0.14379246379407354
0.22000000000000006,0.8400000000000005,0.14502084457013215
0.22000000000000006,0.8300000000000005,0.14626576950501607
0.22000000000000006,0.8200000000000005,0.1475274117358708
0.22000000000000006,0.8100000000000005,0.14880594385643064
0.22000000000000006,0.8000000000000005,0.15010153780675606
0.22000000000000006,0.7900000000000005,0.15141436475941597
0.22000000000000006,0.7800000000000005,0.15274459500210014
0.22000000000000006,0.7700000000000005,0.15409239781665351
0.22000000000000006,0.7600000000000005,0.15545794135452912
0.22000000000000006,0.7500000000000004,0.15684139250866277
0.22000000000000006,0.7400000000000004,0.15824291678177796
0.22000000000000006,0.7300000000000004,0.15966267815113605
0.22000000000000006,0.7200000000000004,0.1611008389297553
0.22000000000000006,0.7100000000000004,0.16255755962412602
0.22000000000000006,0.7000000000000004,0.1640329987884599
0.22000000000000006,0.6900000000000004,0.16552731287551736
0.22000000000000006,0.6800000000000004,0.16704065608406507
0.22000000000000006,0.6700000000000004,0.1685731802030248
0.22000000000000006,0.6600000000000004,0.170125034452382
0.22000000000000006,0.6500000000000004,0.17169636532093305
0.22000000000000006,0.6400000000000003,0.173287316400958
0.22000000000000006,0.6300000000000003,0.17489802821991537
0.22000000000000006,0.6200000000000003,0.17652863806926522
0.22000000000000006,0.6100000000000003,0.17817927983053755
0.22000000000000006,0.6000000000000003,0.17985008379877093
0.22000000000000006,0.5900000000000003,0.18154117650345938
0.22000000000000006,0.5800000000000003,0.18325268052715307
0.22000000000000006,0.5700000000000003,0.1849847143218725
0.22000000000000006,0.5600000000000003,0.18673739202350276
0.22000000000000006,0.5500000000000003,0.1885108232643487
0.22000000000000006,0.5400000000000003,0.1903051129840408
0.22000000000000006,0.5300000000000002,0.19212036123899312
0.22000000000000006,0.5200000000000002,0.19395666301062645
0.22000000000000006,0.5100000000000002,0.1958141080125794
0.22000000000000006,0.5000000000000002,0.19769278049714292
0.22000000000000006,0.49000000000000027,0.19959275906116247
0.22000000000000006,0.48000000000000026,0.20151411645166625
0.22000000000000006,0.47000000000000025,0.20345691937148389
0.22000000000000006,0.46000000000000024,0.20542122828513537
0.22000000000000006,0.45000000000000023,0.20740709722527667
0.22000000000000006,0.4400000000000002,0.20941457359999952
0.22000000000000006,0.4300000000000002,0.2114436980012938
0.22000000000000006,0.4200000000000002,0.21349450401498768
0.22000000000000006,0.4100000000000002,0.2155670180324916
0.22000000000000006,0.4000000000000002,0.21766125906468003
0.22000000000000006,0.3900000000000002,0.21977723855825115
0.22000000000000006,0.38000000000000017,0.22191496021491555
0.22000000000000006,0.37000000000000016,0.22407441981376694
0.22000000000000006,0.36000000000000015,0.22625560503719808
0.22000000000000006,0.35000000000000014,0.22845849530072843
0.22000000000000006,0.34000000000000014,0.23068306158711396
0.22000000000000006,0.3300000000000001,0.23292926628511532
0.22000000000000006,0.3200000000000001,0.23519706303330193
0.22000000000000006,0.3100000000000001,0.2374863965692714
0.22000000000000006,0.3000000000000001,0.23979720258466622
0.22000000000000006,0.2900000000000001,0.24212940758636906
0.22000000000000006,0.2800000000000001,0.24448292876425481
0.22000000000000006,0.2700000000000001,0.24685767386588126
0.22000000000000006,0.26000000000000006,0.24925354107848965
0.22000000000000006,0.25000000000000006,0.2516704189186891
0.22000000000000006,0.24000000000000007,0.25410818613019015
0.22000000000000006,0.23000000000000007,0.2565667115899453
0.22000000000000006,0.22000000000000006,0.25904585422305
0.22000000000000006,0.21000000000000005,0.26154546292674563
0.22000000000000006,0.20000000000000004,0.2640653765038595
0.22000000000000006,0.19000000000000003,0.2666054236059998
0.22000000000000006,0.18000000000000002,0.2691654226868196
0.22000000000000006,0.17,0.2717451819656407
0.22000000000000006,0.16,0.27434449940172145
0.22000000000000006,0.15,0.2769631626794323
0.22000000000000006,0.13999999999999999,0.279600949204586
0.22000000000000006,0.12999999999999998,0.2822576261121528
0.22000000000000006,0.11999999999999998,0.2849329502855701
0.22000000000000006,0.10999999999999999,0.2876266683878362
0.22000000000000006,0.09999999999999999,0.290338516904556
0.22000000000000006,0.09,0.2930682221990848
0.22000000000000006,0.08,0.29581550057989225
0.22000000000000006,0.07,0.2985800583802441
0.22000000000000006,0.060000000000000005,0.30136159205027546
0.22000000000000006,0.05,0.3041597882615035
0.22000000000000006,0.04,0.3069743240237996
0.22000000000000006,0.03,0.3098048668148158
0.22000000000000006,0.02,0.3126510747218333
0.22000000000000006,0.01,0.3155125965959701
0.22000000000000006,0,0.3183890722186617
0.21000000000000005,1.0000000000000007,0.12833114928882788
0.21000000000000005,0.9900000000000007,0.12934740204736905
0.21000000000000005,0.9800000000000006,0.13037778605432868
0.21000000000000005,0.9700000000000006,0.13142247246376715
0.21000000000000005,0.9600000000000006,0.13248163306970623
0.21000000000000005,0.9500000000000006,0.13355544024170318
0.21000000000000005,0.9400000000000006,0.13464406685745145
0.21000000000000005,0.9300000000000006,0.1357476862323489
0.21000000000000005,0.9200000000000006,0.13686647204597804
0.21000000000000005,0.9100000000000006,0.13800059826544217
0.21000000000000005,0.9000000000000006,0.1391502390655053
0.21000000000000005,0.8900000000000006,0.14031556874548473
0.21000000000000005,0.8800000000000006,0.14149676164284933
0.21000000000000005,0.8700000000000006,0.14269399204347624
0.21000000000000005,0.8600000000000005,0.1439074340885264
0.21000000000000005,0.8500000000000005,0.14513726167789748
0.21000000000000005,0.8400000000000005,0.14638364837022058
0.21000000000000005,0.8300000000000005,0.14764676727936793
0.21000000000000005,0.8200000000000005,0.14892679096744504
0.21000000000000005,0.8100000000000005,0.15022389133424285
0.21000000000000005,0.8000000000000005,0.15153823950313317
0.21000000000000005,0.7900000000000005,0.15287000570339224
0.21000000000000005,0.7800000000000005,0.154219359148945
0.21000000000000005,0.7700000000000005,0.15558646791352757
0.21000000000000005,0.7600000000000005,0.15697149880227013
0.21000000000000005,0.7500000000000004,0.15837461721971066
0.21000000000000005,0.7400000000000004,0.15979598703425507
0.21000000000000005,0.7300000000000004,0.16123577043910547
0.21000000000000005,0.7200000000000004,0.16269412780968795
0.21000000000000005,0.7100000000000004,0.16417121755761555
0.21000000000000005,0.7000000000000004,0.16566719598123228
0.21000000000000005,0.6900000000000004,0.16718221711279085
0.21000000000000005,0.6800000000000004,0.16871643256232507
0.21000000000000005,0.6700000000000004,0.17026999135828685
0.21000000000000005,0.6600000000000004,0.17184303978502766
0.21000000000000005,0.6500000000000004,0.17343572121721032
0.21000000000000005,0.6400000000000003,0.17504817595125044
0.21000000000000005,0.6300000000000003,0.1766805410338935
0.21000000000000005,0.6200000000000003,0.17833295008804464
0.21000000000000005,0.6100000000000003,0.18000553313597856
0.21000000000000005,0.6000000000000003,0.18169841642006682
0.21000000000000005,0.5900000000000003,0.1834117222211701
0.21000000000000005,0.5800000000000003,0.18514556867485443
0.21000000000000005,0.5700000000000003,0.18690006958560068
0.21000000000000005,0.5600000000000003,0.18867533423918753
0.21000000000000005,0.5500000000000003,0.1904714672134391
0.21000000000000005,0.5400000000000003,0.19228856818753962
0.21000000000000005,0.5300000000000002,0.19412673175012876
0.21000000000000005,0.5200000000000002,0.1959860472064022
0.21000000000000005,0.5100000000000002,0.19786659838445125
0.21000000000000005,0.5000000000000002,0.1997684634410912
0.21000000000000005,0.49000000000000027,0.20169171466743205
0.21000000000000005,0.48000000000000026,0.2036364182944617
0.21000000000000005,0.47000000000000025,0.20560263429891942
0.21000000000000005,0.46000000000000024,0.20759041620974766
0.21000000000000005,0.45000000000000023,0.2095998109154213
0.21000000000000005,0.4400000000000002,0.21163085847246144
0.21000000000000005,0.4300000000000002,0.21368359191545264
0.21000000000000005,0.4200000000000002,0.21575803706888766
0.21000000000000005,0.4100000000000002,0.21785421236117575
0.21000000000000005,0.4000000000000002,0.2199721286411557
0.21000000000000005,0.3900000000000002,0.22211178899746356
0.21000000000000005,0.38000000000000017,0.22427318858111117
0.21000000000000005,0.37000000000000016,0.2264563144316365
0.21000000000000005,0.36000000000000015,0.22866114530719522
0.21000000000000005,0.35000000000000014,0.2308876515189631
0.21000000000000005,0.34000000000000014,0.23313579477022547
0.21000000000000005,0.3300000000000001,0.23540552800053283
0.21000000000000005,0.3200000000000001,0.23769679523530143
0.21000000000000005,0.3100000000000001,0.24000953144124146
0.21000000000000005,0.3000000000000001,0.2423436623879928
0.21000000000000005,0.2900000000000001,0.24469910451634955
0.21000000000000005,0.2800000000000001,0.2470757648134519
0.21000000000000005,0.2700000000000001,0.24947354069531819
0.21000000000000005,0.26000000000000006,0.2518923198970919
0.21000000000000005,0.25000000000000006,0.2543319803713644
0.21000000000000005,0.24000000000000007,0.2567923901949376
0.21000000000000005,0.23000000000000007,0.2592734074843725
0.21000000000000005,0.22000000000000006,0.2617748803206702
0.21000000000000005,0.21000000000000005,0.26429664668341524
0.21000000000000005,0.20000000000000004,0.26683853439470334
0.21000000000000005,0.19000000000000003,0.2694003610731612
0.21000000000000005,0.18000000000000002,0.27198193409835314
0.21000000000000005,0.17,0.27458305058585525
0.21000000000000005,0.16,0.2772034973732595
0.21000000000000005,0.15,0.2798430510173547
0.21000000000000005,0.13999999999999999,0.28250147780271284
0.21000000000000005,0.12999999999999998,0.28517853376188834
0.21000000000000005,0.11999999999999998,0.2878739647074199
0.21000000000000005,0.10999999999999999,0.29058750627579877
0.21000000000000005,0.09999999999999999,0.29331888398355127
0.21000000000000005,0.09,0.29606781329555226
0.21000000000000005,0.08,0.2988339997056683
0.21000000000000005,0.07,0.30161713882980185
0.21000000000000005,0.060000000000000005,0.3044169165113802
0.21000000000000005,0.05,0.30723300893931105
0.21000000000000005,0.04,0.3100650827783942
0.21000000000000005,0.03,0.3129127953121565
0.21000000000000005,0.02,0.3157757945980459
0.21000000000000005,0.01,0.3186537196348938
0.21000000000000005,0,0.3215462005425269
0.20000000000000004,1.0000000000000007,0.1294451205854357
0.20000000000000004,0.9900000000000007,0.130476760107343
0.20000000000000004,0.9800000000000006,0.13152271664024942
0.20000000000000004,0.9700000000000006,0.13258316203822695
0.20000000000000004,0.9600000000000006,0.13365826872589387
0.20000000000000004,0.9500000000000006,0.13474820963078007
0.20000000000000004,0.9400000000000006,0.1358531581126545
0.20000000000000004,0.9300000000000006,0.13697328788976035
0.20000000000000004,0.9200000000000006,0.13810877296190094
0.20000000000000004,0.9100000000000006,0.13925978753032564
0.20000000000000004,0.9000000000000006,0.14042650591436362
0.20000000000000004,0.8900000000000006,0.14160910246475908
0.20000000000000004,0.8800000000000006,0.1428077514736615
0.20000000000000004,0.8700000000000006,0.14402262708123076
0.20000000000000004,0.8600000000000005,0.14525390317881587
0.20000000000000004,0.8500000000000005,0.14650175330867482
0.20000000000000004,0.8400000000000005,0.14776635056020196
0.20000000000000004,0.8300000000000005,0.14904786746263746
0.20000000000000004,0.8200000000000005,0.15034647587423466
0.20000000000000004,0.8100000000000005,0.1516623468678682
0.20000000000000004,0.8000000000000005,0.1529956506130691
0.20000000000000004,0.7900000000000005,0.15434655625447913
0.20000000000000004,0.7800000000000005,0.1557152317867227
0.20000000000000004,0.7700000000000005,0.15710184392569848
0.20000000000000004,0.7600000000000005,0.15850655797630261
0.20000000000000004,0.7500000000000004,0.159929537696598
0.20000000000000004,0.7400000000000004,0.16137094515845377
0.20000000000000004,0.7300000000000004,0.16283094060468503
0.20000000000000004,0.7200000000000004,0.16430968230273044
0.20000000000000004,0.7100000000000004,0.16580732639491388
0.20000000000000004,0.7000000000000004,0.1673240267453422
0.20000000000000004,0.6900000000000004,0.16885993478350278
0.20000000000000004,0.6800000000000004,0.17041519934462973
0.20000000000000004,0.6700000000000004,0.17198996650691992
0.20000000000000004,0.6600000000000004,0.17358437942568553
0.20000000000000004,0.6500000000000004,0.1751985781645429
0.20000000000000004,0.6400000000000003,0.17683269952374456
0.20000000000000004,0.6300000000000003,0.17848687686577247
0.20000000000000004,0.6200000000000003,0.18016123993831965
0.20000000000000004,0.6100000000000003,0.1818559146947999
0.20000000000000004,0.6000000000000003,0.1835710231125332
0.20000000000000004,0.5900000000000003,0.18530668300876513
0.20000000000000004,0.5800000000000003,0.18706300785469399
0.20000000000000004,0.5700000000000003,0.18884010658768288
0.20000000000000004,0.5600000000000003,0.19063808342185112
0.20000000000000004,0.5500000000000003,0.19245703765724803
0.20000000000000004,0.5400000000000003,0.19429706348782214
0.20000000000000004,0.5300000000000002,0.19615824980841284
0.20000000000000004,0.5200000000000002,0.19804068002099956
0.20000000000000004,0.5100000000000002,0.19994443184045568
0.20000000000000004,0.5000000000000002,0.20186957710006664
0.20000000000000004,0.49000000000000027,0.20381618155707898
0.20000000000000004,0.48000000000000026,0.20578430469856127
0.20000000000000004,0.47000000000000025,0.20777399954786524
0.20000000000000004,0.46000000000000024,0.2097853124719862
0.20000000000000004,0.45000000000000023,0.21181828299013272
0.20000000000000004,0.4400000000000002,0.21387294358382258
0.20000000000000004,0.4300000000000002,0.21594931950883148
0.20000000000000004,0.4200000000000002,0.21804742860933202
0.20000000000000004,0.4100000000000002,0.2201672811345617
0.20000000000000004,0.4000000000000002,0.2223088795583742
0.20000000000000004,0.3900000000000002,0.22447221840202788
0.20000000000000004,0.38000000000000017,0.2266572840605751
0.20000000000000004,0.37000000000000016,0.22886405463321996
0.20000000000000004,0.36000000000000015,0.23109249975801677
0.20000000000000004,0.35000000000000014,0.2333425804512851
0.20000000000000004,0.34000000000000014,0.23561424895211905
0.20000000000000004,0.3300000000000001,0.2379074485723737
0.20000000000000004,0.3200000000000001,0.24022211355250678
0.20000000000000004,0.3100000000000001,0.24255816892366003
0.20000000000000004,0.3000000000000001,0.2449155303763581
0.20000000000000004,0.2900000000000001,0.24729410413620562
0.20000000000000004,0.2800000000000001,0.2496937868469545
0.20000000000000004,0.2700000000000001,0.2521144654613156
0.20000000000000004,0.26000000000000006,0.25455601713987575
0.20000000000000004,0.25000000000000006,0.2570183091584838
0.20000000000000004,0.24000000000000007,0.2595011988244511
0.20000000000000004,0.23000000000000007,0.26200453340191304
0.20000000000000004,0.22000000000000006,0.2645281500466794
0.20000000000000004,0.21000000000000005,0.2670718757508965
0.20000000000000004,0.20000000000000004,0.26963552729782647
0.20000000000000004,0.19000000000000003,0.27221891122703934
0.20000000000000004,0.18000000000000002,0.2748218238102954
0.20000000000000004,0.17,0.2774440510383806
0.20000000000000004,0.16,0.2800853686191405
0.20000000000000004,0.15,0.28274554198693974
0.20000000000000004,0.13999999999999999,0.2854243263237529
0.20000000000000004,0.12999999999999998,0.2881214665920753
0.20000000000000004,0.11999999999999998,0.290836697579817
0.20000000000000004,0.10999999999999999,0.2935697439573233
0.20000000000000004,0.09999999999999999,0.29632032034664063
0.20000000000000004,0.09,0.2990881314031214
0.20000000000000004,0.08,0.30187287190943896
0.20000000000000004,0.07,0.3046742268820549
0.20000000000000004,0.060000000000000005,0.30749187169015685
0.20000000000000004,0.05,0.310325472187056
0.20000000000000004,0.04,0.3131746848540084
0.20000000000000004,0.03,0.3160391569563945
0.20000000000000004,0.02,0.3189185267121631
0.20000000000000004,0.01,0.3218124234724194
0.20000000000000004,0,0.3247204679140068
0.19000000000000003,1.0000000000000007,0.13057593601542808
0.19000000000000003,0.9900000000000007,0.13162316446064531
0.19000000000000003,0.9800000000000006,0.1326848964365994
0.19000000000000003,0.9700000000000006,0.13376130442212866
0.19000000000000003,0.9600000000000006,0.13485256139372903
0.19000000000000003,0.9500000000000006,0.1359588407546414
0.19000000000000003,0.9400000000000006,0.13708031626084013
0.19000000000000003,0.9300000000000006,0.13821716194386974
0.19000000000000003,0.9200000000000006,0.13936955203047502
0.19000000000000003,0.9100000000000006,0.14053766085897687
0.19000000000000003,0.9000000000000006,0.14172166279234363
0.19000000000000003,0.8900000000000006,0.14292173212791495
0.19000000000000003,0.8800000000000006,0.14413804300373576
0.19000000000000003,0.8700000000000006,0.14537076930146128
0.19000000000000003,0.8600000000000005,0.14662008454579933
0.19000000000000003,0.8500000000000005,0.14788616180045785
0.19000000000000003,0.8400000000000005,0.14916917356057124
0.19000000000000003,0.8300000000000005,0.1504692916415829
0.19000000000000003,0.8200000000000005,0.15178668706456622
0.19000000000000003,0.8100000000000005,0.15312152993797132
0.19000000000000003,0.8000000000000005,0.15447398933578962
0.19000000000000003,0.7900000000000005,0.15584423317213486
0.19000000000000003,0.7800000000000005,0.15723242807224494
0.19000000000000003,0.7700000000000005,0.15863873923991353
0.19000000000000003,0.7600000000000005,0.16006333032136966
0.19000000000000003,0.7500000000000004,0.16150636326562878
0.19000000000000003,0.7400000000000004,0.16296799818134464
0.19000000000000003,0.7300000000000004,0.16444839319020266
0.19000000000000003,0.7200000000000004,0.16594770427689884
0.19000000000000003,0.7100000000000004,0.16746608513575964
0.19000000000000003,0.7000000000000004,0.16900368701406424
0.19000000000000003,0.6900000000000004,0.17056065855214161
0.19000000000000003,0.6800000000000004,0.17213714562032173
0.19000000000000003,0.6700000000000004,0.17373329115282973
0.19000000000000003,0.6600000000000004,0.17534923497872415
0.19000000000000003,0.6500000000000004,0.17698511364998382
0.19000000000000003,0.6400000000000003,0.17864106026686674
0.19000000000000003,0.6300000000000003,0.1803172043006648
0.19000000000000003,0.6200000000000003,0.18201367141399727
0.19000000000000003,0.6100000000000003,0.18373058327878997
0.19000000000000003,0.6000000000000003,0.18546805739210165
0.19000000000000003,0.5900000000000003,0.1872262068899681
0.19000000000000003,0.5800000000000003,0.18900514035944704
0.19000000000000003,0.5700000000000003,0.19080496164905406
0.19000000000000003,0.5600000000000003,0.19262576967779807
0.19000000000000003,0.5500000000000003,0.19446765824302642
0.19000000000000003,0.5400000000000003,0.1963307158273103
0.19000000000000003,0.5300000000000002,0.1982150254046042
0.19000000000000003,0.5200000000000002,0.20012066424593009
0.19000000000000003,0.5100000000000002,0.20204770372484315
0.19000000000000003,0.5000000000000002,0.20399620912295124
0.19000000000000003,0.49000000000000027,0.2059662394357643
0.19000000000000003,0.48000000000000026,0.20795784717916807
0.19000000000000003,0.47000000000000025,0.2099710781968193
0.19000000000000003,0.46000000000000024,0.21200597146877267
0.19000000000000003,0.45000000000000023,0.21406255892165985
0.19000000000000003,0.4400000000000002,0.21614086524074486
0.19000000000000003,0.4300000000000002,0.2182409076841957
0.19000000000000003,0.4200000000000002,0.22036269589991214
0.19000000000000003,0.4100000000000002,0.22250623174526257
0.19000000000000003,0.4000000000000002,0.2246715091100866
0.19000000000000003,0.3900000000000002,0.22685851374332566
0.19000000000000003,0.38000000000000017,0.22906722308365124
0.19000000000000003,0.37000000000000016,0.23129760609446237
0.19000000000000003,0.36000000000000015,0.2335496231036292
0.19000000000000003,0.35000000000000014,0.23582322564836075
0.19000000000000003,0.34000000000000014,0.2381183563255786
0.19000000000000003,0.3300000000000001,0.24043494864817758
0.19000000000000003,0.3200000000000001,0.24277292690755442
0.19000000000000003,0.3100000000000001,0.24513220604278563
0.19000000000000003,0.3000000000000001,0.24751269151683256
0.19000000000000003,0.2900000000000001,0.2499142792001475
0.19000000000000003,0.2800000000000001,0.25233685526205263
0.19000000000000003,0.2700000000000001,0.2547802960702563
0.19000000000000003,0.26000000000000006,0.25724446809886353
0.19000000000000003,0.25000000000000006,0.2597292278452334
0.19000000000000003,0.24000000000000007,0.26223442175602246
0.19000000000000003,0.23000000000000007,0.2647598861627466
0.19000000000000003,0.22000000000000006,0.26730544722717897
0.19000000000000003,0.21000000000000005,0.26987092089689296
0.19000000000000003,0.20000000000000004,0.27245611287124116
0.19000000000000003,0.19000000000000003,0.2750608185780488
0.19000000000000003,0.18000000000000002,0.2776848231612829
0.19000000000000003,0.17,0.28032790147994147
0.19000000000000003,0.16,0.2829898181183874
0.19000000000000003,0.15,0.28567032740833376
0.19000000000000003,0.13999999999999999,0.28836917346266483
0.19000000000000003,0.12999999999999998,0.29108609022125675
0.19000000000000003,0.11999999999999998,0.2938208015089385
0.19000000000000003,0.10999999999999999,0.29657302110570993
0.19000000000000003,0.09999999999999999,0.2993424528293102
0.19000000000000003,0.09,0.3021287906302039
0.19000000000000003,0.08,0.3049317186990266
0.19000000000000003,0.07,0.3077509115865059
0.19000000000000003,0.060000000000000005,0.3105860343358442
0.19000000000000003,0.05,0.31343674262752647
0.19000000000000003,0.04,0.31630268293648434
0.19000000000000003,0.03,0.31918349270152113
0.19000000000000003,0.02,0.32207880050687543
0.19000000000000003,0.01,0.32498822627577006
0.19000000000000003,0,0.32791138147576676
0.18000000000000002,1.0000000000000007,0.13172381617834125
0.18000000000000002,0.9900000000000007,0.1327868365169014
0.18000000000000002,0.9800000000000006,0.13386454758104255
0.18000000000000002,0.9700000000000006,0.13495712239535287
0.18000000000000002,0.9600000000000006,0.13606473440564126
0.18000000000000002,0.9500000000000006,0.13718755740468067
0.18000000000000002,0.9400000000000006,0.13832576545479291
0.18000000000000002,0.9300000000000006,0.13947953280722533
0.18000000000000002,0.9200000000000006,0.1406490338182657
0.18000000000000002,0.9100000000000006,0.14183444286205144
0.18000000000000002,0.9000000000000006,0.1430359342400259
0.18000000000000002,0.8900000000000006,0.14425368208700132
0.18000000000000002,0.8800000000000006,0.14548786027378968
0.18000000000000002,0.8700000000000006,0.14673864230636777
0.18000000000000002,0.8600000000000005,0.14800620122154412
0.18000000000000002,0.8500000000000005,0.14929070947910295
0.18000000000000002,0.8400000000000005,0.15059233885040124
0.18000000000000002,0.8300000000000005,0.15191126030340335
0.18000000000000002,0.8200000000000005,0.15324764388413845
0.18000000000000002,0.8100000000000005,0.15460165859457636
0.18000000000000002,0.8000000000000005,0.15597347226691805
0.18000000000000002,0.7900000000000005,0.15736325143430666
0.18000000000000002,0.7800000000000005,0.1587711611979693
0.18000000000000002,0.7700000000000005,0.16019736509080684
0.18000000000000002,0.7600000000000005,0.16164202493745614
0.18000000000000002,0.7500000000000004,0.1631053007108561
0.18000000000000002,0.7400000000000004,0.16458735038535618
0.18000000000000002,0.7300000000000004,0.166088329786414
0.18000000000000002,0.7200000000000004,0.16760839243693743
0.18000000000000002,0.7100000000000004,0.16914768940033276
0.18000000000000002,0.7000000000000004,0.1707063691203334
0.18000000000000002,0.6900000000000004,0.17228457725768737
0.18000000000000002,0.6800000000000004,0.17388245652379414
0.18000000000000002,0.6700000000000004,0.1755001465113925
0.18000000000000002,0.6600000000000004,0.17713778352240542
0.18000000000000002,0.6500000000000004,0.1787955003930638
0.18000000000000002,0.6400000000000003,0.18047342631643706
0.18000000000000002,0.6300000000000003,0.18217168666251107
0.18000000000000002,0.6200000000000003,0.18389040279596341
0.18000000000000002,0.6100000000000003,0.1856296918917975
0.18000000000000002,0.6000000000000003,0.18738966674900667
0.18000000000000002,0.5900000000000003,0.18917043560245184
0.18000000000000002,0.5800000000000003,0.19097210193314618
0.18000000000000002,0.5700000000000003,0.19279476427715211
0.18000000000000002,0.5600000000000003,0.19463851603330642
0.18000000000000002,0.5500000000000003,0.19650344526999977
0.18000000000000002,0.5400000000000003,0.19838963453125052
0.18000000000000002,0.5300000000000002,0.2002971606423199
0.18000000000000002,0.5200000000000002,0.20222609451512966
0.18000000000000002,0.5100000000000002,0.20417650095375223
0.18000000000000002,0.5000000000000002,0.2061484384602536
0.18000000000000002,0.49000000000000027,0.20814195904118146
0.18000000000000002,0.48000000000000026,0.21015710801499685
0.18000000000000002,0.47000000000000025,0.2121939238207636
0.18000000000000002,0.46000000000000024,0.21425243782841094
0.18000000000000002,0.45000000000000023,0.21633267415090043
0.18000000000000002,0.4400000000000002,0.21843464945863264
0.18000000000000002,0.4300000000000002,0.22055837279643778
0.18000000000000002,0.4200000000000002,0.22270384540350183
0.18000000000000002,0.4100000000000002,0.22487106053658545
0.18000000000000002,0.4000000000000002,0.2270600032969007
0.18000000000000002,0.3900000000000002,0.22927065046101164
0.18000000000000002,0.38000000000000017,0.23150297031613554
0.18000000000000002,0.37000000000000016,0.23375692250021715
0.18000000000000002,0.36000000000000015,0.23603245784715898
0.18000000000000002,0.35000000000000014,0.23832951823758622
0.18000000000000002,0.34000000000000014,0.2406480364555284
0.18000000000000002,0.3300000000000001,0.2429879360514001
0.18000000000000002,0.3200000000000001,0.24534913121166058
0.18000000000000002,0.3100000000000001,0.2477315266355304
0.18000000000000002,0.3000000000000001,0.2501350174191395
0.18000000000000002,0.2900000000000001,0.25255948894747726
0.18000000000000002,0.2800000000000001,0.2550048167945097
0.18000000000000002,0.2700000000000001,0.2574708666318201
0.18000000000000002,0.26000000000000006,0.259957494146124
0.18000000000000002,0.25000000000000006,0.2624645449659994
0.18000000000000002,0.24000000000000007,0.2649918545981614
0.18000000000000002,0.23000000000000007,0.2675392483736003
0.18000000000000002,0.22000000000000006,0.27010654140388973
0.18000000000000002,0.21000000000000005,0.2726935385479558
0.18000000000000002,0.20000000000000004,0.2753000343895837
0.18000000000000002,0.19000000000000003,0.2779258132259236
0.18000000000000002,0.18000000000000002,0.28057064906723567
0.18000000000000002,0.17,0.2832343056481026
0.18000000000000002,0.16,0.2859165364503092
0.18000000000000002,0.15,0.28861708473757647
0.18000000000000002,0.13999999999999999,0.29133568360231005
0.18000000000000002,0.12999999999999998,0.2940720560245025
0.18000000000000002,0.11999999999999998,0.2968259149429055
0.18000000000000002,0.10999999999999999,0.2995969633385617
0.18000000000000002,0.09999999999999999,0.3023848943307631
0.18000000000000002,0.09,0.30518939128547573
0.18000000000000002,0.08,0.3080101279362429
0.18000000000000002,0.07,0.3108467685175544
0.18000000000000002,0.060000000000000005,0.31369896791064
0.18000000000000002,0.05,0.3165663718016171
0.18000000000000002,0.04,0.31944861685189696
0.18000000000000002,0.03,0.3223453308807219
0.18000000000000002,0.02,0.3252561330596807
0.18000000000000002,0.01,0.3281806341190187
0.18000000000000002,0,0.33111843656553275
0.17,1.0000000000000007,0.13288898253087297
0.17,0.9900000000000007,0.13396799845290974
0.17,0.9800000000000006,0.13506189288432113
0.17,0.9700000000000006,0.13617083931257704
0.17,0.9600000000000006,0.13729501156631127
0.17,0.9500000000000006,0.13843458373765632
0.17,0.9400000000000006,0.13958973010136366
0.17,0.9300000000000006,0.14076062503066009
0.17,0.9200000000000006,0.1419474429097927
0.17,0.9100000000000006,0.14315035804321796
0.17,0.9000000000000006,0.14436954456139334
0.17,0.8900000000000006,0.14560517632313436
0.17,0.8800000000000006,0.14685742681450142
0.17,0.8700000000000006,0.1481264690441871
0.17,0.8600000000000005,0.14941247543537658
0.17,0.8500000000000005,0.15071561771406017
0.17,0.8400000000000005,0.15203606679378076
0.17,0.8300000000000005,0.15337399265680307
0.17,0.8200000000000005,0.15472956423170023
0.17,0.8100000000000005,0.15610294926735385
0.17,0.8000000000000005,0.15749431420337504
0.17,0.7900000000000005,0.15890382403695633
0.17,0.7800000000000005,0.16033164218617196
0.17,0.7700000000000005,0.16177793034975244
0.17,0.7600000000000005,0.16324284836336436
0.17,0.7500000000000004,0.16472655405243522
0.17,0.7400000000000004,0.1662292030815703
0.17,0.7300000000000004,0.16775094880061722
0.17,0.7200000000000004,0.16929194208744233
0.17,0.7100000000000004,0.17085233118748985
0.17,0.7000000000000004,0.17243226155020763
0.17,0.6900000000000004,0.17403187566242842
0.17,0.6800000000000004,0.17565131287880734
0.17,0.6700000000000004,0.17729070924942636
0.17,0.6600000000000004,0.1789501973446845
0.17,0.6500000000000004,0.18062990607760537
0.17,0.6400000000000003,0.182329960523701
0.17,0.6300000000000003,0.1840504817385454
0.17,0.6200000000000003,0.18579158657321693
0.17,0.6100000000000003,0.18755338748778497
0.17,0.6000000000000003,0.18933599236302234
0.17,0.5900000000000003,0.19113950431054016
0.17,0.5800000000000003,0.1929640214815491
0.17,0.5700000000000003,0.19480963687446498
0.17,0.5600000000000003,0.19667643814158714
0.17,0.5500000000000003,0.19856450739508666
0.17,0.5400000000000003,0.2004739210125565
0.17,0.5300000000000002,0.20240474944238274
0.17,0.5200000000000002,0.2043570570092081
0.17,0.5100000000000002,0.2063309017197714
0.17,0.5000000000000002,0.20832633506941184
0.17,0.49000000000000027,0.210343401849542
0.17,0.48000000000000026,0.2123821399564
0.17,0.47000000000000025,0.2144425802014009
0.17,0.46000000000000024,0.21652474612341707
0.17,0.45000000000000023,0.21862865380332316
0.17,0.4400000000000002,0.22075431168115325
0.17,0.4300000000000002,0.22290172037621864
0.17,0.4200000000000002,0.22507087251054758
0.17,0.4100000000000002,0.22726175253600975
0.17,0.4000000000000002,0.22947433656549443
0.17,0.3900000000000002,0.23170859220851692
0.17,0.38000000000000017,0.23396447841162885
0.17,0.37000000000000016,0.23624194530401302
0.17,0.36000000000000015,0.23854093404864304
0.17,0.35000000000000014,0.2408613766993903
0.17,0.34000000000000014,0.24320319606445928
0.17,0.3300000000000001,0.24556630557653297
0.17,0.3200000000000001,0.2479506091700034
0.17,0.3100000000000001,0.25035600116566614
0.17,0.3000000000000001,0.2527823661632446
0.17,0.2900000000000001,0.25522957894211085
0.17,0.2800000000000001,0.25769750437055955
0.17,0.2700000000000001,0.26018599732398445
0.17,0.26000000000000006,0.26269490261229733
0.17,0.25000000000000006,0.2652240549169191
0.17,0.24000000000000007,0.26777327873766044
0.17,0.23000000000000007,0.27034238834979846
0.17,0.22000000000000006,0.2729311877716374
0.17,0.21000000000000005,0.27553947074283214
0.17,0.20000000000000004,0.2781670207137317
0.17,0.19000000000000003,0.2808136108459845
0.17,0.18000000000000002,0.28347900402462844
0.17,0.17,0.28616295288186944
0.17,0.16,0.2888651998327282
0.17,0.15,0.2915854771227189
0.17,0.13999999999999999,0.2943235068876938
0.17,0.12999999999999998,0.29707900122597053
0.17,0.11999999999999998,0.29985166228282806
0.17,0.10999999999999999,0.3026411823474385
0.17,0.09999999999999999,0.30544724396227024
0.17,0.09,0.308269520044975
0.17,0.08,0.31110767402274203
0.17,0.07,0.3139613599790776
0.17,0.060000000000000005,0.31683022281293594
0.17,0.05,0.3197138984101052
0.17,0.04,0.3226120138267179
0.17,0.03,0.32552418748473055
0.17,0.02,0.32845002937918905
0.17,0.01,0.3313891412970638
0.17,0,0.33434111704741687
0.16,1.0000000000000007,0.1340716572876392
0.16,0.9900000000000007,0.13516687310891495
0.16,0.9800000000000006,0.13627715572195845
0.16,0.9700000000000006,0.13740267899032357
0.16,0.9600000000000006,0.13854361703498197
0.16,0.9500000000000006,0.13970014415318777
0.16,0.9400000000000006,0.14087243473407424
0.16,0.9300000000000006,0.1420606631709346
0.16,0.9200000000000006,0.14326500377014378
0.16,0.9100000000000006,0.14448563065667874
0.16,0.9000000000000006,0.14572271767620068
0.16,0.8900000000000006,0.14697643829366472
0.16,0.8800000000000006,0.14824696548842617
0.16,0.8700000000000006,0.14953447164581862
0.16,0.8600000000000005,0.15083912844518133
0.16,0.8500000000000005,0.15216110674431943
0.16,0.8400000000000005,0.15350057646038578
0.16,0.8300000000000005,0.1548577064471773
0.16,0.8200000000000005,0.15623266436884614
0.16,0.8100000000000005,0.15762561657003027
0.16,0.8000000000000005,0.1590367279424156
0.16,0.7900000000000005,0.16046616178774795
0.16,0.7800000000000005,0.16191407967731974
0.16,0.7700000000000005,0.16338064130796448
0.16,0.7600000000000005,0.16486600435459822
0.16,0.7500000000000004,0.16637032431935653
0.16,0.7400000000000004,0.16789375437738288
0.16,0.7300000000000004,0.16943644521933193
0.16,0.7200000000000004,0.17099854489066313
0.16,0.7100000000000004,0.17258019862780355
0.16,0.7000000000000004,0.1741815486912749
0.16,0.6900000000000004,0.1758027341958826
0.16,0.6800000000000004,0.17744389093808022
0.16,0.6700000000000004,0.17910515122062812
0.16,0.6600000000000004,0.18078664367467862
0.16,0.6500000000000004,0.18248849307942858
0.16,0.6400000000000003,0.18421082017949078
0.16,0.6300000000000003,0.1859537415001482
0.16,0.6200000000000003,0.187717369160664
0.16,0.6100000000000003,0.1895018106858311
0.16,0.6000000000000003,0.19130716881595825
0.16,0.5900000000000003,0.19313354131549856
0.16,0.5800000000000003,0.1949810207805379
0.16,0.5700000000000003,0.19684969444537315
0.16,0.5600000000000003,0.1987396439884184
0.16,0.5500000000000003,0.20065094533769176
0.16,0.5400000000000003,0.2025836684761425
0.16,0.5300000000000002,0.2045378772470921
0.16,0.5200000000000002,0.20651362916007063
0.16,0.5100000000000002,0.2085109751973418
0.16,0.5000000000000002,0.210529959621419
0.16,0.49000000000000027,0.21257061978388386
0.16,0.48000000000000026,0.21463298593582936
0.16,0.47000000000000025,0.21671708104025553
0.16,0.46000000000000024,0.21882292058675806
0.16,0.45000000000000023,0.22095051240885275
0.16,0.4400000000000002,0.2230998565042898
0.16,0.4300000000000002,0.22527094485871707
0.16,0.4200000000000002,0.22746376127305581
0.16,0.4100000000000002,0.2296782811949595
0.16,0.4000000000000002,0.23191447155472897
0.16,0.3900000000000002,0.2341722906060623
0.16,0.38000000000000017,0.2364516877720173
0.16,0.37000000000000016,0.23875260349656985
0.16,0.36000000000000015,0.2410749691021489
0.16,0.35000000000000014,0.2434187066535308
0.16,0.34000000000000014,0.24578372882847213
0.16,0.3300000000000001,0.24816993879546007
0.16,0.3200000000000001,0.2505772300989545
0.16,0.3100000000000001,0.2530054865524901
0.16,0.3000000000000001,0.25545458214000516
0.16,0.2900000000000001,0.25792438092575093
0.16,0.2800000000000001,0.26041473697313333
0.16,0.2700000000000001,0.26292549427282297
0.16,0.26000000000000006,0.26545648668046634
0.16,0.25000000000000006,0.2680075378643115
0.16,0.24000000000000007,0.27057846126305507
0.16,0.23000000000000007,0.27316906005419883
0.16,0.22000000000000006,0.27577912713319125
0.16,0.21000000000000005,0.2784084451036111
0.16,0.20000000000000004,0.281056786278635
0.16,0.19000000000000003,0.28372391269400776
0.16,0.18000000000000002,0.2864095761327201
0.16,0.17,0.28911351816157177
0.16,0.16,0.2918354701797799
0.16,0.15,0.29457515347976876
0.16,0.13999999999999999,0.2973322793202515
0.16,0.12999999999999998,0.3001065490116928
0.16,0.11999999999999998,0.30289765401421326
0.16,0.10999999999999999,0.30570527604797243
0.16,0.09999999999999999,0.3085290872160386
0.16,0.09,0.3113687501397292
0.16,0.08,0.3142239181063746
0.16,0.07,0.31709423522943303
0.16,0.060000000000000005,0.3199793366208545
0.16,0.05,0.3228788485755632
0.16,0.04,0.3257923887679021
0.16,0.03,0.3287195664598487
0.16,0.02,0.3316599827207913
0.16,0.01,0.33461323065861986
0.16,0,0.3375788956618611
0.15,1.0000000000000007,0.13527206331702177
0.15,0.9900000000000007,0.13638368387987765
0.15,0.9800000000000006,0.1375105599208666
0.15,0.9700000000000006,0.13865286558882411
0.15,0.9600000000000006,0.13981077520250135
0.15,0.9500000000000006,0.14098446316590138
0.15,0.9400000000000006,0.14217410388029617
0.15,0.9300000000000006,0.14337987165288038
0.15,0.9200000000000006,0.14460194060202028
0.15,0.9100000000000006,0.14584048455906118
0.15,0.9000000000000006,0.14709567696665943
0.15,0.8900000000000006,0.1483676907736082
0.15,0.8800000000000006,0.1496566983261327
0.15,0.8700000000000006,0.15096287125563257
0.15,0.8600000000000005,0.15228638036285516
0.15,0.8500000000000005,0.15362739549848942
0.15,0.8400000000000005,0.15498608544017348
0.15,0.8300000000000005,0.15636261776591553
0.15,0.8200000000000005,0.1577571587239354
0.15,0.8100000000000005,0.15916987309893693
0.15,0.8000000000000005,0.16060092407483195
0.15,0.7900000000000005,0.1620504730939394
0.15,0.7800000000000005,0.16351867971269543
0.15,0.7700000000000005,0.16500570145391183
0.15,0.7600000000000005,0.16651169365563404
0.15,0.7500000000000004,0.16803680931665319
0.15,0.7400000000000004,0.16958119893873927
0.15,0.7300000000000004,0.17114501036566726
0.15,0.7200000000000004,0.17272838861912032
0.15,0.7100000000000004,0.17433147573156246
0.15,0.7000000000000004,0.17595441057618075
0.15,0.6900000000000004,0.177597328694011
0.15,0.6800000000000004,0.17926036211836593
0.15,0.6700000000000004,0.1809436391966999
0.15,0.6600000000000004,0.18264728441005038
0.15,0.6500000000000004,0.1843714181902111
0.15,0.6400000000000003,0.18611615673479798
0.15,0.6300000000000003,0.1878816118203849
0.15,0.6200000000000003,0.18966789061389186
0.15,0.6100000000000003,0.1914750954824253
0.15,0.6000000000000003,0.1933033238017749
0.15,0.5900000000000003,0.19515266776378767
0.15,0.5800000000000003,0.1970232141828476
0.15,0.5700000000000003,0.19891504430170293
0.15,0.5600000000000003,0.20082823359689156
0.15,0.5500000000000003,0.20276285158402715
0.15,0.5400000000000003,0.20471896162321926
0.15,0.5300000000000002,0.2066966207249104
0.15,0.5200000000000002,0.20869587935642464
0.15,0.5100000000000002,0.21071678124952845
0.15,0.5000000000000002,0.21275936320931974
0.15,0.49000000000000027,0.21482365492476474
0.15,0.48000000000000026,0.2169096787812135
0.15,0.47000000000000025,0.21901744967523326
0.15,0.46000000000000024,0.2211469748321051
0.15,0.45000000000000023,0.22329825362633732
0.15,0.4400000000000002,0.2254712774055552
0.15,0.4300000000000002,0.22766602931813185
0.15,0.4200000000000002,0.2298824841449305
0.15,0.4100000000000002,0.23212060813553276
0.15,0.4000000000000002,0.2343803588493301
0.15,0.3900000000000002,0.2366616850018586
0.15,0.38000000000000017,0.23896452631675863
0.15,0.37000000000000016,0.2412888133837419
0.15,0.36000000000000015,0.24363446752294723
0.15,0.35000000000000014,0.24600140065606568
0.15,0.34000000000000014,0.24838951518461283
0.15,0.3300000000000001,0.25079870387572184
0.15,0.3200000000000001,0.2532288497558283
0.15,0.3100000000000001,0.25567982601260775
0.15,0.3000000000000001,0.25815149590552583
0.15,0.2900000000000001,0.26064371268534625
0.15,0.2800000000000001,0.2631563195229368
0.15,0.2700000000000001,0.26568914944770217
0.15,0.26000000000000006,0.2682420252959579
0.15,0.25000000000000006,0.27081475966955104
0.15,0.24000000000000007,0.2734071549050137
0.15,0.23000000000000007,0.27601900305352617
0.15,0.22000000000000006,0.27865008587194284
0.15,0.21000000000000005,0.28130017482512326
0.15,0.20000000000000004,0.283969031099786
0.15,0.19000000000000003,0.28665640563008626
0.15,0.18000000000000002,0.28936203913509695
0.15,0.17,0.2920856621683489
0.15,0.16,0.2948269951795659
0.15,0.15,0.2975857485887032
0.15,0.13999999999999999,0.3003616228723759
0.15,0.12999999999999998,0.30315430866273824
0.15,0.11999999999999998,0.30596348685884506
0.15,0.10999999999999999,0.3087888287505064
0.15,0.09999999999999999,0.3116299961546122
0.15,0.09,0.31448664156388095
0.15,0.08,0.3173584083079578
0.15,0.07,0.32024493072675525
0.15,0.060000000000000005,0.3231458343559077
0.15,0.05,0.32606073612417696
0.15,0.04,0.32898924456261974
0.15,0.03,0.33193096002530137
0.15,0.02,0.334885474921309
0.15,0.01,0.3378523739577909
0.15,0,0.34083123439372354
0.13999999999999999,1.0000000000000007,0.13649042403200476
0.13999999999999999,0.9900000000000007,0.13761865460164227
0.13999999999999999,0.9800000000000006,0.13876232964076432
0.13999999999999999,0.9700000000000006,0.13992162348860926
0.13999999999999999,0.9600000000000006,0.14109671056300935
0.13999999999999999,0.9500000000000006,0.1422877652721439
0.13999999999999999,0.9400000000000006,0.1434949619229243
0.13999999999999999,0.9300000000000006,0.14471847462597187
0.13999999999999999,0.9200000000000006,0.14595847719715044
0.13999999999999999,0.9100000000000006,0.14721514305561997
0.13999999999999999,0.9000000000000006,0.1484886451183827
0.13999999999999999,0.8900000000000006,0.14977915569129435
0.13999999999999999,0.8800000000000006,0.15108684635652236
0.13999999999999999,0.8700000000000006,0.15241188785643234
0.13999999999999999,0.8600000000000005,0.15375444997389373
0.13999999999999999,0.8500000000000005,0.15511470140899863
0.13999999999999999,0.8400000000000005,0.15649280965219345
0.13999999999999999,0.8300000000000005,0.15788894085383087
0.13999999999999999,0.8200000000000005,0.15930325969015355
0.13999999999999999,0.8100000000000005,0.16073592922572974
0.13999999999999999,0.8000000000000005,0.16218711077236644
0.13999999999999999,0.7900000000000005,0.16365696374453445
0.13999999999999999,0.7800000000000005,0.1651456455113452
0.13999999999999999,0.7700000000000005,0.16665331124512991
0.13999999999999999,0.7600000000000005,0.16818011376667705
0.13999999999999999,0.7500000000000004,0.16972620338719477
0.13999999999999999,0.7400000000000004,0.1712917277470718
0.13999999999999999,0.7300000000000004,0.17287683165152132
0.13999999999999999,0.7200000000000004,0.1744816569032004
0.13999999999999999,0.7100000000000004,0.17610634213190696
0.13999999999999999,0.7000000000000004,0.17775102262146728
0.13999999999999999,0.6900000000000004,0.17941583013393556
0.13999999999999999,0.6800000000000004,0.18110089273123944
0.13999999999999999,0.6700000000000004,0.18280633459441242
0.13999999999999999,0.6600000000000004,0.184532275840569
0.13999999999999999,0.6500000000000004,0.18627883233778542
0.13999999999999999,0.6400000000000003,0.18804611551806216
0.13999999999999999,0.6300000000000003,0.18983423218855364
0.13999999999999999,0.6200000000000003,0.1916432843412632
0.13999999999999999,0.6100000000000003,0.1934733689614116
0.13999999999999999,0.6000000000000003,0.19532457783469775
0.13999999999999999,0.5900000000000003,0.19719699735368365
0.13999999999999999,0.5800000000000003,0.19909070832354364
0.13999999999999999,0.5700000000000003,0.20100578576743125
0.13999999999999999,0.5600000000000003,0.20294229873172714
0.13999999999999999,0.5500000000000003,0.20490031009144064
0.13999999999999999,0.5400000000000003,0.20687987635605065
0.13999999999999999,0.5300000000000002,0.20888104747607936
0.13999999999999999,0.5200000000000002,0.2109038666507022
0.13999999999999999,0.5100000000000002,0.21294837013670956
0.13999999999999999,0.5000000000000002,0.2150145870591405
0.13999999999999999,0.49000000000000027,0.21710253922392123
0.13999999999999999,0.48000000000000026,0.21921224093284622
0.13999999999999999,0.47000000000000025,0.22134369880125035
0.13999999999999999,0.46000000000000024,0.22349691157872484
0.13999999999999999,0.45000000000000023,0.22567186997323624
0.13999999999999999,0.4400000000000002,0.22786855647901624
0.13999999999999999,0.4300000000000002,0.23008694520859077
0.13999999999999999,0.4200000000000002,0.23232700172932427
0.13999999999999999,0.4100000000000002,0.23458868290485668
0.13999999999999999,0.4000000000000002,0.23687193674181353
0.13999999999999999,0.3900000000000002,0.23917670224217072
0.13999999999999999,0.38000000000000017,0.2415029092616567
0.13999999999999999,0.37000000000000016,0.24385047837457355
0.13999999999999999,0.36000000000000015,0.2462193207454173
0.13999999999999999,0.35000000000000014,0.2486093380076753
0.13999999999999999,0.34000000000000014,0.251020422150175
0.13999999999999999,0.3300000000000001,0.2534524554113523
0.13999999999999999,0.3200000000000001,0.2559053101818037
0.13999999999999999,0.3100000000000001,0.25837884891547824
0.13999999999999999,0.3000000000000001,0.2608729240498561
0.13999999999999999,0.2900000000000001,0.26338737793545336
0.13999999999999999,0.2800000000000001,0.26592204277497855
0.13999999999999999,0.2700000000000001,0.2684767405724587
0.13999999999999999,0.26000000000000006,0.27105128309263515
0.13999999999999999,0.25000000000000006,0.2736454718309181
0.13999999999999999,0.24000000000000007,0.2762590979941721
0.13999999999999999,0.23000000000000007,0.2788919424925876
0.13999999999999999,0.22000000000000006,0.2815437759428775
0.13999999999999999,0.21000000000000005,0.28421435868301526
0.13999999999999999,0.20000000000000004,0.286903440798716
0.13999999999999999,0.19000000000000003,0.28961076216183573
0.13999999999999999,0.18000000000000002,0.29233605248084527
0.13999999999999999,0.17,0.29507903136351166
0.13999999999999999,0.16,0.29783940839189416
0.13999999999999999,0.15,0.30061688320974
0.13999999999999999,0.13999999999999999,0.3034111456223375
0.13999999999999999,0.12999999999999998,0.30622187570885817
0.13999999999999999,0.11999999999999998,0.3090487439471941
0.13999999999999999,0.10999999999999999,0.3118914113512685
0.13999999999999999,0.09999999999999999,0.31474952962076863
0.13999999999999999,0.09,0.3176227413032248
0.13999999999999999,0.08,0.32051067996832927
0.13999999999999999,0.07,0.3234129703943597
0.13999999999999999,0.060000000000000005,0.3263292287665454
0.13999999999999999,0.05,0.32925906288718515
0.13999999999999999,0.04,0.33220207239729566
0.13999999999999999,0.03,0.3351578490095448
0.13999999999999999,0.02,0.3381259767521939
0.13999999999999999,0.01,0.3411060322237463
0.13999999999999999,0,0.3440975848579744
0.12999999999999998,1.0000000000000007,0.1377269632759011
0.12999999999999998,0.9900000000000007,0.13887200943190708
0.12999999999999998,0.9800000000000006,0.14003268925031306
0.12999999999999998,0.9700000000000006,0.14120917716173595
0.12999999999999998,0.9600000000000006,0.14240164758018659
0.12999999999999998,0.9500000000000006,0.14361027481118638
0.12999999999999998,0.9400000000000006,0.14483523295647338
0.12999999999999998,0.9300000000000006,0.1460766958152598
0.12999999999999998,0.9200000000000006,0.14733483678200823
0.12999999999999998,0.9100000000000006,0.14860982874069614
0.12999999999999998,0.9000000000000006,0.14990184395554546
0.12999999999999998,0.8900000000000006,0.1512110539581946
0.12999999999999998,0.8800000000000006,0.15253762943129923
0.12999999999999998,0.8700000000000006,0.15388174008854974
0.12999999999999998,0.8600000000000005,0.15524355455110125
0.12999999999999998,0.8500000000000005,0.1566232402204166
0.12999999999999998,0.8400000000000005,0.15802096314752864
0.12999999999999998,0.8300000000000005,0.15943688789873578
0.12999999999999998,0.8200000000000005,0.1608711774177499
0.12999999999999998,0.8100000000000005,0.16232399288432356
0.12999999999999998,0.8000000000000005,0.16379549356939097
0.12999999999999998,0.7900000000000005,0.16528583668676358
0.12999999999999998,0.7800000000000005,0.16679517724143147
0.12999999999999998,0.7700000000000005,0.16832366787452663
0.12999999999999998,0.7600000000000005,0.16987145870501547
0.12999999999999998,0.7500000000000004,0.17143869716819565
0.12999999999999998,0.7400000000000004,0.1730255278510818
0.12999999999999998,0.7300000000000004,0.17463209232477228
0.12999999999999998,0.7200000000000004,0.17625852897390254
0.12999999999999998,0.7100000000000004,0.17790497282329565
0.12999999999999998,0.7000000000000004,0.17957155536193453
0.12999999999999998,0.6900000000000004,0.18125840436438959
0.12999999999999998,0.6800000000000004,0.18296564370984367
0.12999999999999998,0.6700000000000004,0.18469339319887132
0.12999999999999998,0.6600000000000004,0.1864417683681354
0.12999999999999998,0.6500000000000004,0.18821088030317823
0.12999999999999998,0.6400000000000003,0.1900008354494949
0.12999999999999998,0.6300000000000003,0.19181173542208507
0.12999999999999998,0.6200000000000003,0.1936436768136948
0.12999999999999998,0.6100000000000003,0.1954967510019668
0.12999999999999998,0.6000000000000003,0.197371043955732
0.12999999999999998,0.5900000000000003,0.19926663604068395
0.12999999999999998,0.5800000000000003,0.20118360182468925
0.12999999999999998,0.5700000000000003,0.20312200988299983
0.12999999999999998,0.5600000000000003,0.20508192260363856
0.12999999999999998,0.5500000000000003,0.20706339599324655
0.12999999999999998,0.5400000000000003,0.2090664794836853
0.12999999999999998,0.5300000000000002,0.21109121573969827
0.12999999999999998,0.5200000000000002,0.213137640467948
0.12999999999999998,0.5100000000000002,0.21520578222774991
0.12999999999999998,0.5000000000000002,0.21729566224383673
0.12999999999999998,0.49000000000000027,0.21940729422149083
0.12999999999999998,0.48000000000000026,0.22154068416439499
0.12999999999999998,0.47000000000000025,0.22369583019555328
0.12999999999999998,0.46000000000000024,0.22587272238164385
0.12999999999999998,0.45000000000000023,0.22807134256117015
0.12999999999999998,0.4400000000000002,0.23029166417678054
0.12999999999999998,0.4300000000000002,0.23253365211213176
0.12999999999999998,0.4200000000000002,0.23479726253367533
0.12999999999999998,0.4100000000000002,0.23708244273774556
0.12999999999999998,0.4000000000000002,0.2393891310033339
0.12999999999999998,0.3900000000000002,0.2417172564509286
0.12999999999999998,0.38000000000000017,0.2440667389078052
0.12999999999999998,0.37000000000000016,0.24643748878014518
0.12999999999999998,0.36000000000000015,0.2488294069323622
0.12999999999999998,0.35000000000000014,0.2512423845740088
0.12999999999999998,0.34000000000000014,0.2536763031546329
0.12999999999999998,0.3300000000000001,0.2561310342669468
0.12999999999999998,0.3200000000000001,0.25860643955866425
0.12999999999999998,0.3100000000000001,0.2611023706533535
0.12999999999999998,0.3000000000000001,0.26361866908064185
0.12999999999999998,0.2900000000000001,0.2661551662161015
0.12999999999999998,0.2800000000000001,0.2687116832311279
0.12999999999999998,0.2700000000000001,0.2712880310531151
0.12999999999999998,0.26000000000000006,0.2738840103362126
0.12999999999999998,0.25000000000000006,0.2764994114429367
0.12999999999999998,0.24000000000000007,0.27913401443688907
0.12999999999999998,0.23000000000000007,0.28178758908682067
0.12999999999999998,0.22000000000000006,0.2844598948822573
0.12999999999999998,0.21000000000000005,0.28715068106088426
0.12999999999999998,0.20000000000000004,0.2898596866478663
0.12999999999999998,0.19000000000000003,0.2925866405072565
0.12999999999999998,0.18000000000000002,0.29533126140562466
0.12999999999999998,0.17,0.2980932580880123
0.12999999999999998,0.16,0.300872329366296
0.12999999999999998,0.15,0.3036681642200153
0.12999999999999998,0.13999999999999999,0.30648044190969514
0.12999999999999998,0.12999999999999998,0.30930883210266735
0.12999999999999998,0.11999999999999998,0.31215299501136484
0.12999999999999998,0.10999999999999999,0.3150125815440395
0.12999999999999998,0.09999999999999999,0.31788723346782216
0.12999999999999998,0.09,0.320776583584017
0.12999999999999998,0.08,0.32368025591549426
0.12999999999999998,0.07,0.32659786590601547
0.12999999999999998,0.060000000000000005,0.3295290206312986
0.12999999999999998,0.05,0.332473319021601
0.12999999999999998,0.04,0.3354303520955703
0.12999999999999998,0.03,0.3383997032050864
0.12999999999999998,0.02,0.3413809482907896
0.12999999999999998,0.01,0.3443736561479647
0.12999999999999998,0,0.3473773887024238
0.11999999999999998,1.0000000000000007,0.13898190520287496
0.11999999999999998,0.9900000000000007,0.14014397272590606
0.11999999999999998,0.9800000000000006,0.1413218631978838
0.11999999999999998,0.9700000000000006,0.14251575103757072
0.11999999999999998,0.9600000000000006,0.1437258105479871
0.11999999999999998,0.9500000000000006,0.14495221582084553
0.11999999999999998,0.9400000000000006,0.14619514063753267
0.11999999999999998,0.9300000000000006,0.14745475836660799
0.11999999999999998,0.9200000000000006,0.1487312418577872
0.11999999999999998,0.9100000000000006,0.15002476333238918
0.11999999999999998,0.9000000000000006,0.15133549427022297
0.11999999999999998,0.8900000000000006,0.15266360529290202
0.11999999999999998,0.8800000000000006,0.1540092660435742
0.11999999999999998,0.8700000000000006,0.15537264506306292
0.11999999999999998,0.8600000000000005,0.15675390966242145
0.11999999999999998,0.8500000000000005,0.15815322579190658
0.11999999999999998,0.8400000000000005,0.15957075790638578
0.11999999999999998,0.8300000000000005,0.16100666882719802
0.11999999999999998,0.8200000000000005,0.1624611196004954
0.11999999999999998,0.8100000000000005,0.16393426935210065
0.11999999999999998,0.8000000000000005,0.1654262751389229
0.11999999999999998,0.7900000000000005,0.16693729179698052
0.11999999999999998,0.7800000000000005,0.16846747178609192
0.11999999999999998,0.7700000000000005,0.17001696503129912
0.11999999999999998,0.7600000000000005,0.17158591876110127
0.11999999999999998,0.7500000000000004,0.17317447734258287
0.11999999999999998,0.7400000000000004,0.17478278211352974
0.11999999999999998,0.7300000000000004,0.17641097121163912
0.11999999999999998,0.7200000000000004,0.17805917940093488
0.11999999999999998,0.7100000000000004,0.1797275378955142
0.11999999999999998,0.7000000000000004,0.18141617418075787
0.11999999999999998,0.6900000000000004,0.18312521183215036
0.11999999999999998,0.6800000000000004,0.1848547703318639
0.11999999999999998,0.6700000000000004,0.18660496488327302
0.11999999999999998,0.6600000000000004,0.18837590622357714
0.11999999999999998,0.6500000000000004,0.1901677004347174
0.11999999999999998,0.6400000000000003,0.19198044875278908
0.11999999999999998,0.6300000000000003,0.19381424737615802
0.11999999999999998,0.6200000000000003,0.19566918727250288
0.11999999999999998,0.6100000000000003,0.19754535398501535
0.11999999999999998,0.6000000000000003,0.19944282743800212
0.11999999999999998,0.5900000000000003,0.201361681742142
0.11999999999999998,0.5800000000000003,0.20330198499966398
0.11999999999999998,0.5700000000000003,0.20526379910972048
0.11999999999999998,0.5600000000000003,0.20724717957424352
0.11999999999999998,0.5500000000000003,0.20925217530457746
0.11999999999999998,0.5400000000000003,0.2112788284291961
0.11999999999999998,0.5300000000000002,0.21332717410281749
0.11999999999999998,0.5200000000000002,0.21539724031724125
0.11999999999999998,0.5100000000000002,0.2174890477142414
0.11999999999999998,0.5000000000000002,0.21960260940085388
0.11999999999999998,0.49000000000000027,0.22173793076740808
0.11999999999999998,0.48000000000000026,0.22389500930865722
0.11999999999999998,0.47000000000000025,0.22607383444836732
0.11999999999999998,0.46000000000000024,0.2282743873677335
0.11999999999999998,0.45000000000000023,0.23049664083799307
0.11999999999999998,0.4400000000000002,0.23274055905761243
0.11999999999999998,0.4300000000000002,0.23500609749442505
0.11999999999999998,0.4200000000000002,0.23729320273310273
0.11999999999999998,0.4100000000000002,0.23960181232834007
0.11999999999999998,0.4000000000000002,0.24193185466413825
0.11999999999999998,0.3900000000000002,0.24428324881956595
0.11999999999999998,0.38000000000000017,0.24665590444138072
0.11999999999999998,0.37000000000000016,0.24904972162388736
0.11999999999999998,0.36000000000000015,0.2514645907964055
0.11999999999999998,0.35000000000000014,0.25390039261871805
0.11999999999999998,0.34000000000000014,0.25635699788485966
0.11999999999999998,0.3300000000000001,0.25883426743560267
0.11999999999999998,0.3200000000000001,0.2613320520799866
0.11999999999999998,0.3100000000000001,0.26385019252622716
0.11999999999999998,0.3000000000000001,0.266388519322332
0.11999999999999998,0.2900000000000001,0.2689468528067363
0.11999999999999998,0.2800000000000001,0.27152500306925886
0.11999999999999998,0.2700000000000001,0.27412276992266443
0.11999999999999998,0.26000000000000006,0.27673994288510256
0.11999999999999998,0.25000000000000006,0.279376301173676
0.11999999999999998,0.24000000000000007,0.2820316137093742
0.11999999999999998,0.23000000000000007,0.2847056391335873
0.11999999999999998,0.22000000000000006,0.2873981258363969
0.11999999999999998,0.21000000000000005,0.29010881199681793
0.11999999999999998,0.20000000000000004,0.29283742563514326
0.11999999999999998,0.19000000000000003,0.2955836846775213
0.11999999999999998,0.18000000000000002,0.29834729703287
0.11999999999999998,0.17,0.30112796068220865
0.11999999999999998,0.16,0.3039253637804615
0.11999999999999998,0.15,0.3067391847707601
0.11999999999999998,0.13999999999999999,0.30956909251124876
0.11999999999999998,0.12999999999999998,0.31241474641436345
0.11999999999999998,0.11999999999999998,0.31527579659853294
0.11999999999999998,0.10999999999999999,0.3181518840522192
0.11999999999999998,0.09999999999999999,0.32104264081018685
0.11999999999999998,0.09,0.3239476901418634
0.11999999999999998,0.08,0.32686664675162214
0.11999999999999998,0.07,0.32979911699079345
0.11999999999999998,0.060000000000000005,0.3327446990811797
0.11999999999999998,0.05,0.3357029833498214
0.11999999999999998,0.04,0.338673552474737
0.11999999999999998,0.03,0.34165598174132783
0.11999999999999998,0.02,0.34464983930911647
0.11999999999999998,0.01,0.347654686488459
0.11999999999999998,0,0.35067007802684774
0.10999999999999999,1.0000000000000007,0.14025547415316883
0.10999999999999999,0.9900000000000007,0.14143476890671583
0.10999999999999999,0.9800000000000006,0.14263007587687526
0.10999999999999999,0.9700000000000006,0.14384156936305162
0.10999999999999999,0.9600000000000006,0.14506942344578513
0.10999999999999999,0.9500000000000006,0.14631381188745912
0.10999999999999999,0.9400000000000006,0.1475749080295202
0.10999999999999999,0.9300000000000006,0.1488528846861811
0.10999999999999999,0.9200000000000006,0.15014791403458455
0.10999999999999999,0.9100000000000006,0.15146016750140567
0.10999999999999999,0.9000000000000006,0.15278981564587965
0.10999999999999999,0.8900000000000006,0.15413702803924417
0.10999999999999999,0.8800000000000006,0.1555019731405924
0.10999999999999999,0.8700000000000006,0.1568848181691384
0.10999999999999999,0.8600000000000005,0.15828572897290283
0.10999999999999999,0.8500000000000005,0.1597048698938316
0.10999999999999999,0.8400000000000005,0.16114240362937066
0.10999999999999999,0.8300000000000005,0.16259849109052232
0.10999999999999999,0.8200000000000005,0.16407329125641992
0.10999999999999999,0.8100000000000005,0.16556696102546353
0.10999999999999999,0.8000000000000005,0.16707965506306668
0.10999999999999999,0.7900000000000005,0.16861152564607412
0.10999999999999999,0.7800000000000005,0.17016272250391787
0.10999999999999999,0.7700000000000005,0.17173339265658832
0.10999999999999999,0.7600000000000005,0.17332368024950556
0.10999999999999999,0.7500000000000004,0.1749337263853866
0.10999999999999999,0.7400000000000004,0.17656366895321232
0.10999999999999999,0.7300000000000004,0.17821364245440977
0.10999999999999999,0.7200000000000004,0.17988377782637355
0.10999999999999999,0.7100000000000004,0.18157420226346133
0.10999999999999999,0.7000000000000004,0.18328503903560947
0.10999999999999999,0.6900000000000004,0.18501640730472468
0.10999999999999999,0.6800000000000004,0.18676842193901771
0.10999999999999999,0.6700000000000004,0.18854119332545854
0.10999999999999999,0.6600000000000004,0.1903348271805403
0.10999999999999999,0.6500000000000004,0.19214942435955265
0.10999999999999999,0.6400000000000003,0.1939850806645761
0.10999999999999999,0.6300000000000003,0.1958418866514175
0.10999999999999999,0.6200000000000003,0.1977199274357222
0.10999999999999999,0.6100000000000003,0.1996192824985053
0.10999999999999999,0.6000000000000003,0.20154002549135813
0.10999999999999999,0.5900000000000003,0.20348222404159436
0.10999999999999999,0.5800000000000003,0.20544593955761428
0.10999999999999999,0.5700000000000003,0.20743122703477165
0.10999999999999999,0.5600000000000003,0.20943813486204094
0.10999999999999999,0.5500000000000003,0.2114667046297913
0.10999999999999999,0.5400000000000003,0.21351697093898372
0.10999999999999999,0.5300000000000002,0.21558896121211346
0.10999999999999999,0.5200000000000002,0.21768269550623567
0.10999999999999999,0.5100000000000002,0.21979818632840983
0.10999999999999999,0.5000000000000002,0.22193543845391686
0.10999999999999999,0.49000000000000027,0.22409444874760068
0.10999999999999999,0.48000000000000026,0.2262752059886978
0.10999999999999999,0.47000000000000025,0.22847769069952137
0.10999999999999999,0.46000000000000024,0.23070187497837158
0.10999999999999999,0.45000000000000023,0.23294772233704913
0.10999999999999999,0.4400000000000002,0.23521518754334844
0.10999999999999999,0.4300000000000002,0.23750421646891431
0.10999999999999999,0.4200000000000002,0.23981474594284313
0.10999999999999999,0.4100000000000002,0.2421467036114098
0.10999999999999999,0.4000000000000002,0.24450000780430617
0.10999999999999999,0.3900000000000002,0.24687456740776675
0.10999999999999999,0.38000000000000017,0.2492702817449625
0.10999999999999999,0.37000000000000016,0.2516870404640337
0.10999999999999999,0.36000000000000015,0.25412472343413206
0.10999999999999999,0.35000000000000014,0.2565832006498333
0.10999999999999999,0.34000000000000014,0.25906233214427427
0.10999999999999999,0.3300000000000001,0.2615619679113619
0.10999999999999999,0.3200000000000001,0.26408194783738975
0.10999999999999999,0.3100000000000001,0.26662210164238687
0.10999999999999999,0.3000000000000001,0.2691822488315127
0.10999999999999999,0.2900000000000001,0.27176219865679696
0.10999999999999999,0.2800000000000001,0.2743617500895094
0.10999999999999999,0.2700000000000001,0.27698069180342944
0.10999999999999999,0.26000000000000006,0.2796188021692655
0.10999999999999999,0.25000000000000006,0.2822758492604608
0.10999999999999999,0.24000000000000007,0.2849515908705974
0.10999999999999999,0.23000000000000007,0.28764577454259466
0.10999999999999999,0.22000000000000006,0.2903581376098745
0.10999999999999999,0.21000000000000005,0.29308840724964375
0.10999999999999999,0.20000000000000004,0.2958363005484206
0.10999999999999999,0.19000000000000003,0.2986015245799098
0.10999999999999999,0.18000000000000002,0.3013837764953031
0.10999999999999999,0.17,0.30418274362605846
0.10999999999999999,0.16,0.30699810359918384
0.10999999999999999,0.15,0.3098295244650252
0.10999999999999999,0.13999999999999999,0.3126766648375306
0.10999999999999999,0.12999999999999998,0.31553917404693405
0.10999999999999999,0.11999999999999998,0.3184166923047752
0.10999999999999999,0.10999999999999999,0.3213088508811436
0.10999999999999999,0.09999999999999999,0.32421527229400393
0.10999999999999999,0.09,0.3271355705104369
0.10999999999999999,0.08,0.33006935115959335
0.10999999999999999,0.07,0.33301621175713947
0.10999999999999999,0.060000000000000005,0.335975741940937
0.10999999999999999,0.05,0.3389475237176771
0.10999999999999999,0.04,0.34193113172016026
0.10999999999999999,0.03,0.3449261334748855
0.10999999999999999,0.02,0.3479320896795893
0.10999999999999999,0.01,0.3509485544903483
0.10999999999999999,0,0.3539750758178346
0.09999999999999999,1.0000000000000007,0.14154789452295025
0.09999999999999999,0.9900000000000007,0.14274462233010718
0.09999999999999999,0.9800000000000006,0.14395755148550446
0.09999999999999999,0.9700000000000006,0.1451868560573598
0.09999999999999999,0.9600000000000006,0.1464327097878709
0.09999999999999999,0.9500000000000006,0.1476952859901576
0.09999999999999999,0.9400000000000006,0.14897475744168448
0.09999999999999999,0.9300000000000006,0.15027129627414104
0.09999999999999999,0.9200000000000006,0.15158507385976008
0.09999999999999999,0.9100000000000006,0.15291626069405814
0.09999999999999999,0.9000000000000006,0.1542650262749914
0.09999999999999999,0.8900000000000006,0.15563153897852022
0.09999999999999999,0.8800000000000006,0.15701596593058625
0.09999999999999999,0.8700000000000006,0.15841847287550972
0.09999999999999999,0.8600000000000005,0.15983922404082132
0.09999999999999999,0.8500000000000005,0.16127838199854994
0.09999999999999999,0.8400000000000005,0.16273610752299505
0.09999999999999999,0.8300000000000005,0.16421255944501928
0.09999999999999999,0.8200000000000005,0.16570789450290424
0.09999999999999999,0.8100000000000005,0.1672222671898218
0.09999999999999999,0.8000000000000005,0.16875582959798008
0.09999999999999999,0.7900000000000005,0.17030873125951257
0.09999999999999999,0.7800000000000005,0.17188111898418765
0.09999999999999999,0.7700000000000005,0.17347313669402467
0.09999999999999999,0.7600000000000005,0.17508492525491245
0.09999999999999999,0.7500000000000004,0.1767166223053358
0.09999999999999999,0.7400000000000004,0.17836836208232504
0.09999999999999999,0.7300000000000004,0.18004027524475336
0.09999999999999999,0.7200000000000004,0.18173248869412012
0.09999999999999999,0.7100000000000004,0.18344512539296304
0.09999999999999999,0.7000000000000004,0.18517830418105835
0.09999999999999999,0.6900000000000004,0.1869321395895767
0.09999999999999999,0.6800000000000004,0.1887067416533719
0.09999999999999999,0.6700000000000004,0.1905022157215941
0.09999999999999999,0.6600000000000004,0.19231866226682656
0.09999999999999999,0.6500000000000004,0.19415617669295904
0.09999999999999999,0.6400000000000003,0.19601484914201997
0.09999999999999999,0.6300000000000003,0.19789476430020164
0.09999999999999999,0.6200000000000003,0.19979600120332422
0.09999999999999999,0.6100000000000003,0.2017186330419929
0.09999999999999999,0.6000000000000003,0.20366272696671636
0.09999999999999999,0.5900000000000003,0.20562834389326273
0.09999999999999999,0.5800000000000003,0.2076155383085412
0.09999999999999999,0.5700000000000003,0.209624358077306
0.09999999999999999,0.5600000000000003,0.211654844249991
0.09999999999999999,0.5500000000000003,0.21370703087199028
0.09999999999999999,0.5400000000000003,0.21578094479471138
0.09999999999999999,0.5300000000000002,0.217876605488734
0.09999999999999999,0.5200000000000002,0.21999402485941708
0.09999999999999999,0.5100000000000002,0.22213320706530262
0.09999999999999999,0.5000000000000002,0.22429414833967318
0.09999999999999999,0.49000000000000027,0.22647683681562433
0.09999999999999999,0.48000000000000026,0.22868125235502043
0.09999999999999999,0.47000000000000025,0.23090736638170592
0.09999999999999999,0.46000000000000024,0.23315514171934762
0.09999999999999999,0.45000000000000023,0.23542453243428768
0.09999999999999999,0.4400000000000002,0.2377154836837894
0.09999999999999999,0.4300000000000002,0.24002793157005625
0.09999999999999999,0.4200000000000002,0.24236180300040885
0.09999999999999999,0.4100000000000002,0.24471701555400124
0.09999999999999999,0.4000000000000002,0.24709347735545603
0.09999999999999999,0.3900000000000002,0.2494910869557962
0.09999999999999999,0.38000000000000017,0.2519097332210471
0.09999999999999999,0.37000000000000016,0.25434929522887506
0.09999999999999999,0.36000000000000015,0.25680964217362695
0.09999999999999999,0.35000000000000014,0.25929063328012225
0.09999999999999999,0.34000000000000014,0.2617921177265443
0.09999999999999999,0.3300000000000001,0.26431393457676716
0.09999999999999999,0.3200000000000001,0.26685591272244025
0.09999999999999999,0.3100000000000001,0.26941787083514557
0.09999999999999999,0.3000000000000001,0.27199961732892375
0.09999999999999999,0.2900000000000001,0.2746009503334543
0.09999999999999999,0.2800000000000001,0.27722165767815693
0.09999999999999999,0.2700000000000001,0.27986151688746574
0.09999999999999999,0.26000000000000006,0.2825202951875079
0.09999999999999999,0.25000000000000006,0.28519774952440013
0.09999999999999999,0.24000000000000007,0.28789362659435697
0.09999999999999999,0.23000000000000007,0.2906076628857798
0.09999999999999999,0.22000000000000006,0.2933395847334788
0.09999999999999999,0.21000000000000005,0.2960891083851497
0.09999999999999999,0.20000000000000004,0.29885594008021027
0.09999999999999999,0.19000000000000003,0.30163977614107035
0.09999999999999999,0.18000000000000002,0.3044403030768874
0.09999999999999999,0.17,0.30725719769983106
0.09999999999999999,0.16,0.31009012725385465
0.09999999999999999,0.15,0.31293874955594353
0.09999999999999999,0.13999999999999999,0.315802713149781
0.09999999999999999,0.12999999999999998,0.31868165747174737
0.09999999999999999,0.11999999999999998,0.32157521302913655
0.09999999999999999,0.10999999999999999,0.3244830015904471
0.09999999999999999,0.09999999999999999,0.327404636387577
0.09999999999999999,0.09,0.33033972232972103
0.09999999999999999,0.08,0.33328785622874346
0.09999999999999999,0.07,0.3362486270357696
0.09999999999999999,0.060000000000000005,0.33922161608871215
0.09999999999999999,0.05,0.34220639737042247
0.09999999999999999,0.04,0.34520253777712795
0.09999999999999999,0.03,0.3482095973967954
0.09999999999999999,0.02,0.3512271297970287
0.09999999999999999,0.01,0.35425468232209245
0.09999999999999999,0,0.3572917963986249
0.09,1.0000000000000007,0.14285939062869624
0.09,0.9900000000000007,0.14407375714386517
0.09,0.9800000000000006,0.14530451388100304
0.09,0.9700000000000006,0.14655183456093604
0.09,0.9600000000000006,0.14781589246723956
0.09,0.9500000000000006,0.14909686033938022
0.09,0.9400000000000006,0.15039491026231358
0.09,0.9300000000000006,0.15171021355251718
0.09,0.9200000000000006,0.1530429406404452
0.09,0.9100000000000006,0.1543932609493969
0.09,0.9000000000000006,0.15576134277079332
0.09,0.8900000000000006,0.1571473531358664
0.09,0.8800000000000006,0.15855145768376858
0.09,0.8700000000000006,0.15997382052611728
0.09,0.8600000000000005,0.16141460410799713
0.09,0.8500000000000005,0.16287396906544854
0.09,0.8400000000000005,0.1643520740794781
0.09,0.8300000000000005,0.16584907572663643
0.09,0.8200000000000005,0.167365128326214
0.09,0.8100000000000005,0.16890038378411612
0.09,0.8000000000000005,0.17045499143348636
0.09,0.7900000000000005,0.17202909787215528
0.09,0.7800000000000005,0.17362284679700235
0.09,0.7700000000000005,0.175236378835327
0.09,0.7600000000000005,0.17686983137333537
0.09,0.7500000000000004,0.17852333838185885
0.09,0.7400000000000004,0.1801970302394298
0.09,0.7300000000000004,0.18189103355285174
0.09,0.7200000000000004,0.18360547097541163
0.09,0.7100000000000004,0.1853404610228898
0.09,0.7000000000000004,0.1870961178875391
0.09,0.6900000000000004,0.18887255125021027
0.09,0.6800000000000004,0.19066986609081504
0.09,0.6700000000000004,0.1924881624973291
0.09,0.6600000000000004,0.1943275354735469
0.09,0.6500000000000004,0.19618807474581162
0.09,0.6400000000000003,0.1980698645689576
0.09,0.6300000000000003,0.19997298353170714
0.09,0.6200000000000003,0.2018975043617831
0.09,0.6100000000000003,0.20384349373100055
0.09,0.6000000000000003,0.20581101206061805
0.09,0.5900000000000003,0.20780011332723666
0.09,0.5800000000000003,0.2098108448695433
0.09,0.5700000000000003,0.21184324719620842
0.09,0.5600000000000003,0.2138973537952545
0.09,0.5500000000000003,0.21597319094522094
0.09,0.5400000000000003,0.21807077752846113
0.09,0.5300000000000002,0.22019012484691364
0.09,0.5200000000000002,0.22233123644069705
0.09,0.5100000000000002,0.22449410790988603
0.09,0.5000000000000002,0.22667872673983042
0.09,0.49000000000000027,0.22888507213038603
0.09,0.48000000000000026,0.23111311482942926
0.09,0.47000000000000025,0.23336281697103323
0.09,0.46000000000000024,0.23563413191868293
0.09,0.45000000000000023,0.2379270041139131
0.09,0.4400000000000002,0.24024136893075
0.09,0.4300000000000002,0.24257715253634038
0.09,0.4200000000000002,0.2449342717581497
0.09,0.4100000000000002,0.24731263395810993
0.09,0.4000000000000002,0.24971213691409314
0.09,0.3900000000000002,0.25213266870908446
0.09,0.38000000000000017,0.2545741076284226
0.09,0.37000000000000016,0.25703632206546767
0.09,0.36000000000000015,0.25951917043605227
0.09,0.35000000000000014,0.2620225011020578
0.09,0.34000000000000014,0.26454615230445433
0.09,0.3300000000000001,0.26708995210612424
0.09,0.3200000000000001,0.2696537183447842
0.09,0.3100000000000001,0.2722372585962997
0.09,0.3000000000000001,0.2748403701486788
0.09,0.2900000000000001,0.2774628399870072
0.09,0.2800000000000001,0.2801044447895791
0.09,0.2700000000000001,0.282764950935451
0.09,0.26000000000000006,0.28544411452363283
0.09,0.25000000000000006,0.2881416814041064
0.09,0.24000000000000007,0.2908573872208415
0.09,0.23000000000000007,0.2935909574669566
0.09,0.22000000000000006,0.29634210755214885
0.09,0.21000000000000005,0.29911054288249117
0.09,0.20000000000000004,0.3018959589526735
0.09,0.19000000000000003,0.3046980414507345
0.09,0.18000000000000002,0.30751646637530705
0.09,0.17,0.31035090016537376
0.09,0.16,0.3132009998424983
0.09,0.15,0.31606641316547374
0.09,0.13999999999999999,0.3189467787972993
0.09,0.12999999999999998,0.32184172648436926
0.09,0.11999999999999998,0.3247508772477273
0.09,0.10999999999999999,0.32767384358621476
0.09,0.09999999999999999,0.3306102296913087
0.09,0.09,0.3335596316734204
0.09,0.08,0.3365216377993958
0.09,0.07,0.33949582874093204
0.09,0.060000000000000005,0.3424817778335968
0.09,0.05,0.345479051346112
0.09,0.04,0.34848720875953665
0.09,0.03,0.35150580305595774
0.09,0.02,0.3545343810162779
0.09,0.01,0.3575724835266607
0.09,0,0.36061964589317647
0.08,1.0000000000000007,0.1441901865660427
0.08,0.9900000000000007,0.14542239714150937
0.08,0.9800000000000006,0.1466711864281543
0.08,0.9700000000000006,0.1479367276787867
0.08,0.9600000000000006,0.149219193593622
0.08,0.9500000000000006,0.15051875620959668
0.08,0.9400000000000006,0.15183558678611628
0.08,0.9300000000000006,0.15316985568722477
0.08,0.9200000000000006,0.15452173226018515
0.08,0.9100000000000006,0.1558913847104689
0.08,0.9000000000000006,0.15727897997315732
0.08,0.8900000000000006,0.15868468358076354
0.08,0.8800000000000006,0.16010865952749034
0.08,0.8700000000000006,0.16155107012994746
0.08,0.8600000000000005,0.16301207588435587
0.08,0.8500000000000005,0.16449183532027833
0.08,0.8400000000000005,0.1659905048509182
0.08,0.8300000000000005,0.1675082386200415
0.08,0.8200000000000005,0.16904518834558196
0.08,0.8100000000000005,0.1706015031599989
0.08,0.8000000000000005,0.17217732944746647
0.08,0.7900000000000005,0.17377281067798242
0.08,0.7800000000000005,0.17538808723849322
0.08,0.7700000000000005,0.1770232962611421
0.08,0.7600000000000005,0.17867857144875743
0.08,0.7500000000000004,0.1803540428977084
0.08,0.7400000000000004,0.18204983691826473
0.08,0.7300000000000004,0.18376607585260876
0.08,0.7200000000000004,0.18550287789065834
0.08,0.7100000000000004,0.1872603568838704
0.08,0.7000000000000004,0.1890386221572045
0.08,0.6900000000000004,0.19083777831943874
0.08,0.6800000000000004,0.1926579250720401
0.08,0.6700000000000004,0.19449915701680304
0.08,0.6600000000000004,0.1963615634624803
0.08,0.6500000000000004,0.19824522823064278
0.08,0.6400000000000003,0.20015022946101474
0.08,0.6300000000000003,0.2020766394165411
0.08,0.6200000000000003,0.20402452428845708
0.08,0.6100000000000003,0.20599394400163687
0.08,0.6000000000000003,0.2079849520205121
0.08,0.5900000000000003,0.2099975951558584
0.08,0.5800000000000003,0.21203191337275876
0.08,0.5700000000000003,0.2140879396000623
0.08,0.5600000000000003,0.21616569954166495
0.08,0.5500000000000003,0.21826521148994726
0.08,0.5400000000000003,0.22038648614171275
0.08,0.5300000000000002,0.22252952641697768
0.08,0.5200000000000002,0.22469432728096841
0.08,0.5100000000000002,0.22688087556969047
0.08,0.5000000000000002,0.22908914981943787
0.08,0.49000000000000027,0.23131912010061484
0.08,0.48000000000000026,0.23357074785624818
0.08,0.47000000000000025,0.2358439857455687
0.08,0.46000000000000024,0.2381387774930449
0.08,0.45000000000000023,0.24045505774324988
0.08,0.4400000000000002,0.24279275192194663
0.08,0.4300000000000002,0.2451517761037714
0.08,0.4200000000000002,0.24753203688689704
0.08,0.4100000000000002,0.249933431275052
0.08,0.4000000000000002,0.2523558465672681
0.08,0.3900000000000002,0.25479916025572485
0.08,0.38000000000000017,0.2572632399320504
0.08,0.37000000000000016,0.2597479432024328
0.08,0.36000000000000015,0.262253117611886
0.08,0.35000000000000014,0.26477860057800484
0.08,0.34000000000000014,0.26732421933453065
0.08,0.3300000000000001,0.2698897908850403
0.08,0.3200000000000001,0.2724751219670531
0.08,0.3100000000000001,0.275080009026838
0.08,0.3000000000000001,0.27770423820518747
0.08,0.2900000000000001,0.2803475853344049
0.08,0.2800000000000001,0.28300981594673713
0.08,0.2700000000000001,0.2856906852944607
0.08,0.26000000000000006,0.2883899383818128
0.08,0.25000000000000006,0.2911073100089357
0.08,0.24000000000000007,0.29384252482797785
0.08,0.23000000000000007,0.2965952974114769
0.08,0.22000000000000006,0.2993653323331197
0.08,0.21000000000000005,0.302152324260954
0.08,0.20000000000000004,0.3049559580630975
0.08,0.19000000000000003,0.3077759089259646
0.08,0.18000000000000002,0.31061184248500484
0.08,0.17,0.3134634149679174
0.08,0.16,0.3163302733502813
0.08,0.15,0.31921205552350945
0.08,0.13999999999999999,0.3221083904750075
0.08,0.12999999999999998,0.3250188984803915
0.08,0.11999999999999998,0.3279431913075874
0.08,0.10999999999999999,0.33088087243260794
0.08,0.09999999999999999,0.333831537266775
0.08,0.09,0.3367947733951269
0.08,0.08,0.33977016082572203
0.08,0.07,0.342757272249524
0.08,0.060000000000000005,0.3457556733105285
0.08,0.05,0.34876492288576183
0.08,0.04,0.35178457337476254
0.08,0.03,0.35481417099812845
0.08,0.02,0.35785325610469143
0.08,0.01,0.3609013634868585
0.08,0,0.36395802270364036
0.07,1.0000000000000007,0.14554050606302865
0.07,0.9900000000000007,0.1467907656103513
0.07,0.9800000000000006,0.14805779184211593
0.07,0.9700000000000006,0.14934175741802916
0.07,0.9600000000000006,0.1506428343257193
0.07,0.9500000000000006,0.1519611937661995
0.07,0.9400000000000006,0.1532970060357514
0.07,0.9300000000000006,0.15465044040421858
0.07,0.9200000000000006,0.1560216649897091
0.07,0.9100000000000006,0.15741084662970872
0.07,0.9000000000000006,0.158818150748616
0.07,0.8900000000000006,0.1602437412217143
0.07,0.8800000000000006,0.16168778023560368
0.07,0.8700000000000006,0.1631504281451228
0.07,0.8600000000000005,0.16463184332679842
0.07,0.8500000000000005,0.16613218202886787
0.07,0.8400000000000005,0.16765159821792663
0.07,0.8300000000000005,0.16919024342226474
0.07,0.8200000000000005,0.17074826657196002
0.07,0.8100000000000005,0.17232581383580914
0.07,0.8000000000000005,0.1739230284551841
0.07,0.7900000000000005,0.1755400505749121
0.07,0.7800000000000005,0.17717701707128694
0.07,0.7700000000000005,0.17883406137732819
0.07,0.7600000000000005,0.18051131330541823
0.07,0.7500000000000004,0.1822088988674526
0.07,0.7400000000000004,0.18392694009265445
0.07,0.7300000000000004,0.18566555484321154
0.07,0.7200000000000004,0.1874248566279057
0.07,0.7100000000000004,0.18920495441391713
0.07,0.7000000000000004,0.19100595243699448
0.07,0.6900000000000004,0.19282795001019515
0.07,0.6800000000000004,0.19467104133140925
0.07,0.6700000000000004,0.19653531528989404
0.07,0.6600000000000004,0.19842085527205372
0.07,0.6500000000000004,0.20032773896671416
0.07,0.6400000000000003,0.20225603817014962
0.07,0.6300000000000003,0.20420581859113074
0.07,0.6200000000000003,0.20617713965627477
0.07,0.6100000000000003,0.20817005431598581
0.07,0.6000000000000003,0.21018460885128717
0.07,0.5900000000000003,0.2122208426818537
0.07,0.5800000000000003,0.2142787881755637
0.07,0.5700000000000003,0.21635847045989842
0.07,0.5600000000000003,0.21845990723552347
0.07,0.5500000000000003,0.2205831085923986
0.07,0.5400000000000003,0.22272807682876397
0.07,0.5300000000000002,0.22489480627336322
0.07,0.5200000000000002,0.22708328311126572
0.07,0.5100000000000002,0.2292934852136574
0.07,0.5000000000000002,0.231525381971973
0.07,0.49000000000000027,0.23377893413674852
0.07,0.48000000000000026,0.23605409366157196
0.07,0.47000000000000025,0.23835080355251603
0.07,0.46000000000000024,0.2406689977234345
0.07,0.45000000000000023,0.24300860085750586
0.07,0.4400000000000002,0.2453695282754063
0.07,0.4300000000000002,0.24775168581049187
0.07,0.4200000000000002,0.25015496969136547
0.07,0.4100000000000002,0.2525792664322035
0.07,0.4000000000000002,0.2550244527312069
0.07,0.3900000000000002,0.2574903953775376
0.07,0.38000000000000017,0.25997695116709496
0.07,0.37000000000000016,0.2624839668274725
0.07,0.36000000000000015,0.2650112789524314
0.07,0.35000000000000014,0.26755871394621167
0.07,0.34000000000000014,0.27012608797799015
0.07,0.3300000000000001,0.27271320694678186
0.07,0.3200000000000001,0.2753198664570648
0.07,0.3100000000000001,0.27794585180539266
0.07,0.3000000000000001,0.28059093797824297
0.07,0.2900000000000001,0.2832548896613282
0.07,0.2800000000000001,0.2859374612605807
0.07,0.2700000000000001,0.2886383969349972
0.07,0.26000000000000006,0.2913574306415119
0.07,0.25000000000000006,0.29409428619204053
0.07,0.24000000000000007,0.2968486773228168
0.07,0.23000000000000007,0.29962030777611576
0.07,0.22000000000000006,0.3024088713944375
0.07,0.21000000000000005,0.3052140522271928
0.07,0.20000000000000004,0.3080355246499114
0.07,0.19000000000000003,0.3108729534959634
0.07,0.18000000000000002,0.31372599420075736
0.07,0.17,0.3165942929583506
0.07,0.16,0.31947748689037947
0.07,0.15,0.3223752042271885
0.07,0.13999999999999999,0.3252870645010084
0.07,0.12999999999999998,0.32821267875100635
0.07,0.11999999999999998,0.3311516497399992
0.07,0.10999999999999999,0.33410357218259795
0.07,0.09999999999999999,0.33706803298451943
0.07,0.09,0.3400446114927739
0.07,0.08,0.3430328797564149
0.07,0.07,0.34603240279750336
0.07,0.060000000000000005,0.3490427388919218
0.07,0.05,0.3520634398596408
0.07,0.04,0.3550940513640229
0.07,0.03,0.3581341132197221
0.07,0.02,0.3611831597087174
0.07,0.01,0.36424071990399814
0.07,0,0.36730631800039765
0.060000000000000005,1.0000000000000007,0.146910572327674
0.060000000000000005,0.9900000000000007,0.14817908517383505
0.060000000000000005,0.9800000000000006,0.14946455202548137
0.060000000000000005,0.9700000000000006,0.1507671448196396
0.060000000000000005,0.9600000000000006,0.15208703469760634
0.060000000000000005,0.9500000000000006,0.15342439188654483
0.060000000000000005,0.9400000000000006,0.1547793855774924
0.060000000000000005,0.9300000000000006,0.15615218379977547
0.060000000000000005,0.9200000000000006,0.15754295329183587
0.060000000000000005,0.9100000000000006,0.15895185936847878
0.060000000000000005,0.9000000000000006,0.1603790657845596
0.060000000000000005,0.8900000000000006,0.1618247345951306
0.060000000000000005,0.8800000000000006,0.1632890260120813
0.060000000000000005,0.8700000000000006,0.16477209825730785
0.060000000000000005,0.8600000000000005,0.16627410741245874
0.060000000000000005,0.8500000000000005,0.16779520726531
0.060000000000000005,0.8400000000000005,0.16933554915283278
0.060000000000000005,0.8300000000000005,0.17089528180102379
0.060000000000000005,0.8200000000000005,0.17247455116157825
0.060000000000000005,0.8100000000000005,0.1740735002454958
0.060000000000000005,0.8000000000000005,0.17569226895371604
0.060000000000000005,0.7900000000000005,0.1773309939048944
0.060000000000000005,0.7800000000000005,0.17898980826043412
0.060000000000000005,0.7700000000000005,0.18066884154690516
0.060000000000000005,0.7600000000000005,0.18236821947598755
0.060000000000000005,0.7500000000000004,0.18408806376208942
0.060000000000000005,0.7400000000000004,0.18582849193779924
0.060000000000000005,0.7300000000000004,0.18758961716734432
0.060000000000000005,0.7200000000000004,0.18937154805823656
0.060000000000000005,0.7100000000000004,0.1911743884712994
0.060000000000000005,0.7000000000000004,0.1929982373292795
0.060000000000000005,0.6900000000000004,0.19484318842425938
0.060000000000000005,0.6800000000000004,0.19670933022409598
0.060000000000000005,0.6700000000000004,0.1985967456781244
0.060000000000000005,0.6600000000000004,0.20050551202237396
0.060000000000000005,0.6500000000000004,0.2024357005845562
0.060000000000000005,0.6400000000000003,0.20438737658909548
0.060000000000000005,0.6300000000000003,0.20636059896248132
0.060000000000000005,0.6200000000000003,0.20835542013923533
0.060000000000000005,0.6100000000000003,0.21037188586879063
0.060000000000000005,0.6000000000000003,0.2124100350235968
0.060000000000000005,0.5900000000000003,0.21446989940876804
0.060000000000000005,0.5800000000000003,0.2165515035736038
0.060000000000000005,0.5700000000000003,0.21865486462531825
0.060000000000000005,0.5600000000000003,0.22077999204532273
0.060000000000000005,0.5500000000000003,0.22292688750841372
0.060000000000000005,0.5400000000000003,0.22509554470522403
0.060000000000000005,0.5300000000000002,0.22728594916830136
0.060000000000000005,0.5200000000000002,0.229498078102184
0.060000000000000005,0.5100000000000002,0.23173190021784787
0.060000000000000005,0.5000000000000002,0.2339873755719012
0.060000000000000005,0.49000000000000027,0.23626445541090876
0.060000000000000005,0.48000000000000026,0.23856308202122706
0.060000000000000005,0.47000000000000025,0.24088318858473273
0.060000000000000005,0.46000000000000024,0.2432246990408295
0.060000000000000005,0.45000000000000023,0.24558752795511252
0.060000000000000005,0.4400000000000002,0.24797158039507322
0.060000000000000005,0.4300000000000002,0.2503767518132187
0.060000000000000005,0.4200000000000002,0.2528029279379787
0.060000000000000005,0.4100000000000002,0.2552499846727674
0.060000000000000005,0.4000000000000002,0.25771778800355977
0.060000000000000005,0.3900000000000002,0.26020619391533345
0.060000000000000005,0.38000000000000017,0.26271504831772163
0.060000000000000005,0.37000000000000016,0.2652441869802073
0.060000000000000005,0.36000000000000015,0.26779343547718176
0.060000000000000005,0.35000000000000014,0.27036260914317556
0.060000000000000005,0.34000000000000014,0.272951513038556
0.060000000000000005,0.3300000000000001,0.27555994192597216
0.060000000000000005,0.3200000000000001,0.27818768025780866
0.060000000000000005,0.3100000000000001,0.28083450217489636
0.060000000000000005,0.3000000000000001,0.2835001715167048
0.060000000000000005,0.2900000000000001,0.28618444184322644
0.060000000000000005,0.2800000000000001,0.28888705646873664
0.060000000000000005,0.2700000000000001,0.29160774850759763
0.060000000000000005,0.26000000000000006,0.2943462409322453
0.060000000000000005,0.25000000000000006,0.29710224664348084
0.060000000000000005,0.24000000000000007,0.29987546855315844
0.060000000000000005,0.23000000000000007,0.30266559967934065
0.060000000000000005,0.22000000000000006,0.30547232325396134
0.060000000000000005,0.21000000000000005,0.3082953128430159
0.060000000000000005,0.20000000000000004,0.3111342324792654
0.060000000000000005,0.19000000000000003,0.31398873680741685
0.060000000000000005,0.18000000000000002,0.31685847124171407
0.060000000000000005,0.17,0.3197430721358429
0.060000000000000005,0.16,0.32264216696502956
0.060000000000000005,0.15,0.3255553745201777
0.060000000000000005,0.13999999999999999,0.328482305113867
0.060000000000000005,0.12999999999999998,0.3314225607980021
0.060000000000000005,0.11999999999999998,0.33437573559287653
0.060000000000000005,0.10999999999999999,0.33734141572738546
0.060000000000000005,0.09999999999999999,0.34031917989009697
0.060000000000000005,0.09,0.3433085994908604
0.060000000000000005,0.08,0.3463092389326086
0.060000000000000005,0.07,0.3493206558929809
0.060000000000000005,0.060000000000000005,0.35234240161537306
0.060000000000000005,0.05,0.3553740212089935
0.060000000000000005,0.04,0.3584150539574842
0.060000000000000005,0.03,0.36146503363564175
0.060000000000000005,0.02,0.3645234888337555
0.060000000000000005,0.01,0.36758994328905786
0.060000000000000005,0,0.37066391622376677
0.05,1.0000000000000007,0.14830060788983757
0.05,0.9900000000000007,0.14958757762811287
0.05,0.9800000000000006,0.15089168789953938
0.05,0.9700000000000006,0.15221310978436822
0.05,0.9600000000000006,0.15355201343928446
0.05,0.9500000000000006,0.1549085679751284
0.05,0.9400000000000006,0.15628294133102305
0.05,0.9300000000000006,0.15767530014491388
0.05,0.9200000000000006,0.15908580962053065
0.05,0.9100000000000006,0.16051463339078792
0.05,0.9000000000000006,0.16196193337764914
0.05,0.8900000000000006,0.16342786964848433
0.05,0.8800000000000006,0.16491260026896085
0.05,0.8700000000000006,0.16641628115251259
0.05,0.8600000000000005,0.1679390659064442
0.05,0.8500000000000005,0.16948110567473004
0.05,0.8400000000000005,0.17104254897758264
0.05,0.8300000000000005,0.17262354154786977
0.05,0.8200000000000005,0.17422422616446923
0.05,0.8100000000000005,0.17584474248266274
0.05,0.8000000000000005,0.17748522686167645
0.05,0.7900000000000005,0.17914581218948758
0.05,0.7800000000000005,0.18082662770502653
0.05,0.7700000000000005,0.18252779881791503
0.05,0.7600000000000005,0.1842494469258887
0.05,0.7500000000000004,0.18599168923006745
0.05,0.7400000000000004,0.1877546385482434
0.05,0.7300000000000004,0.18953840312637102
0.05,0.7200000000000004,0.19134308644845235
0.05,0.7100000000000004,0.19316878704502286
0.05,0.7000000000000004,0.1950155983004537
0.05,0.6900000000000004,0.19688360825929835
0.05,0.6800000000000004,0.19877289943192114
0.05,0.6700000000000004,0.20068354859965792
0.05,0.6600000000000004,0.20261562661976792
0.05,0.6500000000000004,0.20456919823044867
0.05,0.6400000000000003,0.20654432185619476
0.05,0.6300000000000003,0.20854104941379234
0.05,0.6200000000000003,0.21055942611925008
0.05,0.6100000000000003,0.21259949029597883
0.05,0.6000000000000003,0.21466127318453937
0.05,0.5900000000000003,0.216744798754287
0.05,0.5800000000000003,0.21885008351725202
0.05,0.5700000000000003,0.22097713634459898
0.05,0.5600000000000003,0.22312595828601872
0.05,0.5500000000000003,0.2252965423924107
0.05,0.5400000000000003,0.22748887354222228
0.05,0.5300000000000002,0.22970292827181202
0.05,0.5200000000000002,0.23193867461021436
0.05,0.5100000000000002,0.23419607191868128
0.05,0.5000000000000002,0.23647507073538218
0.05,0.49000000000000027,0.23877561262564537
0.05,0.48000000000000026,0.24109763003812265
0.05,0.47000000000000025,0.24344104616726128
0.05,0.46000000000000024,0.245805774822465
0.05,0.45000000000000023,0.24819172030432374
0.05,0.4400000000000002,0.2505987772882886
0.05,0.4300000000000002,0.25302683071616316
0.05,0.4200000000000002,0.25547575569577924
0.05,0.4100000000000002,0.2579454174092147
0.05,0.4000000000000002,0.26043567102990617
0.05,0.3900000000000002,0.26294636164899926
0.05,0.38000000000000017,0.265477324211267
0.05,0.37000000000000016,0.26802838346091884
0.05,0.36000000000000015,0.27059935389760614
0.05,0.35000000000000014,0.2731900397429196
0.05,0.34000000000000014,0.2758002349176557
0.05,0.3300000000000001,0.27842972303011454
0.05,0.3200000000000001,0.28107827737567476
0.05,0.3100000000000001,0.28374566094786935
0.05,0.3000000000000001,0.28643162646117065
0.05,0.2900000000000001,0.28913591638566805
0.05,0.2800000000000001,0.2918582629938027
0.05,0.2700000000000001,0.29459838841930014
0.05,0.26000000000000006,0.29735600472841633
0.05,0.25000000000000006,0.3001308140035915
0.05,0.24000000000000007,0.3029225084395767
0.05,0.23000000000000007,0.3057307704520756
0.05,0.22000000000000006,0.30855527279891565
0.05,0.21000000000000005,0.3113956787137348
0.05,0.20000000000000004,0.3142516420521441
0.05,0.19000000000000003,0.31712280745029797
0.05,0.18000000000000002,0.32000881049577384
0.05,0.17,0.3229092779106374
0.05,0.16,0.3258238277465391
0.05,0.15,0.3287520695916581
0.05,0.13999999999999999,0.3316936047892854
0.05,0.12999999999999998,0.33464802666780435
0.05,0.11999999999999998,0.3376149207818039
0.05,0.10999999999999999,0.34059386516402845
0.05,0.09999999999999999,0.34358443058784427
0.05,0.09,0.3465861808398743
0.05,0.08,0.34959867300242903
0.05,0.07,0.35262145774533465
0.05,0.060000000000000005,0.3556540796267388
0.05,0.05,0.358696077402448
0.05,0.04,0.3617469843433331
0.05,0.03,0.36480632856031536
0.05,0.02,0.36787363333642875
0.05,0.01,0.3709484174654362
0.05,0,0.37403019559646017
0.04,1.0000000000000007,0.14971083443730798
0.04,0.9900000000000007,0.1510164637728188
0.04,0.9800000000000006,0.15233941922970284
0.04,0.9700000000000006,0.1536798708928038
0.04,0.9600000000000006,0.15503798779136974
0.04,0.9500000000000006,0.15641393777289486
0.04,0.9400000000000006,0.15780788737337234
0.04,0.9300000000000006,0.15922000168396996
0.04,0.9200000000000006,0.1606504442141462
0.04,0.9100000000000006,0.16209937675123037
0.04,0.9000000000000006,0.1635669592164995
0.04,0.8900000000000006,0.16505334951779033
0.04,0.8800000000000006,0.16655870339869405
0.04,0.8700000000000006,0.16808317428438804
0.04,0.8600000000000005,0.1696269131241693
0.04,0.8500000000000005,0.1711900682307611
0.04,0.8400000000000005,0.1727727851164742
0.04,0.8300000000000005,0.17437520632631326
0.04,0.8200000000000005,0.17599747126812937
0.04,0.8100000000000005,0.1776397160399264
0.04,0.8000000000000005,0.17930207325444394
0.04,0.7900000000000005,0.18098467186114456
0.04,0.7800000000000005,0.18268763696574689
0.04,0.7700000000000005,0.18441108964745612
0.04,0.7600000000000005,0.1861551467740525
0.04,0.7500000000000004,0.1879199208150123
0.04,0.7400000000000004,0.18970551965284269
0.04,0.7300000000000004,0.19151204639282834
0.04,0.7200000000000004,0.1933395991713928
0.04,0.7100000000000004,0.19518827096329322
0.04,0.7000000000000004,0.1970581493878768
0.04,0.6900000000000004,0.19894931651463693
0.04,0.6800000000000004,0.20086184866832035
0.04,0.6700000000000004,0.20279581623384588
0.04,0.6600000000000004,0.2047512834613065
0.04,0.6500000000000004,0.20672830827133665
0.04,0.6400000000000003,0.20872694206113748
0.04,0.6300000000000003,0.21074722951146205
0.04,0.6200000000000003,0.212789208394873
0.04,0.6100000000000003,0.21485290938559176
0.04,0.6000000000000003,0.2169383558712723
0.04,0.5900000000000003,0.21904556376703369
0.04,0.5800000000000003,0.22117454133210032
0.04,0.5700000000000003,0.22332528898940085
0.04,0.5600000000000003,0.22549779914848594
0.04,0.5500000000000003,0.22769205603213002
0.04,0.5400000000000003,0.229908035506987
0.04,0.5300000000000002,0.23214570491867517
0.04,0.5200000000000002,0.23440502293166904
0.04,0.5100000000000002,0.23668593937437937
0.04,0.5000000000000002,0.23898839508980332
0.04,0.49000000000000027,0.24131232179212855
0.04,0.48000000000000026,0.24365764192967498
0.04,0.47000000000000025,0.246024268554554
0.04,0.46000000000000024,0.248412105199428
0.04,0.45000000000000023,0.25082104576174286
0.04,0.4400000000000002,0.2532509743958082
0.04,0.4300000000000002,0.2557017654130887
0.04,0.4200000000000002,0.2581732831910682
0.04,0.4100000000000002,0.26066538209103524
0.04,0.4000000000000002,0.2631779063851335
0.04,0.3900000000000002,0.26571069019300764
0.04,0.38000000000000017,0.26826355742836555
0.04,0.37000000000000016,0.27083632175576094
0.04,0.36000000000000015,0.27342878655789277
0.04,0.35000000000000014,0.27604074491369607
0.04,0.34000000000000014,0.27867197958748585
0.04,0.3300000000000001,0.2813222630293979
0.04,0.3200000000000001,0.2839913573873503
0.04,0.3100000000000001,0.2866790145307307
0.04,0.3000000000000001,0.2893849760859929
0.04,0.2900000000000001,0.29210897348432485
0.04,0.2800000000000001,0.2948507280215261
0.04,0.2700000000000001,0.29760995093021136
0.04,0.26000000000000006,0.30038634346442933
0.04,0.25000000000000006,0.3031795969967625
0.04,0.24000000000000007,0.3059893931279467
0.04,0.23000000000000007,0.30881540380902395
0.04,0.22000000000000006,0.31165729147601123
0.04,0.21000000000000005,0.3145147091970453
0.04,0.20000000000000004,0.31738730083193106
0.04,0.19000000000000003,0.32027470120399504
0.04,0.18000000000000002,0.32317653628411697
0.04,0.17,0.32609242338678235
0.04,0.16,0.3290219713779722
0.04,0.15,0.331964780894677
0.04,0.13999999999999999,0.3349204445757928
0.04,0.12999999999999998,0.337888547304131
0.04,0.11999999999999998,0.3408686664592454
0.04,0.10999999999999999,0.3438603721807533
0.04,0.09999999999999999,0.3468632276418002
0.04,0.09,0.34987678933229377
0.04,0.08,0.3529006073515085
0.04,0.07,0.35593422570963584
0.04,0.060000000000000005,0.3589771826378354
0.04,0.05,0.36202901090631917
0.04,0.04,0.36508923814998245
0.04,0.03,0.36815738720107316
0.04,0.02,0.3712329764283767
0.04,0.01,0.3743155200823763
0.04,0,0.3774045286458325
0.03,1.0000000000000007,0.15114147264609074
0.03,0.9900000000000007,0.15246596323600922
0.03,0.9800000000000006,0.1538079644450849
0.03,0.9700000000000006,0.15516764521957524
0.03,0.9600000000000006,0.15654517331391626
0.03,0.9500000000000006,0.15794071516068897
0.03,0.9400000000000006,0.15935443573700955
0.03,0.9300000000000006,0.16078649842736087
0.03,0.9200000000000006,0.16223706488288964
0.03,0.9100000000000006,0.16370629487720298
0.03,0.9000000000000006,0.16519434615870246
0.03,0.8900000000000006,0.1667013742995042
0.03,0.8800000000000006,0.16822753254100034
0.03,0.8700000000000006,0.169772971636127
0.03,0.8600000000000005,0.1713378396884096
0.03,0.8500000000000005,0.17292228198787069
0.03,0.8400000000000005,0.17452644084388783
0.03,0.8300000000000005,0.1761504554151061
0.03,0.8200000000000005,0.17779446153651263
0.03,0.8100000000000005,0.17945859154379604
0.03,0.8000000000000005,0.18114297409512042
0.03,0.7900000000000005,0.18284773399045595
0.03,0.7800000000000005,0.18457299198861765
0.03,0.7700000000000005,0.18631886462217506
0.03,0.7600000000000005,0.18808546401040627
0.03,0.7500000000000004,0.1898728976704817
0.03,0.7400000000000004,0.19168126832707238
0.03,0.7300000000000004,0.19351067372058942
0.03,0.7200000000000004,0.195361206414274
0.03,0.7100000000000004,0.19723295360036497
0.03,0.7000000000000004,0.19912599690558555
0.03,0.6900000000000004,0.20104041219619967
0.03,0.6800000000000004,0.20297626938289975
0.03,0.6700000000000004,0.20493363222579825
0.03,0.6600000000000004,0.20691255813980697
0.03,0.6500000000000004,0.2089130980006955
0.03,0.6400000000000003,0.2109352959521338
0.03,0.6300000000000003,0.2129791892140298
0.03,0.6200000000000003,0.21504480789248515
0.03,0.6100000000000003,0.21713217479169855
0.03,0.6000000000000003,0.21924130522815624
0.03,0.5900000000000003,0.22137220684745412
0.03,0.5800000000000003,0.2235248794441086
0.03,0.5700000000000003,0.22569931478471167
0.03,0.5600000000000003,0.22789549643479945
0.03,0.5500000000000003,0.23011339958980317
0.03,0.5400000000000003,0.23235299091045766
0.03,0.5300000000000002,0.2346142283630476
0.03,0.5200000000000002,0.23689706106486946
0.03,0.5100000000000002,0.23920142913529535
0.03,0.5000000000000002,0.2415272635528196
0.03,0.49000000000000027,0.24387448601847267
0.03,0.48000000000000026,0.24624300882598385
0.03,0.47000000000000025,0.24863273473907155
0.03,0.46000000000000024,0.2510435568762392
0.03,0.45000000000000023,0.2534753586034452
0.03,0.4400000000000002,0.25592801343501537
0.03,0.4300000000000002,0.2584013849431541
0.03,0.4200000000000002,0.26089532667640714
0.03,0.4100000000000002,0.2634096820874153
0.03,0.4000000000000002,0.26594428447029
0.03,0.3900000000000002,0.26849895690793096
0.03,0.38000000000000017,0.27107351222959003
0.03,0.37000000000000016,0.2736677529789739
0.03,0.36000000000000015,0.2762814713931617
0.03,0.35000000000000014,0.27891444939259746
0.03,0.34000000000000014,0.2815664585823987
0.03,0.3300000000000001,0.28423726026520546
0.03,0.3200000000000001,0.28692660546577164
0.03,0.3100000000000001,0.2896342349674821
0.03,0.3000000000000001,0.29235987936095403
0.03,0.2900000000000001,0.2951032591048624
0.03,0.2800000000000001,0.2978640845991002
0.03,0.2700000000000001,0.3006420562703634
0.03,0.26000000000000006,0.30343686467022457
0.03,0.25000000000000006,0.30624819058573083
0.03,0.24000000000000007,0.3090757051625368
0.03,0.23000000000000007,0.3119190700405573
0.03,0.22000000000000006,0.3147779375020921
0.03,0.21000000000000005,0.31765195063235246
0.03,0.20000000000000004,0.32054074349228756
0.03,0.19000000000000003,0.32344394130358034
0.03,0.18000000000000002,0.326361160645656
0.03,0.17,0.32929200966451455
0.03,0.16,0.33223608829317425
0.03,0.15,0.33519298848348056
0.03,0.13999999999999999,0.33816229444901075
0.03,0.12999999999999998,0.3411435829187754
0.03,0.11999999999999998,0.3441364234013899
0.03,0.10999999999999999,0.34714037845936724
0.03,0.09999999999999999,0.3501550039931521
0.03,0.09,0.3531798495344967
0.03,0.08,0.3562144585487531
0.03,0.07,0.35925836874563283
0.03,0.060000000000000005,0.36231111239796726
0.03,0.05,0.36537221666797765
0.03,0.04,0.36844120394054736
0.03,0.03,0.3715175921629712
0.03,0.02,0.37460089519063977
0.03,0.01,0.3776906231381028
0.03,0,0.3807862827349431
0.02,1.0000000000000007,0.15259274200486173
0.02,0.9900000000000007,0.15393629429325287
0.02,0.9800000000000006,0.1552975404522138
0.02,0.9700000000000006,0.15667664814168913
0.02,0.9600000000000006,0.1580737836893844
0.02,0.9500000000000006,0.1594891119568706
0.02,0.9400000000000006,0.16092279620213193
0.02,0.9300000000000006,0.16237499793858085
0.02,0.9200000000000006,0.16384587679057416
0.02,0.9100000000000006,0.16533559034547016
0.02,0.9000000000000006,0.16684429400227482
0.02,0.8900000000000006,0.1683721408169342
0.02,0.8800000000000006,0.16991928134433643
0.02,0.8700000000000006,0.1714858634770988
0.02,0.8600000000000005,0.1730720322812211
0.02,0.8500000000000005,0.1746779298286977
0.02,0.8400000000000005,0.17630369502719054
0.02,0.8300000000000005,0.17794946344687293
0.02,0.8200000000000005,0.17961536714456747
0.02,0.8100000000000005,0.18130153448530814
0.02,0.8000000000000005,0.18300808996146953
0.02,0.7900000000000005,0.184735154009616
0.02,0.7800000000000005,0.18648284282523367
0.02,0.7700000000000005,0.18825126817552074
0.02,0.7600000000000005,0.1900405372104204
0.02,0.7500000000000004,0.19185075227209372
0.02,0.7400000000000004,0.19368201070303956
0.02,0.7300000000000004,0.1955344046530813
0.02,0.7200000000000004,0.19740802088544848
0.02,0.7100000000000004,0.19930294058219647
0.02,0.7000000000000004,0.2012192391492139
0.02,0.6900000000000004,0.2031569860210825
0.02,0.6800000000000004,0.20511624446606125
0.02,0.6700000000000004,0.20709707139147893
0.02,0.6600000000000004,0.20909951714983044
0.02,0.6500000000000004,0.21112362534587786
0.02,0.6400000000000003,0.21316943264507282
0.02,0.6300000000000003,0.21523696858361996
0.02,0.6200000000000003,0.21732625538051462
0.02,0.6100000000000003,0.21943730775189219
0.02,0.6000000000000003,0.22157013272803852
0.02,0.5900000000000003,0.2237247294734128
0.02,0.5800000000000003,0.22590108911004522
0.02,0.5700000000000003,0.22809919454467492
0.02,0.5600000000000003,0.23031902029999943
0.02,0.5500000000000003,0.23256053235041113
0.02,0.5400000000000003,0.2348236879625996
0.02,0.5300000000000002,0.23710843554140063
0.02,0.5200000000000002,0.2394147144812764
0.02,0.5100000000000002,0.24174245502380762
0.02,0.5000000000000002,0.2440915781215836
0.02,0.49000000000000027,0.24646199530887106
0.02,0.48000000000000026,0.24885360857944017
0.02,0.47000000000000025,0.25126631027192453
0.02,0.46000000000000024,0.25369998296308655
0.02,0.45000000000000023,0.25615449936935214
0.02,0.4400000000000002,0.25862972225697406
0.02,0.4300000000000002,0.26112550436117343
0.02,0.4200000000000002,0.2636416883145996
0.02,0.4100000000000002,0.2661781065854394
0.02,0.4000000000000002,0.2687345814254922
0.02,0.3900000000000002,0.27131092482851726
0.02,0.38000000000000017,0.27390693849914255
0.02,0.37000000000000016,0.27652241383261167
0.02,0.36000000000000015,0.27915713190562663
0.02,0.35000000000000014,0.28181086347852674
0.02,0.34000000000000014,0.284483369009026
0.02,0.3300000000000001,0.2871743986777111
0.02,0.3200000000000001,0.2898836924254796
0.02,0.3100000000000001,0.29261098000307756
0.02,0.3000000000000001,0.29535598103287175
0.02,0.2900000000000001,0.298118405082969
0.02,0.2800000000000001,0.30089795175376793
0.02,0.2700000000000001,0.3036943107770061
0.02,0.26000000000000006,0.30650716212733614
0.02,0.25000000000000006,0.30933617614644077
0.02,0.24000000000000007,0.3121810136796666
0.02,0.23000000000000007,0.3150413262251299
0.02,0.22000000000000006,0.31791675609522047
0.02,0.21000000000000005,0.3208069365903987
0.02,0.20000000000000004,0.3237114921851563
0.02,0.19000000000000003,0.32663003872597746
0.02,0.18000000000000002,0.3295621836411136
0.02,0.17,0.33250752616195384
0.02,0.16,0.33546565755574465
0.02,0.15,0.3384361613693867
0.02,0.13999999999999999,0.34141861368400755
0.02,0.12999999999999998,0.34441258337998243
0.02,0.11999999999999998,0.34741763241204965
0.02,0.10999999999999999,0.35043331609414263
0.02,0.09999999999999999,0.3534591833935335
0.02,0.09,0.3564947772338625
0.02,0.08,0.35953963480660406
0.02,0.07,0.362593287890497
0.02,0.060000000000000005,0.3656552631784504
0.02,0.05,0.36872508261141446
0.02,0.04,0.37180226371868846
0.02,0.03,0.3748863199641255
0.02,0.02,0.37797676109767386
0.02,0.01,0.38107309351168683
0.02,0,0.3841748206014186
0.01,1.0000000000000007,0.15406486063357025
0.01,0.9900000000000007,0.15542767368085886
0.01,0.9800000000000006,0.15680836244288662
0.01,0.9700000000000006,0.15820709314101625
0.01,0.9600000000000006,0.15962403051977675
0.01,0.9500000000000006,0.1610593377091273
0.01,0.9400000000000006,0.16251317608319052
0.01,0.9300000000000006,0.16398570511548932
0.01,0.9200000000000006,0.1654770822307274
0.01,0.9100000000000006,0.16698746265316275
0.01,0.9000000000000006,0.16851699925163058
0.01,0.8900000000000006,0.17006584238128225
0.01,0.8800000000000006,0.17163413972211308
0.01,0.8700000000000006,0.1732220361143637
0.01,0.8600000000000005,0.17482967339088662
0.01,0.8500000000000005,0.17645719020658102
0.01,0.8400000000000005,0.17810472186500795
0.01,0.8300000000000005,0.17977240014230705
0.01,0.8200000000000005,0.1814603531085487
0.01,0.8100000000000005,0.18316870494666362
0.01,0.8000000000000005,0.18489757576910396
0.01,0.7900000000000005,0.18664708143239944
0.01,0.7800000000000005,0.18841733334978542
0.01,0.7700000000000005,0.19020843830208728
0.01,0.7600000000000005,0.1920204982470601
0.01,0.7500000000000004,0.1938536101273908
0.01,0.7400000000000004,0.19570786567758383
0.01,0.7300000000000004,0.19758335122995965
0.01,0.7200000000000004,0.1994801475200089
0.01,0.7100000000000004,0.20139832949135458
0.01,0.7000000000000004,0.2033379661005853
0.01,0.6900000000000004,0.20529912012223528
0.01,0.6800000000000004,0.2072818479541938
0.01,0.6700000000000004,0.20928619942384
0.01,0.6600000000000004,0.21131221759520774
0.01,0.6500000000000004,0.21335993857749386
0.01,0.6400000000000003,0.21542939133523353
0.01,0.6300000000000003,0.21752059750047442
0.01,0.6200000000000003,0.2196335711872899
0.01,0.6100000000000003,0.22176831880897827
0.01,0.6000000000000003,0.22392483889830314
0.01,0.5900000000000003,0.22610312193113605
0.01,0.5800000000000003,0.22830315015386715
0.01,0.5700000000000003,0.23052489741495705
0.01,0.5600000000000003,0.23276832900100358
0.01,0.5500000000000003,0.2350334014777049
0.01,0.5400000000000003,0.2373200625360983
0.01,0.5300000000000002,0.23962825084445952
0.01,0.5200000000000002,0.24195789590624522
0.01,0.5100000000000002,0.24430891792446188
0.01,0.5000000000000002,0.24668122767284387
0.01,0.49000000000000027,0.24907472637421857
0.01,0.48000000000000026,0.2514893055864344
0.01,0.47000000000000025,0.25392484709622404
0.01,0.46000000000000024,0.25638122282136516
0.01,0.45000000000000023,0.25885829472149846
0.01,0.4400000000000002,0.26135591471795105
0.01,0.4300000000000002,0.2638739246229062
0.01,0.4200000000000002,0.2664121560782477
0.01,0.4100000000000002,0.26897043050439606
0.01,0.4000000000000002,0.27154855905944125
0.01,0.3900000000000002,0.27414634260886084
0.01,0.38000000000000017,0.276763571706098
0.01,0.37000000000000016,0.27940002658425644
0.01,0.36000000000000015,0.2820554771591519
0.01,0.35000000000000014,0.28472968304394036
0.01,0.34000000000000014,0.287422393575523
0.01,0.3300000000000001,0.2901333478529082
0.01,0.3200000000000001,0.2928622747876851
0.01,0.3100000000000001,0.29560889316674555
0.01,0.3000000000000001,0.2983729117273619
0.01,0.2900000000000001,0.3011540292447064
0.01,0.2800000000000001,0.30395193463187264
0.01,0.2700000000000001,0.3067663070524299
0.01,0.26000000000000006,0.30959681604551975
0.01,0.25000000000000006,0.3124431216634711
0.01,0.24000000000000007,0.31530487462188617
0.01,0.23000000000000007,0.31818171646212057
0.01,0.22000000000000006,0.3210732797260513
0.01,0.21000000000000005,0.32397918814299914
0.01,0.20000000000000004,0.32689905682864223
0.01,0.19000000000000003,0.3298324924957307
0.01,0.18000000000000002,0.3327790936763825
0.01,0.17,0.33573845095571075
0.01,0.16,0.3387101472165117
0.01,0.15,0.3416937578947043
0.01,0.13999999999999999,0.34468885124519755
0.01,0.12999999999999998,0.3476949886178267
0.01,0.11999999999999998,0.35071172474297785
0.01,0.10999999999999999,0.35373860802649704
0.01,0.09999999999999999,0.35677518085345283
0.01,0.09,0.35982097990030315
0.01,0.08,0.3628755364549935
0.01,0.07,0.3659383767444927
0.01,0.060000000000000005,0.3690090222692578
0.01,0.05,0.3720869901440971
0.01,0.04,0.3751717934448889
0.01,0.03,0.37826294156059664
0.01,0.02,0.38135994055001016
0.01,0.01,0.38446229350262795
0.01,0,0.38756950090309433
0,1.0000000000000007,0.1555580450961824
0,0.9900000000000007,0.15694031640324668
0,0.9800000000000006,0.15834064369617337
0,0.9700000000000006,0.15975919160094876
0,0.9600000000000006,0.16119612311797676
0,0.9500000000000006,0.16265159948053182
0,0.9400000000000006,0.1641257800097157
0,0.9300000000000006,0.16561882196596328
0,0.9200000000000006,0.167130880397143
0,0.9100000000000006,0.16866210798331252
0,0.9000000000000006,0.1702126548781941
0,0.8900000000000006,0.1717826685474449
0,0.8800000000000006,0.17337229360380726
0,0.8700000000000006,0.17498167163923087
0,0.8600000000000005,0.17661094105407105
0,0.8500000000000005,0.17826023688347534
0,0.8400000000000005,0.17992969062108227
0,0.8300000000000005,0.1816194300401637
0,0.8200000000000005,0.18332957901235686
0,0.8100000000000005,0.18506025732413897
0,0.8000000000000005,0.18681158049120972
0,0.7900000000000005,0.18858365957095807
0,0.7800000000000005,0.19037660097320117
0,0.7700000000000005,0.19219050626939185
0,0.7600000000000005,0.19402547200050588
0,0.7500000000000004,0.1958815894838284
0,0.7400000000000004,0.19775894461887172
0,0.7300000000000004,0.19965761769266682
0,0.7200000000000004,0.20157768318468147
0,0.7100000000000004,0.20351920957163172
0,0.7000000000000004,0.2054822591324581
0,0.6900000000000004,0.20746688775375582
0,0.6800000000000004,0.20947314473595144
0,0.6700000000000004,0.211501072600533
0,0.6600000000000004,0.21355070689864836
0,0.6500000000000004,0.2156220760213948
0,0.6400000000000003,0.21771520101213374
0,0.6300000000000003,0.21983009538116918
0,0.6200000000000003,0.2219667649231408
0,0.6100000000000003,0.22412520753748424
0,0.6000000000000003,0.22630541305232174
0,0.5900000000000003,0.2285073630521499
0,0.5800000000000003,0.23073103070969578
0,0.5700000000000003,0.23297638062231912
0,0.5600000000000003,0.23524336865333806
0,0.5500000000000003,0.23753194177866202
0,0.5400000000000003,0.23984203793911368
0,0.5300000000000002,0.24217358589882418
0,0.5200000000000002,0.2445265051100855
0,0.5100000000000002,0.24690070558504026
0,0.5000000000000002,0.24929608777458936
0,0.49000000000000027,0.2517125424548921
0,0.48000000000000026,0.25414995062182916
0,0.47000000000000025,0.2566081833937937
0,0.46000000000000024,0.25908710192316614
0,0.45000000000000023,0.2615865573168234
0,0.4400000000000002,0.26410639056602075
0,0.4300000000000002,0.2666464324859741
0,0.4200000000000002,0.2692065036654604
0,0.4100000000000002,0.27178641442673807
0,0.4000000000000002,0.2743859647960768
0,0.3900000000000002,0.2770049444851687
0,0.38000000000000017,0.2796431328836783
0,0.37000000000000016,0.28230029906316784
0,0.36000000000000015,0.284976201792618
0,0.35000000000000014,0.2876705895657424
0,0.34000000000000014,0.2903832006402732
0,0.3300000000000001,0.2931137630893739
0,0.3200000000000001,0.29586199486530984
0,0.3100000000000001,0.29862760387548676
0,0.3000000000000001,0.30141028807093784
0,0.2900000000000001,0.3042097355473197
0,0.2800000000000001,0.3070256246584457
0,0.2700000000000001,0.30985762414236284
0,0.26000000000000006,0.312705393259949
0,0.25000000000000006,0.315568581945978
0,0.24000000000000007,0.31844683097257453
0,0.23000000000000007,0.3213397721249528
0,0.22000000000000006,0.32424702838929825
0,0.21000000000000005,0.32716821415263353
0,0.20000000000000004,0.3301029354144701
0,0.19000000000000003,0.33305079001002663
0,0.18000000000000002,0.3360113678447644
0,0.17,0.3389842511399597
0,0.16,0.34196901468901186
0,0.15,0.34496522612415137
0,0.13999999999999999,0.3479724461931941
0,0.12999999999999998,0.35099022904595606
0,0.11999999999999998,0.35401812252992254
0,0.10999999999999999,0.3570556684947416
0,0.09999999999999999,0.3601024031050874
0,0.09,0.3631578571614207
0,0.08,0.3662215564281521
0,0.07,0.3692930219686949
0,0.060000000000000005,0.3723717704868791
0,0.05,0.37545731467417903
0,0.04,0.37854916356219775
0,0.03,0.38164682287983326
0,0.02,0.38474979541454446
0,0.01,0.3878575813771243
0,0,0.39096967876937994
