1.0000000000000007,1.0000000000000007,0.4683021758124352
1.0000000000000007,0.9900000000000007,0.4682932584796185
1.0000000000000007,0.9800000000000006,0.46828433888042037
1.0000000000000007,0.9700000000000006,0.468275417027393
1.0000000000000007,0.9600000000000006,0.46826649293310857
1.0000000000000007,0.9500000000000006,0.4682575666101586
1.0000000000000007,0.9400000000000006,0.4682486380711539
1.0000000000000007,0.9300000000000006,0.4682397073287248
1.0000000000000007,0.9200000000000006,0.46823077439552047
1.0000000000000007,0.9100000000000006,0.46822183928420985
1.0000000000000007,0.9000000000000006,0.4682129020074802
1.0000000000000007,0.8900000000000006,0.46820396257803826
1.0000000000000007,0.8800000000000006,0.46819502100860944
1.0000000000000007,0.8700000000000006,0.46818607731193757
1.0000000000000007,0.8600000000000005,0.46817713150078594
1.0000000000000007,0.8500000000000005,0.46816818358793566
1.0000000000000007,0.8400000000000005,0.4681592335861867
1.0000000000000007,0.8300000000000005,0.46815028150835736
1.0000000000000007,0.8200000000000005,0.4681413273672842
1.0000000000000007,0.8100000000000005,0.4681323711758219
1.0000000000000007,0.8000000000000005,0.4681234129468435
1.0000000000000007,0.7900000000000005,0.4681144526932399
1.0000000000000007,0.7800000000000005,0.46810549042791993
1.0000000000000007,0.7700000000000005,0.4680965261638101
1.0000000000000007,0.7600000000000005,0.4680875599138549
1.0000000000000007,0.7500000000000004,0.4680785916910164
1.0000000000000007,0.7400000000000004,0.46806962150827425
1.0000000000000007,0.7300000000000004,0.4680606493786252
1.0000000000000007,0.7200000000000004,0.4680516753150837
1.0000000000000007,0.7100000000000004,0.4680426993306814
1.0000000000000007,0.7000000000000004,0.46803372143846683
1.0000000000000007,0.6900000000000004,0.4680247416515059
1.0000000000000007,0.6800000000000004,0.4680157599828815
1.0000000000000007,0.6700000000000004,0.468006776445693
1.0000000000000007,0.6600000000000004,0.4679977910530566
1.0000000000000007,0.6500000000000004,0.4679888038181057
1.0000000000000007,0.6400000000000003,0.4679798147539893
1.0000000000000007,0.6300000000000003,0.4679708238738738
1.0000000000000007,0.6200000000000003,0.4679618311909412
1.0000000000000007,0.6100000000000003,0.4679528367183904
1.0000000000000007,0.6000000000000003,0.4679438404694358
1.0000000000000007,0.5900000000000003,0.4679348424573084
1.0000000000000007,0.5800000000000003,0.4679258426952547
1.0000000000000007,0.5700000000000003,0.46791684119653737
1.0000000000000007,0.5600000000000003,0.4679078379744345
1.0000000000000007,0.5500000000000003,0.46789883304224017
1.0000000000000007,0.5400000000000003,0.46788982641326354
1.0000000000000007,0.5300000000000002,0.4678808181008299
1.0000000000000007,0.5200000000000002,0.4678718081182789
1.0000000000000007,0.5100000000000002,0.4678627964789662
1.0000000000000007,0.5000000000000002,0.46785378319626214
1.0000000000000007,0.49000000000000027,0.46784476828355237
1.0000000000000007,0.48000000000000026,0.46783575175423703
1.0000000000000007,0.47000000000000025,0.4678267336217316
1.0000000000000007,0.46000000000000024,0.4678177138994656
1.0000000000000007,0.45000000000000023,0.4678086926008836
1.0000000000000007,0.4400000000000002,0.4677996697394444
1.0000000000000007,0.4300000000000002,0.4677906453286214
1.0000000000000007,0.4200000000000002,0.4677816193819018
1.0000000000000007,0.4100000000000002,0.46777259191278764
1.0000000000000007,0.4000000000000002,0.4677635629347944
1.0000000000000007,0.3900000000000002,0.4677545324614516
1.0000000000000007,0.38000000000000017,0.46774550050630276
1.0000000000000007,0.37000000000000016,0.467736467082905
1.0000000000000007,0.36000000000000015,0.46772743220482904
1.0000000000000007,0.35000000000000014,0.4677183958856592
1.0000000000000007,0.34000000000000014,0.46770935813899284
1.0000000000000007,0.3300000000000001,0.46770031897844105
1.0000000000000007,0.3200000000000001,0.4676912784176277
1.0000000000000007,0.3100000000000001,0.4676822364701898
1.0000000000000007,0.3000000000000001,0.4676731931497776
1.0000000000000007,0.2900000000000001,0.4676641484700536
1.0000000000000007,0.2800000000000001,0.46765510244469366
1.0000000000000007,0.2700000000000001,0.46764605508738566
1.0000000000000007,0.26000000000000006,0.46763700641183026
1.0000000000000007,0.25000000000000006,0.4676279564317404
1.0000000000000007,0.24000000000000007,0.46761890516084137
1.0000000000000007,0.23000000000000007,0.4676098526128704
1.0000000000000007,0.22000000000000006,0.46760079880157723
1.0000000000000007,0.21000000000000005,0.4675917437407228
1.0000000000000007,0.20000000000000004,0.4675826874440804
1.0000000000000007,0.19000000000000003,0.46757362992543483
1.0000000000000007,0.18000000000000002,0.4675645711985825
1.0000000000000007,0.17,0.46755551127733114
1.0000000000000007,0.16,0.46754645017549995
1.0000000000000007,0.15,0.46753738790691945
1.0000000000000007,0.13999999999999999,0.4675283244854309
1.0000000000000007,0.12999999999999998,0.46751925992488697
1.0000000000000007,0.11999999999999998,0.46751019423915113
1.0000000000000007,0.10999999999999999,0.4675011274420972
1.0000000000000007,0.09999999999999999,0.46749205954761025
1.0000000000000007,0.09,0.46748299056958537
1.0000000000000007,0.08,0.4674739205219284
1.0000000000000007,0.07,0.4674648494185552
1.0000000000000007,0.060000000000000005,0.46745577727339205
1.0000000000000007,0.05,0.46744670410037514
1.0000000000000007,0.04,0.46743762991345056
1.0000000000000007,0.03,0.46742855472657424
1.0000000000000007,0.02,0.46741947855371196
1.0000000000000007,0.01,0.4674104014088389
1.0000000000000007,0,0.46740132330593975
0.9900000000000007,1.0000000000000007,0.4683085089739181
0.9900000000000007,0.9900000000000007,0.4682995918028965
0.9900000000000007,0.9800000000000006,0.46829067236393856
0.9900000000000007,0.9700000000000006,0.46828175066960004
0.9900000000000007,0.9600000000000006,0.4682728267324559
0.9900000000000007,0.9500000000000006,0.4682639005651008
0.9900000000000007,0.9400000000000006,0.4682549721801485
0.9900000000000007,0.9300000000000006,0.4682460415902324
0.9900000000000007,0.9200000000000006,0.46823710880800495
0.9900000000000007,0.9100000000000006,0.4682281738461377
0.9900000000000007,0.9000000000000006,0.4682192367173212
0.9900000000000007,0.8900000000000006,0.468210297434265
0.9900000000000007,0.8800000000000006,0.46820135600969753
0.9900000000000007,0.8700000000000006,0.46819241245636567
0.9900000000000007,0.8600000000000005,0.46818346678703565
0.9900000000000007,0.8500000000000005,0.46817451901449136
0.9900000000000007,0.8400000000000005,0.46816556915153607
0.9900000000000007,0.8300000000000005,0.4681566172109906
0.9900000000000007,0.8200000000000005,0.4681476632056947
0.9900000000000007,0.8100000000000005,0.468138707148506
0.9900000000000007,0.8000000000000005,0.46812974905230026
0.9900000000000007,0.7900000000000005,0.4681207889299713
0.9900000000000007,0.7800000000000005,0.4681118267944309
0.9900000000000007,0.7700000000000005,0.46810286265860857
0.9900000000000007,0.7600000000000005,0.4680938965354514
0.9900000000000007,0.7500000000000004,0.46808492843792443
0.9900000000000007,0.7400000000000004,0.46807595837901
0.9900000000000007,0.7300000000000004,0.4680669863717079
0.9900000000000007,0.7200000000000004,0.46805801242903533
0.9900000000000007,0.7100000000000004,0.4680490365640265
0.9900000000000007,0.7000000000000004,0.46804005878973326
0.9900000000000007,0.6900000000000004,0.46803107911922387
0.9900000000000007,0.6800000000000004,0.4680220975655841
0.9900000000000007,0.6700000000000004,0.46801311414191593
0.9900000000000007,0.6600000000000004,0.46800412886133874
0.9900000000000007,0.6500000000000004,0.4679951417369881
0.9900000000000007,0.6400000000000003,0.4679861527820163
0.9900000000000007,0.6300000000000003,0.46797716200959183
0.9900000000000007,0.6200000000000003,0.46796816943290004
0.9900000000000007,0.6100000000000003,0.4679591750651419
0.9900000000000007,0.6000000000000003,0.467950178919535
0.9900000000000007,0.5900000000000003,0.46794118100931265
0.9900000000000007,0.5800000000000003,0.4679321813477241
0.9900000000000007,0.5700000000000003,0.4679231799480346
0.9900000000000007,0.5600000000000003,0.4679141768235251
0.9900000000000007,0.5500000000000003,0.46790517198749193
0.9900000000000007,0.5400000000000003,0.46789616545324736
0.9900000000000007,0.5300000000000002,0.46788715723411856
0.9900000000000007,0.5200000000000002,0.46787814734344835
0.9900000000000007,0.5100000000000002,0.46786913579459466
0.9900000000000007,0.5000000000000002,0.4678601226009306
0.9900000000000007,0.49000000000000027,0.467851107775844
0.9900000000000007,0.48000000000000026,0.46784209133273785
0.9900000000000007,0.47000000000000025,0.4678330732850298
0.9900000000000007,0.46000000000000024,0.46782405364615215
0.9900000000000007,0.45000000000000023,0.467815032429552
0.9900000000000007,0.4400000000000002,0.4678060096486903
0.9900000000000007,0.4300000000000002,0.46779698531704317
0.9900000000000007,0.4200000000000002,0.4677879594481002
0.9900000000000007,0.4100000000000002,0.46777893205536575
0.9900000000000007,0.4000000000000002,0.46776990315235767
0.9900000000000007,0.3900000000000002,0.46776087275260814
0.9900000000000007,0.38000000000000017,0.46775184086966276
0.9900000000000007,0.37000000000000016,0.46774280751708114
0.9900000000000007,0.36000000000000015,0.4677337727084365
0.9900000000000007,0.35000000000000014,0.46772473645731516
0.9900000000000007,0.34000000000000014,0.46771569877731717
0.9900000000000007,0.3300000000000001,0.4677066596820556
0.9900000000000007,0.3200000000000001,0.467697619185157
0.9900000000000007,0.3100000000000001,0.4676885773002603
0.9900000000000007,0.3000000000000001,0.4676795340410181
0.9900000000000007,0.2900000000000001,0.46767048942109546
0.9900000000000007,0.2800000000000001,0.46766144345417
0.9900000000000007,0.2700000000000001,0.4676523961539321
0.9900000000000007,0.26000000000000006,0.46764334753408454
0.9900000000000007,0.25000000000000006,0.46763429760834246
0.9900000000000007,0.24000000000000007,0.46762524639043346
0.9900000000000007,0.23000000000000007,0.46761619389409687
0.9900000000000007,0.22000000000000006,0.46760714013308435
0.9900000000000007,0.21000000000000005,0.46759808512115913
0.9900000000000007,0.20000000000000004,0.4675890288720969
0.9900000000000007,0.19000000000000003,0.46757997139968416
0.9900000000000007,0.18000000000000002,0.46757091271771944
0.9900000000000007,0.17,0.4675618528400128
0.9900000000000007,0.16,0.4675527917803853
0.9900000000000007,0.15,0.46754372955266954
0.9900000000000007,0.13999999999999999,0.4675346661707088
0.9900000000000007,0.12999999999999998,0.4675256016483578
0.9900000000000007,0.11999999999999998,0.4675165359994818
0.9900000000000007,0.10999999999999999,0.467507469237957
0.9900000000000007,0.09999999999999999,0.4674984013776699
0.9900000000000007,0.09,0.46748933243251806
0.9900000000000007,0.08,0.4674802624164089
0.9900000000000007,0.07,0.46747119134326026
0.9900000000000007,0.060000000000000005,0.4674621192270004
0.9900000000000007,0.05,0.4674530460815673
0.9900000000000007,0.04,0.46744397192090903
0.9900000000000007,0.03,0.46743489675898325
0.9900000000000007,0.02,0.4674258206097576
0.9900000000000007,0.01,0.46741674348720913
0.9900000000000007,0,0.46740766540532425
0.9800000000000006,1.0000000000000007,0.4683148420541376
0.9800000000000006,0.9900000000000007,0.46830592504813834
0.9800000000000006,0.9800000000000006,0.4682970057726508
0.9800000000000006,0.9700000000000006,0.46828808424023366
0.9800000000000006,0.9600000000000006,0.46827916046346496
0.9800000000000006,0.9500000000000006,0.4682702344549425
0.9800000000000006,0.9400000000000006,0.46826130622728296
0.9800000000000006,0.9300000000000006,0.4682523757931228
0.9800000000000006,0.9200000000000006,0.4682434431651174
0.9800000000000006,0.9100000000000006,0.4682345083559412
0.9800000000000006,0.9000000000000006,0.46822557137828813
0.9800000000000006,0.8900000000000006,0.4682166322448704
0.9800000000000006,0.8800000000000006,0.46820769096841963
0.9800000000000006,0.8700000000000006,0.46819874756168556
0.9800000000000006,0.8600000000000005,0.46818980203743704
0.9800000000000006,0.8500000000000005,0.46818085440846136
0.9800000000000006,0.8400000000000005,0.46817190468756453
0.9800000000000006,0.8300000000000005,0.4681629528875703
0.9800000000000006,0.8200000000000005,0.4681539990213214
0.9800000000000006,0.8100000000000005,0.4681450431016782
0.9800000000000006,0.8000000000000005,0.4681360851415195
0.9800000000000006,0.7900000000000005,0.4681271251537419
0.9800000000000006,0.7800000000000005,0.46811816315126
0.9800000000000006,0.7700000000000005,0.4681091991470062
0.9800000000000006,0.7600000000000005,0.4681002331539305
0.9800000000000006,0.7500000000000004,0.46809126518500094
0.9800000000000006,0.7400000000000004,0.4680822952532023
0.9800000000000006,0.7300000000000004,0.4680733233715374
0.9800000000000006,0.7200000000000004,0.46806434955302617
0.9800000000000006,0.7100000000000004,0.4680553738107058
0.9800000000000006,0.7000000000000004,0.4680463961576306
0.9800000000000006,0.6900000000000004,0.46803741660687176
0.9800000000000006,0.6800000000000004,0.4680284351715177
0.9800000000000006,0.6700000000000004,0.4680194518646735
0.9800000000000006,0.6600000000000004,0.4680104666994607
0.9800000000000006,0.6500000000000004,0.4680014796890181
0.9800000000000006,0.6400000000000003,0.4679924908465003
0.9800000000000006,0.6300000000000003,0.46798350018507895
0.9800000000000006,0.6200000000000003,0.4679745077179415
0.9800000000000006,0.6100000000000003,0.46796551345829224
0.9800000000000006,0.6000000000000003,0.4679565174193506
0.9800000000000006,0.5900000000000003,0.4679475196143534
0.9800000000000006,0.5800000000000003,0.467938520056552
0.9800000000000006,0.5700000000000003,0.46792951875921424
0.9800000000000006,0.5600000000000003,0.467920515735624
0.9800000000000006,0.5500000000000003,0.46791151099907996
0.9800000000000006,0.5400000000000003,0.467902504562897
0.9800000000000006,0.5300000000000002,0.4678934964404049
0.9800000000000006,0.5200000000000002,0.4678844866449492
0.9800000000000006,0.5100000000000002,0.4678754751898901
0.9800000000000006,0.5000000000000002,0.46786646208860333
0.9800000000000006,0.49000000000000027,0.4678574473544793
0.9800000000000006,0.48000000000000026,0.4678484310009235
0.9800000000000006,0.47000000000000025,0.4678394130413559
0.9800000000000006,0.46000000000000024,0.4678303934892114
0.9800000000000006,0.45000000000000023,0.4678213723579395
0.9800000000000006,0.4400000000000002,0.46781234966100393
0.9800000000000006,0.4300000000000002,0.46780332541188274
0.9800000000000006,0.4200000000000002,0.46779429962406827
0.9800000000000006,0.4100000000000002,0.4677852723110671
0.9800000000000006,0.4000000000000002,0.4677762434863997
0.9800000000000006,0.3900000000000002,0.46776721316360026
0.9800000000000006,0.38000000000000017,0.4677581813562172
0.9800000000000006,0.37000000000000016,0.46774914807781237
0.9800000000000006,0.36000000000000015,0.4677401133419609
0.9800000000000006,0.35000000000000014,0.46773107716225204
0.9800000000000006,0.34000000000000014,0.46772203955228764
0.9800000000000006,0.3300000000000001,0.4677130005256835
0.9800000000000006,0.3200000000000001,0.46770396009606796
0.9800000000000006,0.3100000000000001,0.46769491827708276
0.9800000000000006,0.3000000000000001,0.46768587508238235
0.9800000000000006,0.2900000000000001,0.4676768305256342
0.9800000000000006,0.2800000000000001,0.46766778462051795
0.9800000000000006,0.2700000000000001,0.46765873738072644
0.9800000000000006,0.26000000000000006,0.46764968881996455
0.9800000000000006,0.25000000000000006,0.4676406389519497
0.9800000000000006,0.24000000000000007,0.4676315877904113
0.9800000000000006,0.23000000000000007,0.4676225353490912
0.9800000000000006,0.22000000000000006,0.46761348164174305
0.9800000000000006,0.21000000000000005,0.4676044266821323
0.9800000000000006,0.20000000000000004,0.4675953704840364
0.9800000000000006,0.19000000000000003,0.4675863130612443
0.9800000000000006,0.18000000000000002,0.46757725442755654
0.9800000000000006,0.17,0.46756819459678506
0.9800000000000006,0.16,0.4675591335827531
0.9800000000000006,0.15,0.46755007139929516
0.9800000000000006,0.13999999999999999,0.4675410080602567
0.9800000000000006,0.12999999999999998,0.46753194357949435
0.9800000000000006,0.11999999999999998,0.4675228779708754
0.9800000000000006,0.10999999999999999,0.4675138112482777
0.9800000000000006,0.09999999999999999,0.4675047434255903
0.9800000000000006,0.09,0.467495674516712
0.9800000000000006,0.08,0.46748660453555263
0.9800000000000006,0.07,0.46747753349603177
0.9800000000000006,0.060000000000000005,0.4674684614120794
0.9800000000000006,0.05,0.46745938829763556
0.9800000000000006,0.04,0.46745031416665017
0.9800000000000006,0.03,0.4674412390330826
0.9800000000000006,0.02,0.46743216291090245
0.9800000000000006,0.01,0.4674230858140883
0.9800000000000006,0,0.4674140077566286
0.9700000000000006,1.0000000000000007,0.46832117504859405
0.9700000000000006,0.9900000000000007,0.46831225821084366
0.9700000000000006,0.9800000000000006,0.46830333910205557
0.9700000000000006,0.9700000000000006,0.4682944177347915
0.9700000000000006,0.9600000000000006,0.4682854941216327
0.9700000000000006,0.9500000000000006,0.4682765682751795
0.9700000000000006,0.9400000000000006,0.4682676402080521
0.9700000000000006,0.9300000000000006,0.46825870993288987
0.9700000000000006,0.9200000000000006,0.46824977746235097
0.9700000000000006,0.9100000000000006,0.46824084280911304
0.9700000000000006,0.9000000000000006,0.4682319059858727
0.9700000000000006,0.8900000000000006,0.4682229670053455
0.9700000000000006,0.8800000000000006,0.4682140258802655
0.9700000000000006,0.8700000000000006,0.46820508262338584
0.9700000000000006,0.8600000000000005,0.4681961372474782
0.9700000000000006,0.8500000000000005,0.4681871897653329
0.9700000000000006,0.8400000000000005,0.4681782401897585
0.9700000000000006,0.8300000000000005,0.468169288533582
0.9700000000000006,0.8200000000000005,0.4681603348096488
0.9700000000000006,0.8100000000000005,0.4681513790308222
0.9700000000000006,0.8000000000000005,0.468142421209984
0.9700000000000006,0.7900000000000005,0.4681334613600336
0.9700000000000006,0.7800000000000005,0.46812449949388846
0.9700000000000006,0.7700000000000005,0.46811553562448377
0.9700000000000006,0.7600000000000005,0.46810656976477233
0.9700000000000006,0.7500000000000004,0.46809760192772487
0.9700000000000006,0.7400000000000004,0.46808863212632934
0.9700000000000006,0.7300000000000004,0.46807966037359117
0.9700000000000006,0.7200000000000004,0.4680706866825331
0.9700000000000006,0.7100000000000004,0.46806171106619493
0.9700000000000006,0.7000000000000004,0.46805273353763394
0.9700000000000006,0.6900000000000004,0.468043754109924
0.9700000000000006,0.6800000000000004,0.46803477279615624
0.9700000000000006,0.6700000000000004,0.4680257896094385
0.9700000000000006,0.6600000000000004,0.4680168045628951
0.9700000000000006,0.6500000000000004,0.46800781766966726
0.9700000000000006,0.6400000000000003,0.46799882894291256
0.9700000000000006,0.6300000000000003,0.4679898383958051
0.9700000000000006,0.6200000000000003,0.4679808460415354
0.9700000000000006,0.6100000000000003,0.4679718518933098
0.9700000000000006,0.6000000000000003,0.467962855964351
0.9700000000000006,0.5900000000000003,0.467953858267898
0.9700000000000006,0.5800000000000003,0.4679448588172049
0.9700000000000006,0.5700000000000003,0.46793585762554235
0.9700000000000006,0.5600000000000003,0.4679268547061965
0.9700000000000006,0.5500000000000003,0.46791785007246883
0.9700000000000006,0.5400000000000003,0.46790884373767666
0.9700000000000006,0.5300000000000002,0.4678998357151525
0.9700000000000006,0.5200000000000002,0.4678908260182441
0.9700000000000006,0.5100000000000002,0.4678818146603146
0.9700000000000006,0.5000000000000002,0.4678728016547418
0.9700000000000006,0.49000000000000027,0.46786378701491893
0.9700000000000006,0.48000000000000026,0.46785477075425386
0.9700000000000006,0.47000000000000025,0.46784575288616914
0.9700000000000006,0.46000000000000024,0.46783673342410215
0.9700000000000006,0.45000000000000023,0.46782771238150456
0.9700000000000006,0.4400000000000002,0.4678186897718426
0.9700000000000006,0.4300000000000002,0.46780966560859705
0.9700000000000006,0.4200000000000002,0.4678006399052623
0.9700000000000006,0.4100000000000002,0.4677916126753476
0.9700000000000006,0.4000000000000002,0.46778258393237543
0.9700000000000006,0.3900000000000002,0.46777355368988294
0.9700000000000006,0.38000000000000017,0.4677645219614204
0.9700000000000006,0.37000000000000016,0.46775548876055184
0.9700000000000006,0.36000000000000015,0.4677464541008554
0.9700000000000006,0.35000000000000014,0.467737417995922
0.9700000000000006,0.34000000000000014,0.46772838045935616
0.9700000000000006,0.3300000000000001,0.4677193415047757
0.9700000000000006,0.3200000000000001,0.46771030114581136
0.9700000000000006,0.3100000000000001,0.4677012593961072
0.9700000000000006,0.3000000000000001,0.4676922162693198
0.9700000000000006,0.2900000000000001,0.4676831717791187
0.9700000000000006,0.2800000000000001,0.46767412593918606
0.9700000000000006,0.2700000000000001,0.46766507876321667
0.9700000000000006,0.26000000000000006,0.4676560302649178
0.9700000000000006,0.25000000000000006,0.4676469804580089
0.9700000000000006,0.24000000000000007,0.4676379293562215
0.9700000000000006,0.23000000000000007,0.46762887697329947
0.9700000000000006,0.22000000000000006,0.4676198233229989
0.9700000000000006,0.21000000000000005,0.46761076841908705
0.9700000000000006,0.20000000000000004,0.46760171227534353
0.9700000000000006,0.19000000000000003,0.4675926549055594
0.9700000000000006,0.18000000000000002,0.4675835963235372
0.9700000000000006,0.17,0.467574536543091
0.9700000000000006,0.16,0.467565475578046
0.9700000000000006,0.15,0.46755641344223864
0.9700000000000006,0.13999999999999999,0.4675473501495166
0.9700000000000006,0.12999999999999998,0.4675382857137381
0.9700000000000006,0.11999999999999998,0.46752922014877263
0.9700000000000006,0.10999999999999999,0.4675201534685001
0.9700000000000006,0.09999999999999999,0.4675110856868112
0.9700000000000006,0.09,0.4675020168176069
0.9700000000000006,0.08,0.46749294687479875
0.9700000000000006,0.07,0.46748387587230833
0.9700000000000006,0.060000000000000005,0.4674748038240674
0.9700000000000006,0.05,0.46746573074401787
0.9700000000000006,0.04,0.4674566566461114
0.9700000000000006,0.03,0.4674475815443093
0.9700000000000006,0.02,0.4674385054525829
0.9700000000000006,0.01,0.4674294283849126
0.9700000000000006,0,0.46742035035528867
0.9600000000000006,1.0000000000000007,0.46832750795278666
0.9600000000000006,0.9900000000000007,0.4683185912865108
0.9600000000000006,0.9800000000000006,0.46830967234765036
0.9600000000000006,0.9700000000000006,0.4683007511487703
0.9600000000000006,0.9600000000000006,0.46829182770245453
0.9600000000000006,0.9500000000000006,0.4682829020213069
0.9600000000000006,0.9400000000000006,0.4682739741179502
0.9600000000000006,0.9300000000000006,0.46826504400502655
0.9600000000000006,0.9200000000000006,0.4682561116951978
0.9600000000000006,0.9100000000000006,0.46824717720114417
0.9600000000000006,0.9000000000000006,0.4682382405355652
0.9600000000000006,0.8900000000000006,0.4682293017111793
0.9600000000000006,0.8800000000000006,0.4682203607407238
0.9600000000000006,0.8700000000000006,0.4682114176369547
0.9600000000000006,0.8600000000000005,0.46820247241264634
0.9600000000000006,0.8500000000000005,0.4681935250805921
0.9600000000000006,0.8400000000000005,0.46818457565360333
0.9600000000000006,0.8300000000000005,0.4681756241445101
0.9600000000000006,0.8200000000000005,0.4681666705661605
0.9600000000000006,0.8100000000000005,0.4681577149314211
0.9600000000000006,0.8000000000000005,0.468148757253176
0.9600000000000006,0.7900000000000005,0.46813979754432783
0.9600000000000006,0.7800000000000005,0.4681308358177967
0.9600000000000006,0.7700000000000005,0.4681218720865207
0.9600000000000006,0.7600000000000005,0.46811290636345554
0.9600000000000006,0.7500000000000004,0.4681039386615745
0.9600000000000006,0.7400000000000004,0.4680949689938686
0.9600000000000006,0.7300000000000004,0.4680859973733458
0.9600000000000006,0.7200000000000004,0.46807702381303173
0.9600000000000006,0.7100000000000004,0.46806804832596904
0.9600000000000006,0.7000000000000004,0.46805907092521754
0.9600000000000006,0.6900000000000004,0.4680500916238541
0.9600000000000006,0.6800000000000004,0.46804111043497226
0.9600000000000006,0.6700000000000004,0.4680321273716828
0.9600000000000006,0.6600000000000004,0.46802314244711263
0.9600000000000006,0.6500000000000004,0.4680141556744058
0.9600000000000006,0.6400000000000003,0.46800516706672235
0.9600000000000006,0.6300000000000003,0.46799617663723936
0.9600000000000006,0.6200000000000003,0.4679871843991496
0.9600000000000006,0.6100000000000003,0.46797819036566235
0.9600000000000006,0.6000000000000003,0.4679691945500029
0.9600000000000006,0.5900000000000003,0.4679601969654125
0.9600000000000006,0.5800000000000003,0.46795119762514836
0.9600000000000006,0.5700000000000003,0.46794219654248354
0.9600000000000006,0.5600000000000003,0.4679331937307067
0.9600000000000006,0.5500000000000003,0.46792418920312195
0.9600000000000006,0.5400000000000003,0.46791518297304896
0.9600000000000006,0.5300000000000002,0.4679061750538231
0.9600000000000006,0.5200000000000002,0.46789716545879445
0.9600000000000006,0.5100000000000002,0.46788815420132857
0.9600000000000006,0.5000000000000002,0.467879141294806
0.9600000000000006,0.49000000000000027,0.46787012675262246
0.9600000000000006,0.48000000000000026,0.467861110588188
0.9600000000000006,0.47000000000000025,0.4678520928149278
0.9600000000000006,0.46000000000000024,0.4678430734462816
0.9600000000000006,0.45000000000000023,0.4678340524957038
0.9600000000000006,0.4400000000000002,0.46782502997666275
0.9600000000000006,0.4300000000000002,0.46781600590264166
0.9600000000000006,0.4200000000000002,0.4678069802871374
0.9600000000000006,0.4100000000000002,0.46779795314366157
0.9600000000000006,0.4000000000000002,0.46778892448573917
0.9600000000000006,0.3900000000000002,0.4677798943269092
0.9600000000000006,0.38000000000000017,0.46777086268072454
0.9600000000000006,0.37000000000000016,0.467761829560752
0.9600000000000006,0.36000000000000015,0.4677527949805713
0.9600000000000006,0.35000000000000014,0.46774375895377607
0.9600000000000006,0.34000000000000014,0.46773472149397294
0.9600000000000006,0.3300000000000001,0.46772568261478203
0.9600000000000006,0.3200000000000001,0.4677166423298365
0.9600000000000006,0.3100000000000001,0.4677076006527823
0.9600000000000006,0.3000000000000001,0.4676985575972785
0.9600000000000006,0.2900000000000001,0.46768951317699675
0.9600000000000006,0.2800000000000001,0.46768046740562147
0.9600000000000006,0.2700000000000001,0.4676714202968496
0.9600000000000006,0.26000000000000006,0.46766237186439036
0.9600000000000006,0.25000000000000006,0.4676533221219656
0.9600000000000006,0.24000000000000007,0.46764427108330886
0.9600000000000006,0.23000000000000007,0.46763521876216635
0.9600000000000006,0.22000000000000006,0.4676261651722956
0.9600000000000006,0.21000000000000005,0.46761711032746694
0.9600000000000006,0.20000000000000004,0.4676080542414612
0.9600000000000006,0.19000000000000003,0.46759899692807194
0.9600000000000006,0.18000000000000002,0.4675899384011036
0.9600000000000006,0.17,0.4675808786743723
0.9600000000000006,0.16,0.4675718177617052
0.9600000000000006,0.15,0.46756275567694067
0.9600000000000006,0.13999999999999999,0.46755369243392847
0.9600000000000006,0.12999999999999998,0.4675446280465288
0.9600000000000006,0.11999999999999998,0.46753556252861306
0.9600000000000006,0.10999999999999999,0.46752649589406303
0.9600000000000006,0.09999999999999999,0.46751742815677133
0.9600000000000006,0.09,0.4675083593306409
0.9600000000000006,0.08,0.467499289429585
0.9600000000000006,0.07,0.4674902184675272
0.9600000000000006,0.060000000000000005,0.4674811464584011
0.9600000000000006,0.05,0.4674720734161505
0.9600000000000006,0.04,0.4674629993547288
0.9600000000000006,0.03,0.46745392428809907
0.9600000000000006,0.02,0.46744484823023447
0.9600000000000006,0.01,0.46743577119511703
0.9600000000000006,0,0.4674266931967389
0.9500000000000006,1.0000000000000007,0.4683338407622141
0.9500000000000006,0.9900000000000007,0.46832492427063743
0.9500000000000006,0.9800000000000006,0.468316005504932
0.9500000000000006,0.9700000000000006,0.4683070844776656
0.9500000000000006,0.9600000000000006,0.4682981612014256
0.9500000000000006,0.9500000000000006,0.46828923568881825
0.9500000000000006,0.9400000000000006,0.46828030795246967
0.9500000000000006,0.9300000000000006,0.46827137800502516
0.9500000000000006,0.9200000000000006,0.4682624458591491
0.9500000000000006,0.9100000000000006,0.46825351152752487
0.9500000000000006,0.9000000000000006,0.4682445750228549
0.9500000000000006,0.8900000000000006,0.4682356363578607
0.9500000000000006,0.8800000000000006,0.46822669554528223
0.9500000000000006,0.8700000000000006,0.46821775259787857
0.9500000000000006,0.8600000000000005,0.46820880752842703
0.9500000000000006,0.8500000000000005,0.4681998603497238
0.9500000000000006,0.8400000000000005,0.46819091107458316
0.9500000000000006,0.8300000000000005,0.4681819597158379
0.9500000000000006,0.8200000000000005,0.4681730062863393
0.9500000000000006,0.8100000000000005,0.46816405079895634
0.9500000000000006,0.8000000000000005,0.4681550932665764
0.9500000000000006,0.7900000000000005,0.46814613370210456
0.9500000000000006,0.7800000000000005,0.468137172118464
0.9500000000000006,0.7700000000000005,0.4681282085285955
0.9500000000000006,0.7600000000000005,0.46811924294545776
0.9500000000000006,0.7500000000000004,0.46811027538202676
0.9500000000000006,0.7400000000000004,0.46810130585129606
0.9500000000000006,0.7300000000000004,0.46809233436627656
0.9500000000000006,0.7200000000000004,0.4680833609399966
0.9500000000000006,0.7100000000000004,0.46807438558550174
0.9500000000000006,0.7000000000000004,0.46806540831585436
0.9500000000000006,0.6900000000000004,0.46805642914413415
0.9500000000000006,0.6800000000000004,0.4680474480834374
0.9500000000000006,0.6700000000000004,0.4680384651468772
0.9500000000000006,0.6600000000000004,0.46802948034758357
0.9500000000000006,0.6500000000000004,0.4680204936987031
0.9500000000000006,0.6400000000000003,0.46801150521339857
0.9500000000000006,0.6300000000000003,0.46800251490484934
0.9500000000000006,0.6200000000000003,0.4679935227862513
0.9500000000000006,0.6100000000000003,0.4679845288708161
0.9500000000000006,0.6000000000000003,0.46797553317177176
0.9500000000000006,0.5900000000000003,0.4679665357023619
0.9500000000000006,0.5800000000000003,0.46795753647584665
0.9500000000000006,0.5700000000000003,0.4679485355055015
0.9500000000000006,0.5600000000000003,0.46793953280461736
0.9500000000000006,0.5500000000000003,0.4679305283865013
0.9500000000000006,0.5400000000000003,0.4679215222644755
0.9500000000000006,0.5300000000000002,0.46791251445187754
0.9500000000000006,0.5200000000000002,0.4679035049620603
0.9500000000000006,0.5100000000000002,0.4678944938083917
0.9500000000000006,0.5000000000000002,0.4678854810042549
0.9500000000000006,0.49000000000000027,0.4678764665630479
0.9500000000000006,0.48000000000000026,0.4678674504981833
0.9500000000000006,0.47000000000000025,0.46785843282308875
0.9500000000000006,0.46000000000000024,0.4678494135512065
0.9500000000000006,0.45000000000000023,0.467840392695993
0.9500000000000006,0.4400000000000002,0.4678313702709194
0.9500000000000006,0.4300000000000002,0.46782234628947106
0.9500000000000006,0.4200000000000002,0.46781332076514753
0.9500000000000006,0.4100000000000002,0.46780429371146226
0.9500000000000006,0.4000000000000002,0.467795265141943
0.9500000000000006,0.3900000000000002,0.46778623507013095
0.9500000000000006,0.38000000000000017,0.4677772035095815
0.9500000000000006,0.37000000000000016,0.4677681704738634
0.9500000000000006,0.36000000000000015,0.46775913597655877
0.9500000000000006,0.35000000000000014,0.4677501000312637
0.9500000000000006,0.34000000000000014,0.46774106265158705
0.9500000000000006,0.3300000000000001,0.46773202385115115
0.9500000000000006,0.3200000000000001,0.4677229836435913
0.9500000000000006,0.3100000000000001,0.46771394204255556
0.9500000000000006,0.3000000000000001,0.4677048990617054
0.9500000000000006,0.2900000000000001,0.4676958547147148
0.9500000000000006,0.2800000000000001,0.46768680901527004
0.9500000000000006,0.2700000000000001,0.4676777619770703
0.9500000000000006,0.26000000000000006,0.46766871361382706
0.9500000000000006,0.25000000000000006,0.4676596639392641
0.9500000000000006,0.24000000000000007,0.4676506129671173
0.9500000000000006,0.23000000000000007,0.4676415607111347
0.9500000000000006,0.22000000000000006,0.4676325071850764
0.9500000000000006,0.21000000000000005,0.467623452402714
0.9500000000000006,0.20000000000000004,0.4676143963778313
0.9500000000000006,0.19000000000000003,0.4676053391242232
0.9500000000000006,0.18000000000000002,0.46759628065569653
0.9500000000000006,0.17,0.4675872209860691
0.9500000000000006,0.16,0.4675781601291703
0.9500000000000006,0.15,0.46756909809884056
0.9500000000000006,0.13999999999999999,0.4675600349089312
0.9500000000000006,0.12999999999999998,0.46755097057330475
0.9500000000000006,0.11999999999999998,0.46754190510583443
0.9500000000000006,0.10999999999999999,0.46753283852040384
0.9500000000000006,0.09999999999999999,0.4675237708309075
0.9500000000000006,0.09,0.46751470205125045
0.9500000000000006,0.08,0.46750563219534746
0.9500000000000006,0.07,0.46749656127712425
0.9500000000000006,0.060000000000000005,0.46748748931051604
0.9500000000000006,0.05,0.46747841630946857
0.9500000000000006,0.04,0.4674693422879368
0.9500000000000006,0.03,0.467460267259886
0.9500000000000006,0.02,0.46745119123929063
0.9500000000000006,0.01,0.467442114240135
0.9500000000000006,0,0.4674330362764124
0.9400000000000006,1.0000000000000007,0.46834017347237356
0.9400000000000006,0.9900000000000007,0.4683312571587197
0.9400000000000006,0.9800000000000006,0.4683223385693957
0.9400000000000006,0.9700000000000006,0.4683134177169721
0.9400000000000006,0.9600000000000006,0.46830449461403917
0.9400000000000006,0.9500000000000006,0.46829556927320637
0.9400000000000006,0.9400000000000006,0.46828664170710277
0.9400000000000006,0.9300000000000006,0.4682777119283765
0.9400000000000006,0.9200000000000006,0.46826877994969496
0.9400000000000006,0.9100000000000006,0.4682598457837444
0.9400000000000006,0.9000000000000006,0.46825090944323033
0.9400000000000006,0.8900000000000006,0.46824197094087694
0.9400000000000006,0.8800000000000006,0.46823303028942737
0.9400000000000006,0.8700000000000006,0.46822408750164346
0.9400000000000006,0.8600000000000005,0.4682151425903054
0.9400000000000006,0.8500000000000005,0.46820619556821214
0.9400000000000006,0.8400000000000005,0.4681972464481812
0.9400000000000006,0.8300000000000005,0.46818829524304795
0.9400000000000006,0.8200000000000005,0.4681793419656665
0.9400000000000006,0.8100000000000005,0.4681703866289088
0.9400000000000006,0.8000000000000005,0.4681614292456649
0.9400000000000006,0.7900000000000005,0.46815246982884284
0.9400000000000006,0.7800000000000005,0.46814350839136865
0.9400000000000006,0.7700000000000005,0.4681345449461858
0.9400000000000006,0.7600000000000005,0.4681255795062556
0.9400000000000006,0.7500000000000004,0.46811661208455707
0.9400000000000006,0.7400000000000004,0.4681076426940865
0.9400000000000006,0.7300000000000004,0.46809867134785754
0.9400000000000006,0.7200000000000004,0.4680896980589012
0.9400000000000006,0.7100000000000004,0.46808072284026575
0.9400000000000006,0.7000000000000004,0.46807174570501636
0.9400000000000006,0.6900000000000004,0.46806276666623525
0.9400000000000006,0.6800000000000004,0.46805378573702167
0.9400000000000006,0.6700000000000004,0.4680448029304913
0.9400000000000006,0.6600000000000004,0.46803581825977664
0.9400000000000006,0.6500000000000004,0.4680268317380272
0.9400000000000006,0.6400000000000003,0.46801784337840824
0.9400000000000006,0.6300000000000003,0.4680088531941019
0.9400000000000006,0.6200000000000003,0.46799986119830644
0.9400000000000006,0.6100000000000003,0.4679908674042364
0.9400000000000006,0.6000000000000003,0.4679818718251221
0.9400000000000006,0.5900000000000003,0.46797287447421004
0.9400000000000006,0.5800000000000003,0.4679638753647628
0.9400000000000006,0.5700000000000003,0.4679548745100582
0.9400000000000006,0.5600000000000003,0.46794587192339016
0.9400000000000006,0.5500000000000003,0.46793686761806796
0.9400000000000006,0.5400000000000003,0.4679278616074163
0.9400000000000006,0.5300000000000002,0.46791885390477544
0.9400000000000006,0.5200000000000002,0.4679098445235006
0.9400000000000006,0.5100000000000002,0.46790083347696215
0.9400000000000006,0.5000000000000002,0.46789182077854596
0.9400000000000006,0.49000000000000027,0.4678828064416521
0.9400000000000006,0.48000000000000026,0.467873790479696
0.9400000000000006,0.47000000000000025,0.4678647729061075
0.9400000000000006,0.46000000000000024,0.46785575373433136
0.9400000000000006,0.45000000000000023,0.4678467329778264
0.9400000000000006,0.4400000000000002,0.4678377106500661
0.9400000000000006,0.4300000000000002,0.4678286867645383
0.9400000000000006,0.4200000000000002,0.46781966133474484
0.9400000000000006,0.4100000000000002,0.46781063437420145
0.9400000000000006,0.4000000000000002,0.4678016058964383
0.9400000000000006,0.3900000000000002,0.467792575914999
0.9400000000000006,0.38000000000000017,0.467783544443441
0.9400000000000006,0.37000000000000016,0.4677745114953355
0.9400000000000006,0.36000000000000015,0.467765477084267
0.9400000000000006,0.35000000000000014,0.4677564412238335
0.9400000000000006,0.34000000000000014,0.46774740392764635
0.9400000000000006,0.3300000000000001,0.46773836520933004
0.9400000000000006,0.3200000000000001,0.4677293250825221
0.9400000000000006,0.3100000000000001,0.46772028356087303
0.9400000000000006,0.3000000000000001,0.46771124065804615
0.9400000000000006,0.2900000000000001,0.4677021963877176
0.9400000000000006,0.2800000000000001,0.467693150763576
0.9400000000000006,0.2700000000000001,0.4676841037993226
0.9400000000000006,0.26000000000000006,0.46767505550867106
0.9400000000000006,0.25000000000000006,0.4676660059053471
0.9400000000000006,0.24000000000000007,0.46765695500308896
0.9400000000000006,0.23000000000000007,0.46764790281564667
0.9400000000000006,0.22000000000000006,0.46763884935678207
0.9400000000000006,0.21000000000000005,0.4676297946402694
0.9400000000000006,0.20000000000000004,0.467620738679894
0.9400000000000006,0.19000000000000003,0.46761168148945287
0.9400000000000006,0.18000000000000002,0.46760262308275496
0.9400000000000006,0.17,0.4675935634736202
0.9400000000000006,0.16,0.46758450267587964
0.9400000000000006,0.15,0.467575440703376
0.9400000000000006,0.13999999999999999,0.4675663775699623
0.9400000000000006,0.12999999999999998,0.46755731328950306
0.9400000000000006,0.11999999999999998,0.46754824787587324
0.9400000000000006,0.10999999999999999,0.46753918134295874
0.9400000000000006,0.09999999999999999,0.4675301137046555
0.9400000000000006,0.09,0.4675210449748706
0.9400000000000006,0.08,0.46751197516752085
0.9400000000000006,0.07,0.4675029042965336
0.9400000000000006,0.060000000000000005,0.46749383237584596
0.9400000000000006,0.05,0.4674847594194053
0.9400000000000006,0.04,0.4674756854411686
0.9400000000000006,0.03,0.4674666104551026
0.9400000000000006,0.02,0.4674575344751839
0.9400000000000006,0.01,0.46744845751539804
0.9400000000000006,0,0.4674393795897405
0.9300000000000006,1.0000000000000007,0.4683465060787615
0.9300000000000006,0.9900000000000007,0.4683375899462535
0.9300000000000006,0.9800000000000006,0.4683286715365362
0.9300000000000006,0.9700000000000006,0.4683197508621834
0.9300000000000006,0.9600000000000006,0.4683108279357883
0.9300000000000006,0.9500000000000006,0.46830190276996325
0.9300000000000006,0.9400000000000006,0.4682929753773404
0.9300000000000006,0.9300000000000006,0.4682840457705707
0.9300000000000006,0.9200000000000006,0.46827511396232446
0.9300000000000006,0.9100000000000006,0.4682661799652911
0.9300000000000006,0.9000000000000006,0.4682572437921787
0.9300000000000006,0.8900000000000006,0.46824830545571455
0.9300000000000006,0.8800000000000006,0.4682393649686449
0.9300000000000006,0.8700000000000006,0.4682304223437339
0.9300000000000006,0.8600000000000005,0.46822147759376515
0.9300000000000006,0.8500000000000005,0.4682125307315402
0.9300000000000006,0.8400000000000005,0.4682035817698794
0.9300000000000006,0.8300000000000005,0.4681946307216214
0.9300000000000006,0.8200000000000005,0.4681856775996225
0.9300000000000006,0.8100000000000005,0.46817672241675795
0.9300000000000006,0.8000000000000005,0.46816776518592035
0.9300000000000006,0.7900000000000005,0.4681588059200207
0.9300000000000006,0.7800000000000005,0.46814984463198767
0.9300000000000006,0.7700000000000005,0.4681408813347675
0.9300000000000006,0.7600000000000005,0.46813191604132465
0.9300000000000006,0.7500000000000004,0.46812294876464033
0.9300000000000006,0.7400000000000004,0.468113979517714
0.9300000000000006,0.7300000000000004,0.46810500831356183
0.9300000000000006,0.7200000000000004,0.46809603516521775
0.9300000000000006,0.7100000000000004,0.4680870600857326
0.9300000000000006,0.7000000000000004,0.46807808308817417
0.9300000000000006,0.6900000000000004,0.46806910418562747
0.9300000000000006,0.6800000000000004,0.4680601233911944
0.9300000000000006,0.6700000000000004,0.46805114071799336
0.9300000000000006,0.6600000000000004,0.4680421561791596
0.9300000000000006,0.6500000000000004,0.468033169787845
0.9300000000000006,0.6400000000000003,0.4680241815572176
0.9300000000000006,0.6300000000000003,0.46801519150046234
0.9300000000000006,0.6200000000000003,0.4680061996307797
0.9300000000000006,0.6100000000000003,0.46799720596138694
0.9300000000000006,0.6000000000000003,0.46798821050551725
0.9300000000000006,0.5900000000000003,0.4679792132764194
0.9300000000000006,0.5800000000000003,0.46797021428735847
0.9300000000000006,0.5700000000000003,0.4679612135516151
0.9300000000000006,0.5600000000000003,0.46795221108248547
0.9300000000000006,0.5500000000000003,0.4679432068932816
0.9300000000000006,0.5400000000000003,0.4679342009973307
0.9300000000000006,0.5300000000000002,0.46792519340797517
0.9300000000000006,0.5200000000000002,0.46791618413857305
0.9300000000000006,0.5100000000000002,0.46790717320249714
0.9300000000000006,0.5000000000000002,0.4678981606131355
0.9300000000000006,0.49000000000000027,0.467889146383891
0.9300000000000006,0.48000000000000026,0.4678801305281813
0.9300000000000006,0.47000000000000025,0.46787111305943874
0.9300000000000006,0.46000000000000024,0.4678620939911101
0.9300000000000006,0.45000000000000023,0.46785307333665715
0.9300000000000006,0.4400000000000002,0.4678440511095555
0.9300000000000006,0.4300000000000002,0.46783502732329524
0.9300000000000006,0.4200000000000002,0.4678260019913806
0.9300000000000006,0.4100000000000002,0.46781697512732984
0.9300000000000006,0.4000000000000002,0.46780794674467513
0.9300000000000006,0.3900000000000002,0.4677989168569626
0.9300000000000006,0.38000000000000017,0.467789885477752
0.9300000000000006,0.37000000000000016,0.46778085262061647
0.9300000000000006,0.36000000000000015,0.46777181829914327
0.9300000000000006,0.35000000000000014,0.4677627825269322
0.9300000000000006,0.34000000000000014,0.46775374531759717
0.9300000000000006,0.3300000000000001,0.4677447066847647
0.9300000000000006,0.3200000000000001,0.4677356666420745
0.9300000000000006,0.3100000000000001,0.46772662520317926
0.9300000000000006,0.3000000000000001,0.46771758238174466
0.9300000000000006,0.2900000000000001,0.46770853819144875
0.9300000000000006,0.2800000000000001,0.4676994926459825
0.9300000000000006,0.2700000000000001,0.4676904457590491
0.9300000000000006,0.26000000000000006,0.46768139754436444
0.9300000000000006,0.25000000000000006,0.46767234801565627
0.9300000000000006,0.24000000000000007,0.46766329718666483
0.9300000000000006,0.23000000000000007,0.4676542450711424
0.9300000000000006,0.22000000000000006,0.46764519168285285
0.9300000000000006,0.21000000000000005,0.4676361370355722
0.9300000000000006,0.20000000000000004,0.4676270811430881
0.9300000000000006,0.19000000000000003,0.4676180240191995
0.9300000000000006,0.18000000000000002,0.4676089656777172
0.9300000000000006,0.17,0.4675999061324631
0.9300000000000006,0.16,0.46759084539727047
0.9300000000000006,0.15,0.46758178348598356
0.9300000000000006,0.13999999999999999,0.46757272041245773
0.9300000000000006,0.12999999999999998,0.46756365619055906
0.9300000000000006,0.11999999999999998,0.4675545908341647
0.9300000000000006,0.10999999999999999,0.46754552435716207
0.9300000000000006,0.09999999999999999,0.46753645677344957
0.9300000000000006,0.09,0.4675273880969354
0.9300000000000006,0.08,0.4675183183415387
0.9300000000000006,0.07,0.46750924752118833
0.9300000000000006,0.060000000000000005,0.4675001756498234
0.9300000000000006,0.05,0.4674911027413929
0.9300000000000006,0.04,0.46748202880985557
0.9300000000000006,0.03,0.4674729538691802
0.9300000000000006,0.02,0.4674638779333447
0.9300000000000006,0.01,0.46745480101633685
0.9300000000000006,0,0.4674457231321532
0.9200000000000006,1.0000000000000007,0.4683528385768736
0.9200000000000006,0.9900000000000007,0.46834392262873303
0.9200000000000006,0.9800000000000006,0.46833500440184705
0.9200000000000006,0.9700000000000006,0.4683260839087922
0.9200000000000006,0.9600000000000006,0.46831716116216454
0.9200000000000006,0.9500000000000006,0.4683082361745797
0.9200000000000006,0.9400000000000006,0.46829930895867233
0.9200000000000006,0.9300000000000006,0.46829037952709657
0.9200000000000006,0.9200000000000006,0.4682814478925258
0.9200000000000006,0.9100000000000006,0.46827251406765186
0.9200000000000006,0.9000000000000006,0.4682635780651863
0.9200000000000006,0.8900000000000006,0.4682546398978591
0.9200000000000006,0.8800000000000006,0.468245699578419
0.9200000000000006,0.8700000000000006,0.46823675711963353
0.9200000000000006,0.8600000000000005,0.46822781253428913
0.9200000000000006,0.8500000000000005,0.46821886583518996
0.9200000000000006,0.8400000000000005,0.4682099170351593
0.9200000000000006,0.8300000000000005,0.4682009661470384
0.9200000000000006,0.8200000000000005,0.4681920131836868
0.9200000000000006,0.8100000000000005,0.46818305815798233
0.9200000000000006,0.8000000000000005,0.4681741010828204
0.9200000000000006,0.7900000000000005,0.4681651419711148
0.9200000000000006,0.7800000000000005,0.468156180835797
0.9200000000000006,0.7700000000000005,0.4681472176898161
0.9200000000000006,0.7600000000000005,0.4681382525461391
0.9200000000000006,0.7500000000000004,0.4681292854177503
0.9200000000000006,0.7400000000000004,0.46812031631765133
0.9200000000000006,0.7300000000000004,0.46811134525886167
0.9200000000000006,0.7200000000000004,0.4681023722544174
0.9200000000000006,0.7100000000000004,0.4680933973173726
0.9200000000000006,0.7000000000000004,0.4680844204607974
0.9200000000000006,0.6900000000000004,0.4680754416977797
0.9200000000000006,0.6800000000000004,0.4680664610414238
0.9200000000000006,0.6700000000000004,0.468057478504851
0.9200000000000006,0.6600000000000004,0.468048494101199
0.9200000000000006,0.6500000000000004,0.4680395078436224
0.9200000000000006,0.6400000000000003,0.468030519745292
0.9200000000000006,0.6300000000000003,0.46802152981939493
0.9200000000000006,0.6200000000000003,0.4680125380791347
0.9200000000000006,0.6100000000000003,0.46800354453773096
0.9200000000000006,0.6000000000000003,0.4679945492084193
0.9200000000000006,0.5900000000000003,0.46798555210445136
0.9200000000000006,0.5800000000000003,0.46797655323909465
0.9200000000000006,0.5700000000000003,0.4679675526256321
0.9200000000000006,0.5600000000000003,0.4679585502773628
0.9200000000000006,0.5500000000000003,0.46794954620760093
0.9200000000000006,0.5400000000000003,0.46794054042967625
0.9200000000000006,0.5300000000000002,0.46793153295693396
0.9200000000000006,0.5200000000000002,0.46792252380273414
0.9200000000000006,0.5100000000000002,0.4679135129804523
0.9200000000000006,0.5000000000000002,0.4679045005034788
0.9200000000000006,0.49000000000000027,0.467895486385219
0.9200000000000006,0.48000000000000026,0.46788647063909294
0.9200000000000006,0.47000000000000025,0.4678774532785353
0.9200000000000006,0.46000000000000024,0.4678684343169954
0.9200000000000006,0.45000000000000023,0.4678594137679373
0.9200000000000006,0.4400000000000002,0.46785039164483877
0.9200000000000006,0.4300000000000002,0.4678413679611926
0.9200000000000006,0.4200000000000002,0.46783234273050495
0.9200000000000006,0.4100000000000002,0.4678233159662967
0.9200000000000006,0.4000000000000002,0.46781428768210237
0.9200000000000006,0.3900000000000002,0.46780525789147004
0.9200000000000006,0.38000000000000017,0.4677962266079619
0.9200000000000006,0.37000000000000016,0.46778719384515355
0.9200000000000006,0.36000000000000015,0.46777815961663394
0.9200000000000006,0.35000000000000014,0.46776912393600595
0.9200000000000006,0.34000000000000014,0.46776008681688475
0.9200000000000006,0.3300000000000001,0.4677510482728996
0.9200000000000006,0.3200000000000001,0.4677420083176925
0.9200000000000006,0.3100000000000001,0.467732966964918
0.9200000000000006,0.3000000000000001,0.46772392422824405
0.9200000000000006,0.2900000000000001,0.4677148801213508
0.9200000000000006,0.2800000000000001,0.4677058346579313
0.9200000000000006,0.2700000000000001,0.467696787851691
0.9200000000000006,0.26000000000000006,0.46768773971634775
0.9200000000000006,0.25000000000000006,0.4676786902656315
0.9200000000000006,0.24000000000000007,0.4676696395132846
0.9200000000000006,0.23000000000000007,0.467660587473061
0.9200000000000006,0.22000000000000006,0.467651534158727
0.9200000000000006,0.21000000000000005,0.46764247958406063
0.9200000000000006,0.20000000000000004,0.4676334237628511
0.9200000000000006,0.19000000000000003,0.46762436670889995
0.9200000000000006,0.18000000000000002,0.46761530843601945
0.9200000000000006,0.17,0.4676062489580339
0.9200000000000006,0.16,0.46759718828877805
0.9200000000000006,0.15,0.4675881264420983
0.9200000000000006,0.13999999999999999,0.46757906343185196
0.9200000000000006,0.12999999999999998,0.4675699992719071
0.9200000000000006,0.11999999999999998,0.4675609339761424
0.9200000000000006,0.10999999999999999,0.4675518675584474
0.9200000000000006,0.09999999999999999,0.4675428000327222
0.9200000000000006,0.09,0.46753373141287696
0.9200000000000006,0.08,0.46752466171283247
0.9200000000000006,0.07,0.46751559094651973
0.9200000000000006,0.060000000000000005,0.46750651912787916
0.9200000000000006,0.05,0.4674974462708618
0.9200000000000006,0.04,0.46748837238942814
0.9200000000000006,0.03,0.4674792974975485
0.9200000000000006,0.02,0.4674702216092029
0.9200000000000006,0.01,0.46746114473838013
0.9200000000000006,0,0.46745206689907914
0.9100000000000006,1.0000000000000007,0.4683591709622042
0.9100000000000006,0.9900000000000007,0.46835025520165213
0.9100000000000006,0.9800000000000006,0.46834133716082094
0.9100000000000006,0.9700000000000006,0.4683324168522902
0.9100000000000006,0.9600000000000006,0.46832349428865894
0.9100000000000006,0.9500000000000006,0.46831456948254546
0.9100000000000006,0.9400000000000006,0.4683056424465876
0.9100000000000006,0.9300000000000006,0.4682967131934424
0.9100000000000006,0.9200000000000006,0.46828778173578595
0.9100000000000006,0.9100000000000006,0.46827884808631337
0.9100000000000006,0.9000000000000006,0.4682699122577387
0.9100000000000006,0.8900000000000006,0.4682609742627948
0.9100000000000006,0.8800000000000006,0.46825203411423355
0.9100000000000006,0.8700000000000006,0.4682430918248253
0.9100000000000006,0.8600000000000005,0.468234147407359
0.9100000000000006,0.8500000000000005,0.46822520087464214
0.9100000000000006,0.8400000000000005,0.4682162522395006
0.9100000000000006,0.8300000000000005,0.4682073015147783
0.9100000000000006,0.8200000000000005,0.46819834871333776
0.9100000000000006,0.8100000000000005,0.46818939384805947
0.9100000000000006,0.8000000000000005,0.4681804369318418
0.9100000000000006,0.7900000000000005,0.46817147797760117
0.9100000000000006,0.7800000000000005,0.4681625169982719
0.9100000000000006,0.7700000000000005,0.46815355400680586
0.9100000000000006,0.7600000000000005,0.4681445890161726
0.9100000000000006,0.7500000000000004,0.46813562203935916
0.9100000000000006,0.7400000000000004,0.46812665308937024
0.9100000000000006,0.7300000000000004,0.46811768217922767
0.9100000000000006,0.7200000000000004,0.4681087093219705
0.9100000000000006,0.7100000000000004,0.4680997345306551
0.9100000000000006,0.7000000000000004,0.46809075781835474
0.9100000000000006,0.6900000000000004,0.4680817791981595
0.9100000000000006,0.6800000000000004,0.4680727986831768
0.9100000000000006,0.6700000000000004,0.4680638162865302
0.9100000000000006,0.6600000000000004,0.4680548320213604
0.9100000000000006,0.6500000000000004,0.46804584590082404
0.9100000000000006,0.6400000000000003,0.46803685793809513
0.9100000000000006,0.6300000000000003,0.468027868146363
0.9100000000000006,0.6200000000000003,0.46801887653883384
0.9100000000000006,0.6100000000000003,0.46800988312872993
0.9100000000000006,0.6000000000000003,0.4680008879292893
0.9100000000000006,0.5900000000000003,0.4679918909537662
0.9100000000000006,0.5800000000000003,0.46798289221543055
0.9100000000000006,0.5700000000000003,0.46797389172756815
0.9100000000000006,0.5600000000000003,0.46796488950348
0.9100000000000006,0.5500000000000003,0.46795588555648326
0.9100000000000006,0.5400000000000003,0.46794687989990996
0.9100000000000006,0.5300000000000002,0.4679378725471078
0.9100000000000006,0.5200000000000002,0.4679288635114392
0.9100000000000006,0.5100000000000002,0.4679198528062823
0.9100000000000006,0.5000000000000002,0.46791084044502984
0.9100000000000006,0.49000000000000027,0.4679018264410894
0.9100000000000006,0.48000000000000026,0.46789281080788353
0.9100000000000006,0.47000000000000025,0.4678837935588493
0.9100000000000006,0.46000000000000024,0.46787477470743855
0.9100000000000006,0.45000000000000023,0.4678657542671172
0.9100000000000006,0.4400000000000002,0.467856732251366
0.9100000000000006,0.4300000000000002,0.46784770867367953
0.9100000000000006,0.4200000000000002,0.46783868354756675
0.9100000000000006,0.4100000000000002,0.4678296568865503
0.9100000000000006,0.4000000000000002,0.4678206287041673
0.9100000000000006,0.3900000000000002,0.46781159901396807
0.9100000000000006,0.38000000000000017,0.4678025678295171
0.9100000000000006,0.37000000000000016,0.4677935351643921
0.9100000000000006,0.36000000000000015,0.4677845010321844
0.9100000000000006,0.35000000000000014,0.46777546544649873
0.9100000000000006,0.34000000000000014,0.46776642842095295
0.9100000000000006,0.3300000000000001,0.46775738996917826
0.9100000000000006,0.3200000000000001,0.46774835010481863
0.9100000000000006,0.3100000000000001,0.46773930884153125
0.9100000000000006,0.3000000000000001,0.46773026619298563
0.9100000000000006,0.2900000000000001,0.46772122217286455
0.9100000000000006,0.2800000000000001,0.467712176794863
0.9100000000000006,0.2700000000000001,0.4677031300726883
0.9100000000000006,0.26000000000000006,0.4676940820200606
0.9100000000000006,0.25000000000000006,0.4676850326507118
0.9100000000000006,0.24000000000000007,0.4676759819783865
0.9100000000000006,0.23000000000000007,0.46766693001684045
0.9100000000000006,0.22000000000000006,0.46765787677984205
0.9100000000000006,0.21000000000000005,0.4676488222811713
0.9100000000000006,0.20000000000000004,0.46763976653461964
0.9100000000000006,0.19000000000000003,0.46763070955399005
0.9100000000000006,0.18000000000000002,0.46762165135309736
0.9100000000000006,0.17,0.46761259194576715
0.9100000000000006,0.16,0.4676035313458367
0.9100000000000006,0.15,0.4675944695671541
0.9100000000000006,0.13999999999999999,0.46758540662357856
0.9100000000000006,0.12999999999999998,0.46757634252897967
0.9100000000000006,0.11999999999999998,0.4675672772972386
0.9100000000000006,0.10999999999999999,0.4675582109422464
0.9100000000000006,0.09999999999999999,0.4675491434779049
0.9100000000000006,0.09,0.4675400749181262
0.9100000000000006,0.08,0.4675310052768331
0.9100000000000006,0.07,0.46752193456795776
0.9100000000000006,0.060000000000000005,0.46751286280544296
0.9100000000000006,0.05,0.4675037900032412
0.9100000000000006,0.04,0.46749471617531485
0.9100000000000006,0.03,0.4674856413356359
0.9100000000000006,0.02,0.4674765654981858
0.9100000000000006,0.01,0.4674674886769555
0.9100000000000006,0,0.4674584108859452
0.9000000000000006,1.0000000000000007,0.468365503230247
0.9000000000000006,0.9900000000000007,0.46835658766050337
0.9000000000000006,0.9800000000000006,0.4683476698089497
0.9000000000000006,0.9700000000000006,0.4683387496881683
0.9000000000000006,0.9600000000000006,0.4683298273107611
0.9000000000000006,0.9500000000000006,0.46832090268934945
0.9000000000000006,0.9400000000000006,0.4683119758365743
0.9000000000000006,0.9300000000000006,0.4683030467650952
0.9000000000000006,0.9200000000000006,0.4682941154875912
0.9000000000000006,0.9100000000000006,0.4682851820167605
0.9000000000000006,0.9000000000000006,0.4682762463653199
0.9000000000000006,0.8900000000000006,0.46826730854600523
0.9000000000000006,0.8800000000000006,0.46825836857157116
0.9000000000000006,0.8700000000000006,0.4682494264547908
0.9000000000000006,0.8600000000000005,0.4682404822084559
0.9000000000000006,0.8500000000000005,0.4682315358453769
0.9000000000000006,0.8400000000000005,0.46822258737838235
0.9000000000000006,0.8300000000000005,0.4682136368203192
0.9000000000000006,0.8200000000000005,0.46820468418405276
0.9000000000000006,0.8100000000000005,0.46819572948246596
0.9000000000000006,0.8000000000000005,0.4681867727284602
0.9000000000000006,0.7900000000000005,0.46817781393495456
0.9000000000000006,0.7800000000000005,0.4681688531148862
0.9000000000000006,0.7700000000000005,0.46815989028120963
0.9000000000000006,0.7600000000000005,0.4681509254468971
0.9000000000000006,0.7500000000000004,0.4681419586249387
0.9000000000000006,0.7400000000000004,0.46813298982834145
0.9000000000000006,0.7300000000000004,0.46812401907012996
0.9000000000000006,0.7200000000000004,0.46811504636334594
0.9000000000000006,0.7100000000000004,0.4681060717210486
0.9000000000000006,0.7000000000000004,0.4680970951563136
0.9000000000000006,0.6900000000000004,0.46808811668223393
0.9000000000000006,0.6800000000000004,0.4680791363119194
0.9000000000000006,0.6700000000000004,0.4680701540584964
0.9000000000000006,0.6600000000000004,0.46806116993510793
0.9000000000000006,0.6500000000000004,0.46805218395491377
0.9000000000000006,0.6400000000000003,0.4680431961310898
0.9000000000000006,0.6300000000000003,0.4680342064768286
0.9000000000000006,0.6200000000000003,0.46802521500533856
0.9000000000000006,0.6100000000000003,0.4680162217298445
0.9000000000000006,0.6000000000000003,0.468007226663587
0.9000000000000006,0.5900000000000003,0.467998229819823
0.9000000000000006,0.5800000000000003,0.4679892312118248
0.9000000000000006,0.5700000000000003,0.4679802308528806
0.9000000000000006,0.5600000000000003,0.46797122875629427
0.9000000000000006,0.5500000000000003,0.467962224935385
0.9000000000000006,0.5400000000000003,0.4679532194034873
0.9000000000000006,0.5300000000000002,0.4679442121739515
0.9000000000000006,0.5200000000000002,0.4679352032601425
0.9000000000000006,0.5100000000000002,0.4679261926754408
0.9000000000000006,0.5000000000000002,0.46791718043324126
0.9000000000000006,0.49000000000000027,0.46790816654695433
0.9000000000000006,0.48000000000000026,0.46789915103000446
0.9000000000000006,0.47000000000000025,0.46789013389583156
0.9000000000000006,0.46000000000000024,0.4678811151578894
0.9000000000000006,0.45000000000000023,0.4678720948296466
0.9000000000000006,0.4400000000000002,0.4678630729245859
0.9000000000000006,0.4300000000000002,0.46785404945620435
0.9000000000000006,0.4200000000000002,0.46784502443801324
0.9000000000000006,0.4100000000000002,0.46783599788353747
0.9000000000000006,0.4000000000000002,0.46782696980631633
0.9000000000000006,0.3900000000000002,0.4678179402199025
0.9000000000000006,0.38000000000000017,0.4678089091378626
0.9000000000000006,0.37000000000000016,0.4677998765737766
0.9000000000000006,0.36000000000000015,0.46779084254123815
0.9000000000000006,0.35000000000000014,0.467781807053854
0.9000000000000006,0.34000000000000014,0.4677727701252445
0.9000000000000006,0.3300000000000001,0.4677637317690425
0.9000000000000006,0.3200000000000001,0.46775469199889463
0.9000000000000006,0.3100000000000001,0.4677456508284598
0.9000000000000006,0.3000000000000001,0.46773660827140995
0.9000000000000006,0.2900000000000001,0.46772756434142987
0.9000000000000006,0.2800000000000001,0.4677185190522165
0.9000000000000006,0.2700000000000001,0.46770947241747945
0.9000000000000006,0.26000000000000006,0.46770042445094095
0.9000000000000006,0.25000000000000006,0.4676913751663348
0.9000000000000006,0.24000000000000007,0.46768232457740744
0.9000000000000006,0.23000000000000007,0.46767327269791703
0.9000000000000006,0.22000000000000006,0.46766421954163373
0.9000000000000006,0.21000000000000005,0.4676551651223396
0.9000000000000006,0.20000000000000004,0.467646109453828
0.9000000000000006,0.19000000000000003,0.46763705254990406
0.9000000000000006,0.18000000000000002,0.46762799442438424
0.9000000000000006,0.17,0.46761893509109625
0.9000000000000006,0.16,0.4676098745638793
0.9000000000000006,0.15,0.46760081285658317
0.9000000000000006,0.13999999999999999,0.46759174998306896
0.9000000000000006,0.12999999999999998,0.4675826859572086
0.9000000000000006,0.11999999999999998,0.4675736207928842
0.9000000000000006,0.10999999999999999,0.4675645545039894
0.9000000000000006,0.09999999999999999,0.4675554871044277
0.9000000000000006,0.09,0.46754641860811286
0.9000000000000006,0.08,0.46753734902896915
0.9000000000000006,0.07,0.46752827838093114
0.9000000000000006,0.060000000000000005,0.46751920667794294
0.9000000000000006,0.05,0.46751013393395896
0.9000000000000006,0.04,0.4675010601629432
0.9000000000000006,0.03,0.4674919853788692
0.9000000000000006,0.02,0.4674829095957202
0.9000000000000006,0.01,0.4674738328274889
0.9000000000000006,0,0.46746475508817725
0.8900000000000006,1.0000000000000007,0.46837183537649485
0.8900000000000006,0.9900000000000007,0.4683629200007787
0.8900000000000006,0.9800000000000006,0.4683540023417241
0.8900000000000006,0.9700000000000006,0.4683450824119162
0.8900000000000006,0.9600000000000006,0.4683361602239601
0.8900000000000006,0.9500000000000006,0.46832723579047997
0.8900000000000006,0.9400000000000006,0.4683183091241193
0.8900000000000006,0.9300000000000006,0.46830938023754104
0.8900000000000006,0.9200000000000006,0.46830044914342694
0.8900000000000006,0.9100000000000006,0.46829151585447776
0.8900000000000006,0.9000000000000006,0.46828258038341364
0.8900000000000006,0.8900000000000006,0.46827364274297295
0.8900000000000006,0.8800000000000006,0.46826470294591327
0.8900000000000006,0.8700000000000006,0.4682557610050106
0.8900000000000006,0.8600000000000005,0.4682468169330594
0.8900000000000006,0.8500000000000005,0.46823787074287315
0.8900000000000006,0.8400000000000005,0.46822892244728287
0.8900000000000006,0.8300000000000005,0.4682199720591384
0.8900000000000006,0.8200000000000005,0.4682110195913078
0.8900000000000006,0.8100000000000005,0.46820206505667716
0.8900000000000006,0.8000000000000005,0.46819310846815015
0.8900000000000006,0.7900000000000005,0.46818414983864887
0.8900000000000006,0.7800000000000005,0.4681751891811128
0.8900000000000006,0.7700000000000005,0.46816622650849976
0.8900000000000006,0.7600000000000005,0.46815726183378437
0.8900000000000006,0.7500000000000004,0.46814829516995937
0.8900000000000006,0.7400000000000004,0.46813932653003454
0.8900000000000006,0.7300000000000004,0.4681303559270373
0.8900000000000006,0.7200000000000004,0.4681213833740119
0.8900000000000006,0.7100000000000004,0.46811240888402006
0.8900000000000006,0.7000000000000004,0.46810343247014047
0.8900000000000006,0.6900000000000004,0.46809445414546835
0.8900000000000006,0.6800000000000004,0.4680854739231163
0.8900000000000006,0.6700000000000004,0.46807649181621336
0.8900000000000006,0.6600000000000004,0.46806750783790513
0.8900000000000006,0.6500000000000004,0.4680585220013538
0.8900000000000006,0.6400000000000003,0.468049534319738
0.8900000000000006,0.6300000000000003,0.46804054480625273
0.8900000000000006,0.6200000000000003,0.468031553474109
0.8900000000000006,0.6100000000000003,0.46802256033653417
0.8900000000000006,0.6000000000000003,0.4680135654067714
0.8900000000000006,0.5900000000000003,0.46800456869807994
0.8900000000000006,0.5800000000000003,0.4679955702237348
0.8900000000000006,0.5700000000000003,0.4679865699970265
0.8900000000000006,0.5600000000000003,0.4679775680312612
0.8900000000000006,0.5500000000000003,0.46796856433976103
0.8900000000000006,0.5400000000000003,0.4679595589358628
0.8900000000000006,0.5300000000000002,0.46795055183291895
0.8900000000000006,0.5200000000000002,0.4679415430442971
0.8900000000000006,0.5100000000000002,0.4679325325833798
0.8900000000000006,0.5000000000000002,0.4679235204635649
0.8900000000000006,0.49000000000000027,0.4679145066982646
0.8900000000000006,0.48000000000000026,0.46790549130090636
0.8900000000000006,0.47000000000000025,0.46789647428493164
0.8900000000000006,0.46000000000000024,0.46788745566379714
0.8900000000000006,0.45000000000000023,0.46787843545097374
0.8900000000000006,0.4400000000000002,0.4678694136599463
0.8900000000000006,0.4300000000000002,0.46786039030421417
0.8900000000000006,0.4200000000000002,0.4678513653972909
0.8900000000000006,0.4100000000000002,0.4678423389527039
0.8900000000000006,0.4000000000000002,0.46783331098399444
0.8900000000000006,0.3900000000000002,0.4678242815047176
0.8900000000000006,0.38000000000000017,0.46781525052844214
0.8900000000000006,0.37000000000000016,0.46780621806875033
0.8900000000000006,0.36000000000000015,0.4677971841392378
0.8900000000000006,0.35000000000000014,0.4677881487535138
0.8900000000000006,0.34000000000000014,0.46777911192520044
0.8900000000000006,0.3300000000000001,0.4677700736679333
0.8900000000000006,0.3200000000000001,0.4677610339953604
0.8900000000000006,0.3100000000000001,0.46775199292114333
0.8900000000000006,0.3000000000000001,0.4677429504589561
0.8900000000000006,0.2900000000000001,0.4677339066224851
0.8900000000000006,0.2800000000000001,0.46772486142542985
0.8900000000000006,0.2700000000000001,0.467715814881502
0.8900000000000006,0.26000000000000006,0.4677067670044254
0.8900000000000006,0.25000000000000006,0.4676977178079364
0.8900000000000006,0.24000000000000007,0.4676886673057831
0.8900000000000006,0.23000000000000007,0.4676796155117259
0.8900000000000006,0.22000000000000006,0.4676705624395368
0.8900000000000006,0.21000000000000005,0.4676615081029998
0.8900000000000006,0.20000000000000004,0.4676524525159102
0.8900000000000006,0.19000000000000003,0.4676433956920752
0.8900000000000006,0.18000000000000002,0.467634337645313
0.8900000000000006,0.17,0.4676252783894534
0.8900000000000006,0.16,0.46761621793833724
0.8900000000000006,0.15,0.46760715630581656
0.8900000000000006,0.13999999999999999,0.467598093505754
0.8900000000000006,0.12999999999999998,0.46758902955202347
0.8900000000000006,0.11999999999999998,0.46757996445850897
0.8900000000000006,0.10999999999999999,0.4675708982391058
0.8900000000000006,0.09999999999999999,0.467561830907719
0.8900000000000006,0.09,0.46755276247826477
0.8900000000000006,0.08,0.4675436929646687
0.8900000000000006,0.07,0.46753462238086707
0.8900000000000006,0.060000000000000005,0.4675255507408059
0.8900000000000006,0.05,0.4675164780584413
0.8900000000000006,0.04,0.4675074043477387
0.8900000000000006,0.03,0.46749832962267374
0.8900000000000006,0.02,0.467489253897231
0.8900000000000006,0.01,0.4674801771854051
0.8900000000000006,0,0.46747109950119914
0.8800000000000006,1.0000000000000007,0.4683781673964394
0.8800000000000006,0.9900000000000007,0.4683692522179689
0.8800000000000006,0.9800000000000006,0.468360334754634
0.8800000000000006,0.9700000000000006,0.46835141501902317
0.8800000000000006,0.9600000000000006,0.4683424930237439
0.8800000000000006,0.9500000000000006,0.46833356878142385
0.8800000000000006,0.9400000000000006,0.468324642304709
0.8800000000000006,0.9300000000000006,0.4683157136062652
0.8800000000000006,0.9200000000000006,0.46830678269877724
0.8800000000000006,0.9100000000000006,0.46829784959494863
0.8800000000000006,0.9000000000000006,0.46828891430750225
0.8800000000000006,0.8900000000000006,0.46827997684917955
0.8800000000000006,0.8800000000000006,0.46827103723274077
0.8800000000000006,0.8700000000000006,0.4682620954709646
0.8800000000000006,0.8600000000000005,0.4682531515766486
0.8800000000000006,0.8500000000000005,0.4682442055626087
0.8800000000000006,0.8400000000000005,0.4682352574416791
0.8800000000000006,0.8300000000000005,0.4682263072267122
0.8800000000000006,0.8200000000000005,0.46821735493057876
0.8800000000000006,0.8100000000000005,0.4682084005661676
0.8800000000000006,0.8000000000000005,0.4681994441463853
0.8800000000000006,0.7900000000000005,0.4681904856841567
0.8800000000000006,0.7800000000000005,0.46818152519242384
0.8800000000000006,0.7700000000000005,0.4681725626841472
0.8800000000000006,0.7600000000000005,0.4681635981723044
0.8800000000000006,0.7500000000000004,0.46815463166989046
0.8800000000000006,0.7400000000000004,0.46814566318991824
0.8800000000000006,0.7300000000000004,0.46813669274541736
0.8800000000000006,0.7200000000000004,0.46812772034943523
0.8800000000000006,0.7100000000000004,0.4681187460150358
0.8800000000000006,0.7000000000000004,0.4681097697553005
0.8800000000000006,0.6900000000000004,0.4681007915833274
0.8800000000000006,0.6800000000000004,0.4680918115122315
0.8800000000000006,0.6700000000000004,0.4680828295551443
0.8800000000000006,0.6600000000000004,0.4680738457252141
0.8800000000000006,0.6500000000000004,0.46806486003560566
0.8800000000000006,0.6400000000000003,0.4680558724995003
0.8800000000000006,0.6300000000000003,0.4680468831300954
0.8800000000000006,0.6200000000000003,0.46803789194060447
0.8800000000000006,0.6100000000000003,0.46802889894425753
0.8800000000000006,0.6000000000000003,0.4680199041543
0.8800000000000006,0.5900000000000003,0.4680109075839939
0.8800000000000006,0.5800000000000003,0.4680019092466165
0.8800000000000006,0.5700000000000003,0.4679929091554609
0.8800000000000006,0.5600000000000003,0.46798390732383577
0.8800000000000006,0.5500000000000003,0.4679749037650656
0.8800000000000006,0.5400000000000003,0.4679658984924895
0.8800000000000006,0.5300000000000002,0.4679568915194627
0.8800000000000006,0.5200000000000002,0.4679478828593547
0.8800000000000006,0.5100000000000002,0.4679388725255509
0.8800000000000006,0.5000000000000002,0.46792986053145114
0.8800000000000006,0.49000000000000027,0.46792084689047025
0.8800000000000006,0.48000000000000026,0.4679118316160379
0.8800000000000006,0.47000000000000025,0.46790281472159817
0.8800000000000006,0.46000000000000024,0.46789379622060967
0.8800000000000006,0.45000000000000023,0.46788477612654567
0.8800000000000006,0.4400000000000002,0.4678757544528934
0.8800000000000006,0.4300000000000002,0.4678667312131546
0.8800000000000006,0.4200000000000002,0.46785770642084495
0.8800000000000006,0.4100000000000002,0.46784868008949404
0.8800000000000006,0.4000000000000002,0.4678396522326456
0.8800000000000006,0.3900000000000002,0.4678306228638568
0.8800000000000006,0.38000000000000017,0.46782159199669854
0.8800000000000006,0.37000000000000016,0.4678125596447552
0.8800000000000006,0.36000000000000015,0.467803525821625
0.8800000000000006,0.35000000000000014,0.4677944905409188
0.8800000000000006,0.34000000000000014,0.46778545381626124
0.8800000000000006,0.3300000000000001,0.4677764156612899
0.8800000000000006,0.3200000000000001,0.467767376089655
0.8800000000000006,0.3100000000000001,0.4677583351150203
0.8800000000000006,0.3000000000000001,0.4677492927510615
0.8800000000000006,0.2900000000000001,0.4677402490114676
0.8800000000000006,0.2800000000000001,0.46773120390993983
0.8800000000000006,0.2700000000000001,0.46772215746019186
0.8800000000000006,0.26000000000000006,0.4677131096759497
0.8800000000000006,0.25000000000000006,0.46770406057095176
0.8800000000000006,0.24000000000000007,0.46769501015894804
0.8800000000000006,0.23000000000000007,0.4676859584537009
0.8800000000000006,0.22000000000000006,0.46767690546898444
0.8800000000000006,0.21000000000000005,0.4676678512185844
0.8800000000000006,0.20000000000000004,0.46765879571629826
0.8800000000000006,0.19000000000000003,0.46764973897593487
0.8800000000000006,0.18000000000000002,0.46764068101131456
0.8800000000000006,0.17,0.46763162183626905
0.8800000000000006,0.16,0.4676225614646409
0.8800000000000006,0.15,0.4676134999102839
0.8800000000000006,0.13999999999999999,0.46760443718706285
0.8800000000000006,0.12999999999999998,0.4675953733088531
0.8800000000000006,0.11999999999999998,0.46758630828954095
0.8800000000000006,0.10999999999999999,0.4675772421430228
0.8800000000000006,0.09999999999999999,0.4675681748832064
0.8800000000000006,0.09,0.4675591065240087
0.8800000000000006,0.08,0.4675500370793579
0.8800000000000006,0.07,0.46754096656319144
0.8800000000000006,0.060000000000000005,0.46753189498945735
0.8800000000000006,0.05,0.46752282237211307
0.8800000000000006,0.04,0.46751374872512624
0.8800000000000006,0.03,0.46750467406247376
0.8800000000000006,0.02,0.4674955983981421
0.8800000000000006,0.01,0.46748652174612704
0.8800000000000006,0,0.46747744412043396
0.8700000000000006,1.0000000000000007,0.46838449928557174
0.8700000000000006,0.9900000000000007,0.4683755843075638
0.8700000000000006,0.9800000000000006,0.4683666670431684
0.8700000000000006,0.9700000000000006,0.4683577475049768
0.8700000000000006,0.9600000000000006,0.4683488257055999
0.8700000000000006,0.9500000000000006,0.46833990165766715
0.8700000000000006,0.9400000000000006,0.4683309753738284
0.8700000000000006,0.9300000000000006,0.468322046866752
0.8700000000000006,0.9200000000000006,0.4683131161491254
0.8700000000000006,0.9100000000000006,0.46830418323365536
0.8700000000000006,0.9000000000000006,0.4682952481330672
0.8700000000000006,0.8900000000000006,0.4682863108601055
0.8700000000000006,0.8800000000000006,0.468277371427533
0.8700000000000006,0.8700000000000006,0.46826842984813155
0.8700000000000006,0.8600000000000005,0.4682594861347013
0.8700000000000006,0.8500000000000005,0.46825054030006086
0.8700000000000006,0.8400000000000005,0.46824159235704726
0.8700000000000006,0.8300000000000005,0.46823264231851586
0.8700000000000006,0.8200000000000005,0.4682236901973399
0.8700000000000006,0.8100000000000005,0.46821473600641106
0.8700000000000006,0.8000000000000005,0.46820577975863853
0.8700000000000006,0.7900000000000005,0.46819682146694996
0.8700000000000006,0.7800000000000005,0.46818786114429023
0.8700000000000006,0.7700000000000005,0.4681788988036223
0.8700000000000006,0.7600000000000005,0.46816993445792643
0.8700000000000006,0.7500000000000004,0.4681609681202005
0.8700000000000006,0.7400000000000004,0.46815199980346
0.8700000000000006,0.7300000000000004,0.46814302952073716
0.8700000000000006,0.7200000000000004,0.4681340572850819
0.8700000000000006,0.7100000000000004,0.46812508310956114
0.8700000000000006,0.7000000000000004,0.46811610700725836
0.8700000000000006,0.6900000000000004,0.4681071289912747
0.8700000000000006,0.6800000000000004,0.4680981490747276
0.8700000000000006,0.6700000000000004,0.468089167270751
0.8700000000000006,0.6600000000000004,0.4680801835924961
0.8700000000000006,0.6500000000000004,0.46807119805312986
0.8700000000000006,0.6400000000000003,0.4680622106658364
0.8700000000000006,0.6300000000000003,0.4680532214438153
0.8700000000000006,0.6200000000000003,0.468044230400283
0.8700000000000006,0.6100000000000003,0.4680352375484716
0.8700000000000006,0.6000000000000003,0.4680262429016294
0.8700000000000006,0.5900000000000003,0.4680172464730207
0.8700000000000006,0.5800000000000003,0.468008248275925
0.8700000000000006,0.5700000000000003,0.4679992483236383
0.8700000000000006,0.5600000000000003,0.46799024662947164
0.8700000000000006,0.5500000000000003,0.4679812432067515
0.8700000000000006,0.5400000000000003,0.4679722380688198
0.8700000000000006,0.5300000000000002,0.46796323122903394
0.8700000000000006,0.5200000000000002,0.4679542227007661
0.8700000000000006,0.5100000000000002,0.46794521249740384
0.8700000000000006,0.5000000000000002,0.46793620063234936
0.8700000000000006,0.49000000000000027,0.46792718711902
0.8700000000000006,0.48000000000000026,0.46791817197084745
0.8700000000000006,0.47000000000000025,0.4679091552012782
0.8700000000000006,0.46000000000000024,0.4679001368237733
0.8700000000000006,0.45000000000000023,0.46789111685180823
0.8700000000000006,0.4400000000000002,0.46788209529887265
0.8700000000000006,0.4300000000000002,0.4678730721784704
0.8700000000000006,0.4200000000000002,0.4678640475041193
0.8700000000000006,0.4100000000000002,0.46785502128935147
0.8700000000000006,0.4000000000000002,0.46784599354771256
0.8700000000000006,0.3900000000000002,0.46783696429276195
0.8700000000000006,0.38000000000000017,0.46782793353807295
0.8700000000000006,0.37000000000000016,0.4678189012972322
0.8700000000000006,0.36000000000000015,0.4678098675838396
0.8700000000000006,0.35000000000000014,0.46780083241150866
0.8700000000000006,0.34000000000000014,0.4677917957938658
0.8700000000000006,0.3300000000000001,0.4677827577445509
0.8700000000000006,0.3200000000000001,0.4677737182772164
0.8700000000000006,0.3100000000000001,0.46776467740552763
0.8700000000000006,0.3000000000000001,0.467755635143163
0.8700000000000006,0.2900000000000001,0.46774659150381326
0.8700000000000006,0.2800000000000001,0.4677375465011816
0.8700000000000006,0.2700000000000001,0.4677285001489839
0.8700000000000006,0.26000000000000006,0.4677194524609481
0.8700000000000006,0.25000000000000006,0.4677104034508145
0.8700000000000006,0.24000000000000007,0.4677013531323353
0.8700000000000006,0.23000000000000007,0.4676923015192747
0.8700000000000006,0.22000000000000006,0.46768324862540867
0.8700000000000006,0.21000000000000005,0.4676741944645251
0.8700000000000006,0.20000000000000004,0.4676651390504231
0.8700000000000006,0.19000000000000003,0.4676560823969138
0.8700000000000006,0.18000000000000002,0.46764702451781914
0.8700000000000006,0.17,0.46763796542697267
0.8700000000000006,0.16,0.46762890513821903
0.8700000000000006,0.15,0.46761984366541365
0.8700000000000006,0.13999999999999999,0.46761078102242315
0.8700000000000006,0.12999999999999998,0.46760171722312494
0.8700000000000006,0.11999999999999998,0.4675926522814069
0.8700000000000006,0.10999999999999999,0.46758358621116736
0.8700000000000006,0.09999999999999999,0.4675745190263155
0.8700000000000006,0.09,0.4675654507407705
0.8700000000000006,0.08,0.4675563813684616
0.8700000000000006,0.07,0.46754731092332874
0.8700000000000006,0.060000000000000005,0.4675382394193211
0.8700000000000006,0.05,0.4675291668703981
0.8700000000000006,0.04,0.4675200932905288
0.8700000000000006,0.03,0.4675110186936918
0.8700000000000006,0.02,0.46750194309387544
0.8700000000000006,0.01,0.4674928665050768
0.8700000000000006,0,0.46748378894130305
0.8600000000000005,1.0000000000000007,0.46839083103938195
0.8600000000000005,0.9900000000000007,0.46838191626505277
0.8600000000000005,0.9800000000000006,0.46837299920281567
0.8600000000000005,0.9700000000000006,0.46836407986526474
0.8600000000000005,0.9600000000000006,0.4683551582650138
0.8600000000000005,0.9500000000000006,0.4683462344146955
0.8600000000000005,0.9400000000000006,0.4683373083269621
0.8600000000000005,0.9300000000000006,0.4683283800144848
0.8600000000000005,0.9200000000000006,0.4683194494899542
0.8600000000000005,0.9100000000000006,0.4683105167660796
0.8600000000000005,0.9000000000000006,0.4683015818555893
0.8600000000000005,0.8900000000000006,0.4682926447712306
0.8600000000000005,0.8800000000000006,0.4682837055257691
0.8600000000000005,0.8700000000000006,0.4682747641319895
0.8600000000000005,0.8600000000000005,0.4682658206026944
0.8600000000000005,0.8500000000000005,0.4682568749507055
0.8600000000000005,0.8400000000000005,0.4682479271888626
0.8600000000000005,0.8300000000000005,0.46823897733002345
0.8600000000000005,0.8200000000000005,0.4682300253870645
0.8600000000000005,0.8100000000000005,0.46822107137287966
0.8600000000000005,0.8000000000000005,0.46821211530038137
0.8600000000000005,0.7900000000000005,0.4682031571824995
0.8600000000000005,0.7800000000000005,0.46819419703218196
0.8600000000000005,0.7700000000000005,0.468185234862394
0.8600000000000005,0.7600000000000005,0.46817627068611894
0.8600000000000005,0.7500000000000004,0.46816730451635713
0.8600000000000005,0.7400000000000004,0.4681583363661266
0.8600000000000005,0.7300000000000004,0.46814936624846243
0.8600000000000005,0.7200000000000004,0.46814039417641706
0.8600000000000005,0.7100000000000004,0.4681314201630599
0.8600000000000005,0.7000000000000004,0.4681224442214774
0.8600000000000005,0.6900000000000004,0.46811346636477275
0.8600000000000005,0.6800000000000004,0.46810448660606635
0.8600000000000005,0.6700000000000004,0.46809550495849467
0.8600000000000005,0.6600000000000004,0.46808652143521123
0.8600000000000005,0.6500000000000004,0.46807753604938585
0.8600000000000005,0.6400000000000003,0.4680685488142047
0.8600000000000005,0.6300000000000003,0.46805955974287045
0.8600000000000005,0.6200000000000003,0.4680505688486015
0.8600000000000005,0.6100000000000003,0.46804157614463293
0.8600000000000005,0.6000000000000003,0.46803258164421513
0.8600000000000005,0.5900000000000003,0.468023585360615
0.8600000000000005,0.5800000000000003,0.4680145873071146
0.8600000000000005,0.5700000000000003,0.46800558749701215
0.8600000000000005,0.5600000000000003,0.4679965859436211
0.8600000000000005,0.5500000000000003,0.4679875826602706
0.8600000000000005,0.5400000000000003,0.46797857766030476
0.8600000000000005,0.5300000000000002,0.46796957095708336
0.8600000000000005,0.5200000000000002,0.46796056256398116
0.8600000000000005,0.5100000000000002,0.46795155249438775
0.8600000000000005,0.5000000000000002,0.4679425407617079
0.8600000000000005,0.49000000000000027,0.4679335273793611
0.8600000000000005,0.48000000000000026,0.46792451236078153
0.8600000000000005,0.47000000000000025,0.46791549571941804
0.8600000000000005,0.46000000000000024,0.4679064774687338
0.8600000000000005,0.45000000000000023,0.4678974576222065
0.8600000000000005,0.4400000000000002,0.4678884361933282
0.8600000000000005,0.4300000000000002,0.46787941319560494
0.8600000000000005,0.4200000000000002,0.46787038864255687
0.8600000000000005,0.4100000000000002,0.46786136254771804
0.8600000000000005,0.4000000000000002,0.46785233492463657
0.8600000000000005,0.3900000000000002,0.4678433057868741
0.8600000000000005,0.38000000000000017,0.46783427514800585
0.8600000000000005,0.37000000000000016,0.4678252430216206
0.8600000000000005,0.36000000000000015,0.46781620942132074
0.8600000000000005,0.35000000000000014,0.46780717436072156
0.8600000000000005,0.34000000000000014,0.467798137853452
0.8600000000000005,0.3300000000000001,0.46778909991315343
0.8600000000000005,0.3200000000000001,0.4677800605534808
0.8600000000000005,0.3100000000000001,0.46777101978810154
0.8600000000000005,0.3000000000000001,0.4677619776306959
0.8600000000000005,0.2900000000000001,0.4677529340949567
0.8600000000000005,0.2800000000000001,0.46774388919458937
0.8600000000000005,0.2700000000000001,0.46773484294331164
0.8600000000000005,0.26000000000000006,0.4677257953548534
0.8600000000000005,0.25000000000000006,0.4677167464429572
0.8600000000000005,0.24000000000000007,0.46770769622137676
0.8600000000000005,0.23000000000000007,0.4676986447038785
0.8600000000000005,0.22000000000000006,0.46768959190424036
0.8600000000000005,0.21000000000000005,0.467680537836252
0.8600000000000005,0.20000000000000004,0.46767148251371465
0.8600000000000005,0.19000000000000003,0.46766242595044094
0.8600000000000005,0.18000000000000002,0.46765336816025505
0.8600000000000005,0.17,0.46764430915699234
0.8600000000000005,0.16,0.4676352489544991
0.8600000000000005,0.15,0.4676261875666329
0.8600000000000005,0.13999999999999999,0.4676171250072618
0.8600000000000005,0.12999999999999998,0.4676080612902651
0.8600000000000005,0.11999999999999998,0.4675989964295325
0.8600000000000005,0.10999999999999999,0.4675899304389643
0.8600000000000005,0.09999999999999999,0.467580863332471
0.8600000000000005,0.09,0.4675717951239738
0.8600000000000005,0.08,0.46756272582740366
0.8600000000000005,0.07,0.46755365545670213
0.8600000000000005,0.060000000000000005,0.46754458402581994
0.8600000000000005,0.05,0.4675355115487184
0.8600000000000005,0.04,0.46752643803936816
0.8600000000000005,0.03,0.4675173635117494
0.8600000000000005,0.02,0.4675082879798519
0.8600000000000005,0.01,0.4674992114576748
0.8600000000000005,0,0.4674901339592263
0.8500000000000005,1.0000000000000007,0.46839716265335907
0.8500000000000005,0.9900000000000007,0.4683882480859237
0.8500000000000005,0.9800000000000006,0.46837933122906283
0.8500000000000005,0.9700000000000006,0.46837041209537317
0.8500000000000005,0.9600000000000006,0.4683614906974713
0.8500000000000005,0.9500000000000006,0.46835256704799305
0.8500000000000005,0.9400000000000006,0.46834364115959326
0.8500000000000005,0.9300000000000006,0.46833471304494606
0.8500000000000005,0.9200000000000006,0.46832578271674485
0.8500000000000005,0.9100000000000006,0.4683168501877019
0.8500000000000005,0.9000000000000006,0.46830791547054823
0.8500000000000005,0.8900000000000006,0.4682989785780337
0.8500000000000005,0.8800000000000006,0.4682900395229268
0.8500000000000005,0.8700000000000006,0.4682810983180151
0.8500000000000005,0.8600000000000005,0.4682721549761041
0.8500000000000005,0.8500000000000005,0.468263209510018
0.8500000000000005,0.8400000000000005,0.4682542619325992
0.8500000000000005,0.8300000000000005,0.4682453122567087
0.8500000000000005,0.8200000000000005,0.4682363604952251
0.8500000000000005,0.8100000000000005,0.46822740666104545
0.8500000000000005,0.8000000000000005,0.4682184507670846
0.8500000000000005,0.7900000000000005,0.46820949282627516
0.8500000000000005,0.7800000000000005,0.46820053285156776
0.8500000000000005,0.7700000000000005,0.46819157085593055
0.8500000000000005,0.7600000000000005,0.468182606852349
0.8500000000000005,0.7500000000000004,0.4681736408538266
0.8500000000000005,0.7400000000000004,0.4681646728733836
0.8500000000000005,0.7300000000000004,0.4681557029240579
0.8500000000000005,0.7200000000000004,0.4681467310189045
0.8500000000000005,0.7100000000000004,0.4681377571709954
0.8500000000000005,0.7000000000000004,0.4681287813934197
0.8500000000000005,0.6900000000000004,0.46811980369928324
0.8500000000000005,0.6800000000000004,0.4681108241017084
0.8500000000000005,0.6700000000000004,0.4681018426138349
0.8500000000000005,0.6600000000000004,0.4680928592488186
0.8500000000000005,0.6500000000000004,0.4680838740198317
0.8500000000000005,0.6400000000000003,0.46807488694006305
0.8500000000000005,0.6300000000000003,0.4680658980227175
0.8500000000000005,0.6200000000000003,0.4680569072810163
0.8500000000000005,0.6100000000000003,0.4680479147281967
0.8500000000000005,0.6000000000000003,0.4680389203775118
0.8500000000000005,0.5900000000000003,0.46802992424223067
0.8500000000000005,0.5800000000000003,0.4680209263356381
0.8500000000000005,0.5700000000000003,0.46801192667103453
0.8500000000000005,0.5600000000000003,0.4680029252617359
0.8500000000000005,0.5500000000000003,0.4679939221210736
0.8500000000000005,0.5400000000000003,0.4679849172623944
0.8500000000000005,0.5300000000000002,0.4679759106990602
0.8500000000000005,0.5200000000000002,0.4679669024444482
0.8500000000000005,0.5100000000000002,0.4679578925119504
0.8500000000000005,0.5000000000000002,0.4679488809149738
0.8500000000000005,0.49000000000000027,0.4679398676669402
0.8500000000000005,0.48000000000000026,0.4679308527812862
0.8500000000000005,0.47000000000000025,0.46792183627146267
0.8500000000000005,0.46000000000000024,0.46791281815093533
0.8500000000000005,0.45000000000000023,0.4679037984331841
0.8500000000000005,0.4400000000000002,0.4678947771317031
0.8500000000000005,0.4300000000000002,0.46788575426000056
0.8500000000000005,0.4200000000000002,0.4678767298315991
0.8500000000000005,0.4100000000000002,0.46786770386003484
0.8500000000000005,0.4000000000000002,0.46785867635885814
0.8500000000000005,0.3900000000000002,0.46784964734163276
0.8500000000000005,0.38000000000000017,0.46784061682193606
0.8500000000000005,0.37000000000000016,0.46783158481335907
0.8500000000000005,0.36000000000000015,0.4678225513295061
0.8500000000000005,0.35000000000000014,0.4678135163839949
0.8500000000000005,0.34000000000000014,0.46780447999045605
0.8500000000000005,0.3300000000000001,0.4677954421625333
0.8500000000000005,0.3200000000000001,0.4677864029138836
0.8500000000000005,0.3100000000000001,0.4677773622581765
0.8500000000000005,0.3000000000000001,0.46776832020909426
0.8500000000000005,0.2900000000000001,0.4677592767803317
0.8500000000000005,0.2800000000000001,0.4677502319855963
0.8500000000000005,0.2700000000000001,0.4677411858386075
0.8500000000000005,0.26000000000000006,0.46773213835309774
0.8500000000000005,0.25000000000000006,0.46772308954281083
0.8500000000000005,0.24000000000000007,0.467714039421503
0.8500000000000005,0.23000000000000007,0.46770498800294247
0.8500000000000005,0.22000000000000006,0.4676959353009089
0.8500000000000005,0.21000000000000005,0.4676868813291941
0.8500000000000005,0.20000000000000004,0.46767782610160114
0.8500000000000005,0.19000000000000003,0.4676687696319443
0.8500000000000005,0.18000000000000002,0.4676597119340499
0.8500000000000005,0.17,0.467650653021755
0.8500000000000005,0.16,0.46764159290890767
0.8500000000000005,0.15,0.46763253160936713
0.8500000000000005,0.13999999999999999,0.46762346913700387
0.8500000000000005,0.12999999999999998,0.46761440550569827
0.8500000000000005,0.11999999999999998,0.46760534072934207
0.8500000000000005,0.10999999999999999,0.4675962748218372
0.8500000000000005,0.09999999999999999,0.4675872077970961
0.8500000000000005,0.09,0.4675781396690416
0.8500000000000005,0.08,0.46756907045160634
0.8500000000000005,0.07,0.4675600001587333
0.8500000000000005,0.060000000000000005,0.4675509288043754
0.8500000000000005,0.05,0.46754185640249507
0.8500000000000005,0.04,0.46753278296706485
0.8500000000000005,0.03,0.46752370851206637
0.8500000000000005,0.02,0.46751463305149116
0.8500000000000005,0.01,0.4675055565993399
0.8500000000000005,0,0.4674964791696224
0.8400000000000005,1.0000000000000007,0.4684034941229917
0.8400000000000005,0.9900000000000007,0.46839457976566434
0.8400000000000005,0.9800000000000006,0.4683856631173963
0.8400000000000005,0.9700000000000006,0.4683767441907874
0.8400000000000005,0.9600000000000006,0.46836782299845686
0.8400000000000005,0.9500000000000006,0.46835889955304333
0.8400000000000005,0.9400000000000006,0.46834997386720456
0.8400000000000005,0.9300000000000006,0.4683410459536176
0.8400000000000005,0.9200000000000006,0.4683321158249784
0.8400000000000005,0.9100000000000006,0.46832318349400226
0.8400000000000005,0.9000000000000006,0.46831424897342266
0.8400000000000005,0.8900000000000006,0.46830531227599254
0.8400000000000005,0.8800000000000006,0.46829637341448316
0.8400000000000005,0.8700000000000006,0.46828743240168474
0.8400000000000005,0.8600000000000005,0.4682784892504055
0.8400000000000005,0.8500000000000005,0.4682695439734723
0.8400000000000005,0.8400000000000005,0.46826059658373065
0.8400000000000005,0.8300000000000005,0.46825164709404377
0.8400000000000005,0.8200000000000005,0.4682426955172934
0.8400000000000005,0.8100000000000005,0.46823374186637884
0.8400000000000005,0.8000000000000005,0.468224786154218
0.8400000000000005,0.7900000000000005,0.4682158283937461
0.8400000000000005,0.7800000000000005,0.46820686859791616
0.8400000000000005,0.7700000000000005,0.4681979067796992
0.8400000000000005,0.7600000000000005,0.4681889429520833
0.8400000000000005,0.7500000000000004,0.46817997712807435
0.8400000000000005,0.7400000000000004,0.4681710093206957
0.8400000000000005,0.7300000000000004,0.46816203954298746
0.8400000000000005,0.7200000000000004,0.4681530678080074
0.8400000000000005,0.7100000000000004,0.46814409412882985
0.8400000000000005,0.7000000000000004,0.4681351185185467
0.8400000000000005,0.6900000000000004,0.4681261409902662
0.8400000000000005,0.6800000000000004,0.4681171615571137
0.8400000000000005,0.6700000000000004,0.46810818023223094
0.8400000000000005,0.6600000000000004,0.46809919702877645
0.8400000000000005,0.6500000000000004,0.46809021195992495
0.8400000000000005,0.6400000000000003,0.4680812250388677
0.8400000000000005,0.6300000000000003,0.46807223627881206
0.8400000000000005,0.6200000000000003,0.46806324569298197
0.8400000000000005,0.6100000000000003,0.4680542532946169
0.8400000000000005,0.6000000000000003,0.4680452590969725
0.8400000000000005,0.5900000000000003,0.46803626311332014
0.8400000000000005,0.5800000000000003,0.46802726535694733
0.8400000000000005,0.5700000000000003,0.4680182658411564
0.8400000000000005,0.5600000000000003,0.4680092645792661
0.8400000000000005,0.5500000000000003,0.4680002615846101
0.8400000000000005,0.5400000000000003,0.46799125687053755
0.8400000000000005,0.5300000000000002,0.4679822504504126
0.8400000000000005,0.5200000000000002,0.46797324233761495
0.8400000000000005,0.5100000000000002,0.4679642325455386
0.8400000000000005,0.5000000000000002,0.46795522108759313
0.8400000000000005,0.49000000000000027,0.46794620797720266
0.8400000000000005,0.48000000000000026,0.46793719322780586
0.8400000000000005,0.47000000000000025,0.4679281768528561
0.8400000000000005,0.46000000000000024,0.4679191588658212
0.8400000000000005,0.45000000000000023,0.4679101392801834
0.8400000000000005,0.4400000000000002,0.467901118109439
0.8400000000000005,0.4300000000000002,0.4678920953670986
0.8400000000000005,0.4200000000000002,0.4678830710666868
0.8400000000000005,0.4100000000000002,0.467874045221742
0.8400000000000005,0.4000000000000002,0.46786501784581663
0.8400000000000005,0.3900000000000002,0.46785598895247665
0.8400000000000005,0.38000000000000017,0.46784695855530173
0.8400000000000005,0.37000000000000016,0.4678379266678848
0.8400000000000005,0.36000000000000015,0.4678288933038326
0.8400000000000005,0.35000000000000014,0.4678198584767645
0.8400000000000005,0.34000000000000014,0.4678108222003135
0.8400000000000005,0.3300000000000001,0.46780178448812537
0.8400000000000005,0.3200000000000001,0.46779274535385906
0.8400000000000005,0.3100000000000001,0.4677837048111862
0.8400000000000005,0.3000000000000001,0.46777466287379094
0.8400000000000005,0.2900000000000001,0.4677656195553704
0.8400000000000005,0.2800000000000001,0.46775657486963373
0.8400000000000005,0.2700000000000001,0.4677475288303026
0.8400000000000005,0.26000000000000006,0.46773848145111113
0.8400000000000005,0.25000000000000006,0.4677294327458055
0.8400000000000005,0.24000000000000007,0.4677203827281435
0.8400000000000005,0.23000000000000007,0.46771133141189536
0.8400000000000005,0.22000000000000006,0.4677022788108427
0.8400000000000005,0.21000000000000005,0.4676932249387793
0.8400000000000005,0.20000000000000004,0.46768416980950966
0.8400000000000005,0.19000000000000003,0.46767511343685053
0.8400000000000005,0.18000000000000002,0.4676660558346296
0.8400000000000005,0.17,0.46765699701668595
0.8400000000000005,0.16,0.4676479369968694
0.8400000000000005,0.15,0.46763887578904123
0.8400000000000005,0.13999999999999999,0.46762981340707316
0.8400000000000005,0.12999999999999998,0.46762074986484775
0.8400000000000005,0.11999999999999998,0.4676116851762584
0.8400000000000005,0.10999999999999999,0.4676026193552087
0.8400000000000005,0.09999999999999999,0.4675935524156129
0.8400000000000005,0.09,0.4675844843713953
0.8400000000000005,0.08,0.4675754152364905
0.8400000000000005,0.07,0.467566345024843
0.8400000000000005,0.060000000000000005,0.4675572737504071
0.8400000000000005,0.05,0.4675482014271475
0.8400000000000005,0.04,0.46753912806903775
0.8400000000000005,0.03,0.4675300536900614
0.8400000000000005,0.02,0.46752097830421147
0.8400000000000005,0.01,0.4675119019254902
0.8400000000000005,0,0.46750282456790876
0.8300000000000005,1.0000000000000007,0.46840982544376725
0.8300000000000005,0.9900000000000007,0.4684009112997611
0.8300000000000005,0.9800000000000006,0.46839199486330185
0.8300000000000005,0.9700000000000006,0.46838307614699215
0.8300000000000005,0.9600000000000006,0.46837415516345415
0.8300000000000005,0.9500000000000006,0.4683652319253292
0.8300000000000005,0.9400000000000006,0.46835630644527787
0.8300000000000005,0.9300000000000006,0.46834737873598
0.8300000000000005,0.9200000000000006,0.4683384488101345
0.8300000000000005,0.9100000000000006,0.4683295166804592
0.8300000000000005,0.9000000000000006,0.46832058235969054
0.8300000000000005,0.8900000000000006,0.4683116458605842
0.8300000000000005,0.8800000000000006,0.4683027071959143
0.8300000000000005,0.8700000000000006,0.4682937663784734
0.8300000000000005,0.8600000000000005,0.46828482342107275
0.8300000000000005,0.8500000000000005,0.4682758783365421
0.8300000000000005,0.8400000000000005,0.4682669311377293
0.8300000000000005,0.8300000000000005,0.4682579818375005
0.8300000000000005,0.8200000000000005,0.4682490304487399
0.8300000000000005,0.8100000000000005,0.4682400769843499
0.8300000000000005,0.8000000000000005,0.46823112145725054
0.8300000000000005,0.7900000000000005,0.4682221638803799
0.8300000000000005,0.7800000000000005,0.46821320426669405
0.8300000000000005,0.7700000000000005,0.468204242629166
0.8300000000000005,0.7600000000000005,0.46819527898078694
0.8300000000000005,0.7500000000000004,0.4681863133345653
0.8300000000000005,0.7400000000000004,0.4681773457035266
0.8300000000000005,0.7300000000000004,0.468168376100714
0.8300000000000005,0.7200000000000004,0.46815940453918753
0.8300000000000005,0.7100000000000004,0.4681504310320245
0.8300000000000005,0.7000000000000004,0.4681414555923189
0.8300000000000005,0.6900000000000004,0.4681324782331818
0.8300000000000005,0.6800000000000004,0.46812349896774086
0.8300000000000005,0.6700000000000004,0.4681145178091406
0.8300000000000005,0.6600000000000004,0.4681055347705417
0.8300000000000005,0.6500000000000004,0.46809654986512167
0.8300000000000005,0.6400000000000003,0.4680875631060742
0.8300000000000005,0.6300000000000003,0.46807857450660917
0.8300000000000005,0.6200000000000003,0.46806958407995264
0.8300000000000005,0.6100000000000003,0.4680605918393469
0.8300000000000005,0.6000000000000003,0.46805159779804995
0.8300000000000005,0.5900000000000003,0.4680426019693354
0.8300000000000005,0.5800000000000003,0.46803360436649316
0.8300000000000005,0.5700000000000003,0.4680246050028282
0.8300000000000005,0.5600000000000003,0.46801560389166147
0.8300000000000005,0.5500000000000003,0.46800660104632896
0.8300000000000005,0.5400000000000003,0.4679975964801822
0.8300000000000005,0.5300000000000002,0.4679885902065878
0.8300000000000005,0.5200000000000002,0.4679795822389275
0.8300000000000005,0.5100000000000002,0.4679705725905979
0.8300000000000005,0.5000000000000002,0.4679615612750108
0.8300000000000005,0.49000000000000027,0.46795254830559263
0.8300000000000005,0.48000000000000026,0.4679435336957841
0.8300000000000005,0.47000000000000025,0.4679345174590412
0.8300000000000005,0.46000000000000024,0.4679254996088337
0.8300000000000005,0.45000000000000023,0.467916480158646
0.8300000000000005,0.4400000000000002,0.4679074591219769
0.8300000000000005,0.4300000000000002,0.4678984365123389
0.8300000000000005,0.4200000000000002,0.4678894123432591
0.8300000000000005,0.4100000000000002,0.467880386628278
0.8300000000000005,0.4000000000000002,0.46787135938095
0.8300000000000005,0.3900000000000002,0.4678623306148431
0.8300000000000005,0.38000000000000017,0.46785330034353956
0.8300000000000005,0.37000000000000016,0.46784426858063405
0.8300000000000005,0.36000000000000015,0.4678352353397353
0.8300000000000005,0.35000000000000014,0.4678262006344651
0.8300000000000005,0.34000000000000014,0.4678171644784585
0.8300000000000005,0.3300000000000001,0.4678081268853632
0.8300000000000005,0.3200000000000001,0.46779908786884006
0.8300000000000005,0.3100000000000001,0.46779004744256286
0.8300000000000005,0.3000000000000001,0.46778100562021796
0.8300000000000005,0.2900000000000001,0.46777196241550395
0.8300000000000005,0.2800000000000001,0.46776291784213236
0.8300000000000005,0.2700000000000001,0.46775387191382695
0.8300000000000005,0.26000000000000006,0.46774482464432343
0.8300000000000005,0.25000000000000006,0.46773577604737
0.8300000000000005,0.24000000000000007,0.46772672613672645
0.8300000000000005,0.23000000000000007,0.4677176749261649
0.8300000000000005,0.22000000000000006,0.4677086224294689
0.8300000000000005,0.21000000000000005,0.4676995686604337
0.8300000000000005,0.20000000000000004,0.4676905136328663
0.8300000000000005,0.19000000000000003,0.4676814573605849
0.8300000000000005,0.18000000000000002,0.46767239985741915
0.8300000000000005,0.17,0.46766334113720964
0.8300000000000005,0.16,0.4676542812138084
0.8300000000000005,0.15,0.4676452201010782
0.8300000000000005,0.13999999999999999,0.46763615781289253
0.8300000000000005,0.12999999999999998,0.46762709436313593
0.8300000000000005,0.11999999999999998,0.4676180297657033
0.8300000000000005,0.10999999999999999,0.46760896403450003
0.8300000000000005,0.09999999999999999,0.46759989718344197
0.8300000000000005,0.09,0.4675908292264552
0.8300000000000005,0.08,0.4675817601774758
0.8300000000000005,0.07,0.4675726900504501
0.8300000000000005,0.060000000000000005,0.46756361885933423
0.8300000000000005,0.05,0.4675545466180938
0.8300000000000005,0.04,0.4675454733407048
0.8300000000000005,0.03,0.4675363990411518
0.8300000000000005,0.02,0.4675273237334295
0.8300000000000005,0.01,0.4675182474315417
0.8300000000000005,0,0.4675091701495013
0.8200000000000005,1.0000000000000007,0.46841615661117253
0.8200000000000005,0.9900000000000007,0.46840724268369976
0.8200000000000005,0.9800000000000006,0.46839832646226415
0.8200000000000005,0.9700000000000006,0.46838940795947126
0.8200000000000005,0.9600000000000006,0.46838048718794584
0.8200000000000005,0.9500000000000006,0.4683715641603323
0.8200000000000005,0.9400000000000006,0.46836263888929386
0.8200000000000005,0.9300000000000006,0.46835371138751325
0.8200000000000005,0.9200000000000006,0.46834478166769217
0.8200000000000005,0.9100000000000006,0.46833584974255094
0.8200000000000005,0.9000000000000006,0.4683269156248292
0.8200000000000005,0.8900000000000006,0.4683179793272849
0.8200000000000005,0.8800000000000006,0.46830904086269515
0.8200000000000005,0.8700000000000006,0.46830010024385543
0.8200000000000005,0.8600000000000005,0.46829115748357936
0.8200000000000005,0.8500000000000005,0.46828221259469965
0.8200000000000005,0.8400000000000005,0.46827326559006666
0.8200000000000005,0.8300000000000005,0.46826431648254924
0.8200000000000005,0.8200000000000005,0.46825536528503436
0.8200000000000005,0.8100000000000005,0.46824641201042705
0.8200000000000005,0.8000000000000005,0.4682374566716501
0.8200000000000005,0.7900000000000005,0.4682284992816442
0.8200000000000005,0.7800000000000005,0.46821953985336767
0.8200000000000005,0.7700000000000005,0.4682105783997965
0.8200000000000005,0.7600000000000005,0.4682016149339246
0.8200000000000005,0.7500000000000004,0.46819264946876266
0.8200000000000005,0.7400000000000004,0.46818368201733895
0.8200000000000005,0.7300000000000004,0.46817471259269927
0.8200000000000005,0.7200000000000004,0.46816574120790616
0.8200000000000005,0.7100000000000004,0.4681567678760393
0.8200000000000005,0.7000000000000004,0.46814779261019557
0.8200000000000005,0.6900000000000004,0.46813881542348823
0.8200000000000005,0.6800000000000004,0.46812983632904764
0.8200000000000005,0.6700000000000004,0.46812085534002057
0.8200000000000005,0.6600000000000004,0.46811187246957053
0.8200000000000005,0.6500000000000004,0.4681028877308774
0.8200000000000005,0.6400000000000003,0.4680939011371373
0.8200000000000005,0.6300000000000003,0.46808491270156244
0.8200000000000005,0.6200000000000003,0.46807592243738144
0.8200000000000005,0.6100000000000003,0.46806693035783886
0.8200000000000005,0.6000000000000003,0.4680579364761953
0.8200000000000005,0.5900000000000003,0.46804894080572684
0.8200000000000005,0.5800000000000003,0.46803994335972554
0.8200000000000005,0.5700000000000003,0.4680309441514989
0.8200000000000005,0.5600000000000003,0.46802194319437007
0.8200000000000005,0.5500000000000003,0.4680129405016775
0.8200000000000005,0.5400000000000003,0.46800393608677515
0.8200000000000005,0.5300000000000002,0.46799492996303166
0.8200000000000005,0.5200000000000002,0.4679859221438314
0.8200000000000005,0.5100000000000002,0.46797691264257324
0.8200000000000005,0.5000000000000002,0.4679679014726709
0.8200000000000005,0.49000000000000027,0.4679588886475533
0.8200000000000005,0.48000000000000026,0.46794987418066364
0.8200000000000005,0.47000000000000025,0.4679408580854596
0.8200000000000005,0.46000000000000024,0.4679318403754136
0.8200000000000005,0.45000000000000023,0.46792282106401234
0.8200000000000005,0.4400000000000002,0.46791380016475637
0.8200000000000005,0.4300000000000002,0.46790477769116084
0.8200000000000005,0.4200000000000002,0.46789575365675456
0.8200000000000005,0.4100000000000002,0.46788672807508047
0.8200000000000005,0.4000000000000002,0.46787770095969505
0.8200000000000005,0.3900000000000002,0.4678686723241687
0.8200000000000005,0.38000000000000017,0.4678596421820851
0.8200000000000005,0.37000000000000016,0.46785061054704163
0.8200000000000005,0.36000000000000015,0.4678415774326489
0.8200000000000005,0.35000000000000014,0.46783254285253084
0.8200000000000005,0.34000000000000014,0.4678235068203242
0.8200000000000005,0.3300000000000001,0.4678144693496792
0.8200000000000005,0.3200000000000001,0.4678054304542585
0.8200000000000005,0.3100000000000001,0.4677963901477379
0.8200000000000005,0.3000000000000001,0.46778734844380543
0.8200000000000005,0.2900000000000001,0.46777830535616244
0.8200000000000005,0.2800000000000001,0.4677692608985217
0.8200000000000005,0.2700000000000001,0.46776021508460913
0.8200000000000005,0.26000000000000006,0.4677511679281625
0.8200000000000005,0.25000000000000006,0.46774211944293187
0.8200000000000005,0.24000000000000007,0.46773306964267886
0.8200000000000005,0.23000000000000007,0.46772401854117746
0.8200000000000005,0.22000000000000006,0.467714966152213
0.8200000000000005,0.21000000000000005,0.4677059124895828
0.8200000000000005,0.20000000000000004,0.4676968575670957
0.8200000000000005,0.19000000000000003,0.4676878013985717
0.8200000000000005,0.18000000000000002,0.467678743997842
0.8200000000000005,0.17,0.46766968537874926
0.8200000000000005,0.16,0.46766062555514704
0.8200000000000005,0.15,0.4676515645409001
0.8200000000000005,0.13999999999999999,0.46764250234988364
0.8200000000000005,0.12999999999999998,0.4676334389959838
0.8200000000000005,0.11999999999999998,0.46762437449309713
0.8200000000000005,0.10999999999999999,0.467615308855131
0.8200000000000005,0.09999999999999999,0.4676062420960027
0.8200000000000005,0.09,0.46759717422964003
0.8200000000000005,0.08,0.4675881052699808
0.8200000000000005,0.07,0.4675790352309729
0.8200000000000005,0.060000000000000005,0.4675699641265739
0.8200000000000005,0.05,0.4675608919707513
0.8200000000000005,0.04,0.4675518187774823
0.8200000000000005,0.03,0.4675427445607535
0.8200000000000005,0.02,0.4675336693345608
0.8200000000000005,0.01,0.4675245931129097
0.8200000000000005,0,0.46751551590981444
0.8100000000000005,1.0000000000000007,0.4684224876206935
0.8100000000000005,0.9900000000000007,0.4684135739129653
0.8100000000000005,0.9800000000000006,0.4684046579097672
0.8100000000000005,0.9700000000000006,0.4683957396237076
0.8100000000000005,0.9600000000000006,0.46838681906741403
0.8100000000000005,0.9500000000000006,0.46837789625353365
0.8100000000000005,0.9400000000000006,0.4683689711947327
0.8100000000000005,0.9300000000000006,0.4683600439036965
0.8100000000000005,0.9200000000000006,0.4683511143931294
0.8100000000000005,0.9100000000000006,0.46834218267575467
0.8100000000000005,0.9000000000000006,0.46833324876431454
0.8100000000000005,0.8900000000000006,0.46832431267156993
0.8100000000000005,0.8800000000000006,0.4683153744103004
0.8100000000000005,0.8700000000000006,0.46830643399330424
0.8100000000000005,0.8600000000000005,0.46829749143339794
0.8100000000000005,0.8500000000000005,0.4682885467434166
0.8100000000000005,0.8400000000000005,0.46827959993621343
0.8100000000000005,0.8300000000000005,0.46827065102466003
0.8100000000000005,0.8200000000000005,0.46826170002164585
0.8100000000000005,0.8100000000000005,0.4682527469400787
0.8100000000000005,0.8000000000000005,0.4682437917928838
0.8100000000000005,0.7900000000000005,0.46823483459300475
0.8100000000000005,0.7800000000000005,0.4682258753534023
0.8100000000000005,0.7700000000000005,0.46821691408705524
0.8100000000000005,0.7600000000000005,0.46820795080695976
0.8100000000000005,0.7500000000000004,0.46819898552612926
0.8100000000000005,0.7400000000000004,0.4681900182575949
0.8100000000000005,0.7300000000000004,0.46818104901440444
0.8100000000000005,0.7200000000000004,0.46817207780962333
0.8100000000000005,0.7100000000000004,0.4681631046563338
0.8100000000000005,0.7000000000000004,0.4681541295676352
0.8100000000000005,0.6900000000000004,0.46814515255664324
0.8100000000000005,0.6800000000000004,0.4681361736364907
0.8100000000000005,0.6700000000000004,0.4681271928203273
0.8100000000000005,0.6600000000000004,0.4681182101213182
0.8100000000000005,0.6500000000000004,0.4681092255526464
0.8100000000000005,0.6400000000000003,0.46810023912751025
0.8100000000000005,0.6300000000000003,0.46809125085912445
0.8100000000000005,0.6200000000000003,0.4680822607607201
0.8100000000000005,0.6100000000000003,0.4680732688455439
0.8100000000000005,0.6000000000000003,0.4680642751268591
0.8100000000000005,0.5900000000000003,0.468055279617944
0.8100000000000005,0.5800000000000003,0.4680462823320932
0.8100000000000005,0.5700000000000003,0.4680372832826164
0.8100000000000005,0.5600000000000003,0.4680282824828393
0.8100000000000005,0.5500000000000003,0.4680192799461025
0.8100000000000005,0.5400000000000003,0.46801027568576203
0.8100000000000005,0.5300000000000002,0.4680012697151895
0.8100000000000005,0.5200000000000002,0.46799226204777095
0.8100000000000005,0.5100000000000002,0.46798325269690777
0.8100000000000005,0.5000000000000002,0.46797424167601614
0.8100000000000005,0.49000000000000027,0.4679652289985269
0.8100000000000005,0.48000000000000026,0.4679562146778855
0.8100000000000005,0.47000000000000025,0.4679471987275522
0.8100000000000005,0.46000000000000024,0.4679381811610012
0.8100000000000005,0.45000000000000023,0.4679291619917215
0.8100000000000005,0.4400000000000002,0.4679201412332162
0.8100000000000005,0.4300000000000002,0.46791111889900205
0.8100000000000005,0.4200000000000002,0.4679020950026103
0.8100000000000005,0.4100000000000002,0.46789306955758614
0.8100000000000005,0.4000000000000002,0.46788404257748784
0.8100000000000005,0.3900000000000002,0.4678750140758882
0.8100000000000005,0.38000000000000017,0.467865984066373
0.8100000000000005,0.37000000000000016,0.46785695256254156
0.8100000000000005,0.36000000000000015,0.4678479195780064
0.8100000000000005,0.35000000000000014,0.4678388851263939
0.8100000000000005,0.34000000000000014,0.4678298492213425
0.8100000000000005,0.3300000000000001,0.46782081187650454
0.8100000000000005,0.3200000000000001,0.4678117731055449
0.8100000000000005,0.3100000000000001,0.467802732922141
0.8100000000000005,0.3000000000000001,0.4677936913399832
0.8100000000000005,0.2900000000000001,0.46778464837277445
0.8100000000000005,0.2800000000000001,0.4677756040342298
0.8100000000000005,0.2700000000000001,0.46776655833807695
0.8100000000000005,0.26000000000000006,0.46775751129805554
0.8100000000000005,0.25000000000000006,0.4677484629279174
0.8100000000000005,0.24000000000000007,0.46773941324142637
0.8100000000000005,0.23000000000000007,0.4677303622523582
0.8100000000000005,0.22000000000000006,0.46772130997449995
0.8100000000000005,0.21000000000000005,0.4677122564216509
0.8100000000000005,0.20000000000000004,0.4677032016076215
0.8100000000000005,0.19000000000000003,0.4676941455462336
0.8100000000000005,0.18000000000000002,0.46768508825132055
0.8100000000000005,0.17,0.4676760297367264
0.8100000000000005,0.16,0.46766697001630675
0.8100000000000005,0.15,0.46765790910392774
0.8100000000000005,0.13999999999999999,0.4676488470134665
0.8100000000000005,0.12999999999999998,0.4676397837588108
0.8100000000000005,0.11999999999999998,0.46763071935385925
0.8100000000000005,0.10999999999999999,0.46762165381252024
0.8100000000000005,0.09999999999999999,0.4676125871487133
0.8100000000000005,0.09,0.4676035193763675
0.8100000000000005,0.08,0.46759445050942255
0.8100000000000005,0.07,0.4675853805618276
0.8100000000000005,0.060000000000000005,0.46757630954754226
0.8100000000000005,0.05,0.4675672374805354
0.8100000000000005,0.04,0.4675581643747857
0.8100000000000005,0.03,0.4675490902442813
0.8100000000000005,0.02,0.4675400151030198
0.8100000000000005,0.01,0.46753093896500797
0.8100000000000005,0,0.46752186184426175
0.8000000000000005,1.0000000000000007,0.46842881846781514
0.8000000000000005,0.9900000000000007,0.46841990498304176
0.8000000000000005,0.9800000000000006,0.46841098920129404
0.8000000000000005,0.9700000000000006,0.4684020711351833
0.8000000000000005,0.9600000000000006,0.4683931507973399
0.8000000000000005,0.9500000000000006,0.46838422820041375
0.8000000000000005,0.9400000000000006,0.4683753033570736
0.8000000000000005,0.9300000000000006,0.4683663762800079
0.8000000000000005,0.9200000000000006,0.4683574469819235
0.8000000000000005,0.9100000000000006,0.46834851547554657
0.8000000000000005,0.9000000000000006,0.4683395817736221
0.8000000000000005,0.8900000000000006,0.46833064588891365
0.8000000000000005,0.8800000000000006,0.4683217078342035
0.8000000000000005,0.8700000000000006,0.46831276762229246
0.8000000000000005,0.8600000000000005,0.46830382526599995
0.8000000000000005,0.8500000000000005,0.46829488077816356
0.8000000000000005,0.8400000000000005,0.4682859341716394
0.8000000000000005,0.8300000000000005,0.4682769854593015
0.8000000000000005,0.8200000000000005,0.4682680346540422
0.8000000000000005,0.8100000000000005,0.4682590817687716
0.8000000000000005,0.8000000000000005,0.4682501268164179
0.8000000000000005,0.7900000000000005,0.46824116980992697
0.8000000000000005,0.7800000000000005,0.4682322107622624
0.8000000000000005,0.7700000000000005,0.46822324968640566
0.8000000000000005,0.7600000000000005,0.4682142865953551
0.8000000000000005,0.7500000000000004,0.46820532150212707
0.8000000000000005,0.7400000000000004,0.468196354419755
0.8000000000000005,0.7300000000000004,0.4681873853612895
0.8000000000000005,0.7200000000000004,0.4681784143397984
0.8000000000000005,0.7100000000000004,0.46816944136836647
0.8000000000000005,0.7000000000000004,0.4681604664600953
0.8000000000000005,0.6900000000000004,0.4681514896281035
0.8000000000000005,0.6800000000000004,0.46814251088552616
0.8000000000000005,0.6700000000000004,0.46813353024551524
0.8000000000000005,0.6600000000000004,0.468124547721239
0.8000000000000005,0.6500000000000004,0.46811556332588217
0.8000000000000005,0.6400000000000003,0.46810657707264575
0.8000000000000005,0.6300000000000003,0.4680975889747471
0.8000000000000005,0.6200000000000003,0.4680885990454195
0.8000000000000005,0.6100000000000003,0.4680796072979123
0.8000000000000005,0.6000000000000003,0.46807061374549064
0.8000000000000005,0.5900000000000003,0.4680616184014357
0.8000000000000005,0.5800000000000003,0.468052621279044
0.8000000000000005,0.5700000000000003,0.46804362239162794
0.8000000000000005,0.5600000000000003,0.4680346217525153
0.8000000000000005,0.5500000000000003,0.4680256193750493
0.8000000000000005,0.5400000000000003,0.468016615272588
0.8000000000000005,0.5300000000000002,0.4680076094585052
0.8000000000000005,0.5200000000000002,0.46799860194618953
0.8000000000000005,0.5100000000000002,0.4679895927490444
0.8000000000000005,0.5000000000000002,0.4679805818804883
0.8000000000000005,0.49000000000000027,0.46797156935395434
0.8000000000000005,0.48000000000000026,0.46796255518289037
0.8000000000000005,0.47000000000000025,0.4679535393807584
0.8000000000000005,0.46000000000000024,0.46794452196103525
0.8000000000000005,0.45000000000000023,0.4679355029372119
0.8000000000000005,0.4400000000000002,0.4679264823227935
0.8000000000000005,0.4300000000000002,0.4679174601312994
0.8000000000000005,0.4200000000000002,0.4679084363762626
0.8000000000000005,0.4100000000000002,0.46789941107123023
0.8000000000000005,0.4000000000000002,0.4678903842297633
0.8000000000000005,0.3900000000000002,0.46788135586543594
0.8000000000000005,0.38000000000000017,0.46787232599183665
0.8000000000000005,0.37000000000000016,0.4678632946225664
0.8000000000000005,0.36000000000000015,0.46785426177124
0.8000000000000005,0.35000000000000014,0.4678452274514857
0.8000000000000005,0.34000000000000014,0.46783619167694424
0.8000000000000005,0.3300000000000001,0.4678271544612696
0.8000000000000005,0.3200000000000001,0.4678181158181288
0.8000000000000005,0.3100000000000001,0.46780907576120134
0.8000000000000005,0.3000000000000001,0.4678000343041795
0.8000000000000005,0.2900000000000001,0.46779099146076786
0.8000000000000005,0.2800000000000001,0.46778194724468386
0.8000000000000005,0.2700000000000001,0.4677729016696567
0.8000000000000005,0.26000000000000006,0.46776385474942817
0.8000000000000005,0.25000000000000006,0.4677548064977521
0.8000000000000005,0.24000000000000007,0.4677457569283939
0.8000000000000005,0.23000000000000007,0.4677367060551312
0.8000000000000005,0.22000000000000006,0.46772765389175314
0.8000000000000005,0.21000000000000005,0.46771860045206054
0.8000000000000005,0.20000000000000004,0.46770954574986595
0.8000000000000005,0.19000000000000003,0.4677004897989927
0.8000000000000005,0.18000000000000002,0.46769143261327595
0.8000000000000005,0.17,0.46768237420656184
0.8000000000000005,0.16,0.4676733145927073
0.8000000000000005,0.15,0.46766425378558046
0.8000000000000005,0.13999999999999999,0.46765519179906007
0.8000000000000005,0.12999999999999998,0.4676461286470357
0.8000000000000005,0.11999999999999998,0.46763706434340724
0.8000000000000005,0.10999999999999999,0.46762799890208523
0.8000000000000005,0.09999999999999999,0.4676189323369905
0.8000000000000005,0.09,0.467609864662054
0.8000000000000005,0.08,0.4676007958912168
0.8000000000000005,0.07,0.46759172603843
0.8000000000000005,0.060000000000000005,0.4675826551176543
0.8000000000000005,0.05,0.4675735831428605
0.8000000000000005,0.04,0.46756451012802863
0.8000000000000005,0.03,0.4675554360871486
0.8000000000000005,0.02,0.4675463610342192
0.8000000000000005,0.01,0.4675372849832488
0.8000000000000005,0,0.46752820794825495
0.7900000000000005,1.0000000000000007,0.468435149148022
0.7900000000000005,0.9900000000000007,0.46842623588941246
0.7900000000000005,0.9800000000000006,0.4684173203323271
0.7900000000000005,0.9700000000000006,0.4684084024893798
0.7900000000000005,0.9600000000000006,0.4683994823732038
0.7900000000000005,0.9500000000000006,0.46839055999645157
0.7900000000000005,0.9400000000000006,0.468381635371795
0.7900000000000005,0.9300000000000006,0.4683727085119249
0.7900000000000005,0.9200000000000006,0.46836377942955115
0.7900000000000005,0.9100000000000006,0.4683548481374025
0.7900000000000005,0.9000000000000006,0.46834591464822656
0.7900000000000005,0.8900000000000006,0.46833697897478976
0.7900000000000005,0.8800000000000006,0.4683280411298769
0.7900000000000005,0.8700000000000006,0.4683191011262917
0.7900000000000005,0.8600000000000005,0.4683101589768562
0.7900000000000005,0.8500000000000005,0.4683012146944105
0.7900000000000005,0.8400000000000005,0.46829226829181364
0.7900000000000005,0.8300000000000005,0.4682833197819419
0.7900000000000005,0.8200000000000005,0.46827436917769044
0.7900000000000005,0.8100000000000005,0.468265416491972
0.7900000000000005,0.8000000000000005,0.46825646173771757
0.7900000000000005,0.7900000000000005,0.4682475049278753
0.7900000000000005,0.7800000000000005,0.46823854607541154
0.7900000000000005,0.7700000000000005,0.46822958519331015
0.7900000000000005,0.7600000000000005,0.46822062229457223
0.7900000000000005,0.7500000000000004,0.46821165739221676
0.7900000000000005,0.7400000000000004,0.4682026904992795
0.7900000000000005,0.7300000000000004,0.4681937216288137
0.7900000000000005,0.7200000000000004,0.4681847507938895
0.7900000000000005,0.7100000000000004,0.4681757780075944
0.7900000000000005,0.7000000000000004,0.4681668032830324
0.7900000000000005,0.6900000000000004,0.4681578266333248
0.7900000000000005,0.6800000000000004,0.4681488480716088
0.7900000000000005,0.6700000000000004,0.46813986761103893
0.7900000000000005,0.6600000000000004,0.468130885264786
0.7900000000000005,0.6500000000000004,0.46812190104603707
0.7900000000000005,0.6400000000000003,0.4681129149679956
0.7900000000000005,0.6300000000000003,0.4681039270438814
0.7900000000000005,0.6200000000000003,0.4680949372869299
0.7900000000000005,0.6100000000000003,0.4680859457103932
0.7900000000000005,0.6000000000000003,0.4680769523275385
0.7900000000000005,0.5900000000000003,0.46806795715164945
0.7900000000000005,0.5800000000000003,0.468058960196025
0.7900000000000005,0.5700000000000003,0.46804996147397965
0.7900000000000005,0.5600000000000003,0.4680409609988437
0.7900000000000005,0.5500000000000003,0.4680319587839624
0.7900000000000005,0.5400000000000003,0.46802295484269657
0.7900000000000005,0.5300000000000002,0.4680139491884219
0.7900000000000005,0.5200000000000002,0.46800494183452923
0.7900000000000005,0.5100000000000002,0.4679959327944246
0.7900000000000005,0.5000000000000002,0.46798692208152837
0.7900000000000005,0.49000000000000027,0.46797790970927594
0.7900000000000005,0.48000000000000026,0.4679688956911174
0.7900000000000005,0.47000000000000025,0.4679598800405169
0.7900000000000005,0.46000000000000024,0.46795086277095377
0.7900000000000005,0.45000000000000023,0.4679418438959207
0.7900000000000005,0.4400000000000002,0.4679328234289252
0.7900000000000005,0.4300000000000002,0.46792380138348855
0.7900000000000005,0.4200000000000002,0.4679147777731463
0.7900000000000005,0.4100000000000002,0.4679057526114473
0.7900000000000005,0.4000000000000002,0.46789672591195475
0.7900000000000005,0.3900000000000002,0.467887697688245
0.7900000000000005,0.38000000000000017,0.46787866795390826
0.7900000000000005,0.37000000000000016,0.467869636722548
0.7900000000000005,0.36000000000000015,0.46786060400778084
0.7900000000000005,0.35000000000000014,0.46785156982323683
0.7900000000000005,0.34000000000000014,0.4678425341825591
0.7900000000000005,0.3300000000000001,0.4678334970994035
0.7900000000000005,0.3200000000000001,0.46782445858743876
0.7900000000000005,0.3100000000000001,0.46781541866034654
0.7900000000000005,0.3000000000000001,0.4678063773318212
0.7900000000000005,0.2900000000000001,0.467797334615569
0.7900000000000005,0.2800000000000001,0.4677882905253094
0.7900000000000005,0.2700000000000001,0.4677792450747737
0.7900000000000005,0.26000000000000006,0.4677701982777052
0.7900000000000005,0.25000000000000006,0.46776115014785963
0.7900000000000005,0.24000000000000007,0.4677521006990046
0.7900000000000005,0.23000000000000007,0.4677430499449193
0.7900000000000005,0.22000000000000006,0.4677339978993948
0.7900000000000005,0.21000000000000005,0.46772494457623365
0.7900000000000005,0.20000000000000004,0.4677158899892501
0.7900000000000005,0.19000000000000003,0.46770683415226944
0.7900000000000005,0.18000000000000002,0.46769777707912846
0.7900000000000005,0.17,0.46768871878367496
0.7900000000000005,0.16,0.4676796592797679
0.7900000000000005,0.15,0.46767059858127674
0.7900000000000005,0.13999999999999999,0.46766153670208227
0.7900000000000005,0.12999999999999998,0.4676524736560755
0.7900000000000005,0.11999999999999998,0.4676434094571581
0.7900000000000005,0.10999999999999999,0.4676343441192422
0.7900000000000005,0.09999999999999999,0.46762527765625006
0.7900000000000005,0.09,0.46761621008211474
0.7900000000000005,0.08,0.46760714141077836
0.7900000000000005,0.07,0.4675980716561939
0.7900000000000005,0.060000000000000005,0.4675890008323236
0.7900000000000005,0.05,0.4675799289531397
0.7900000000000005,0.04,0.4675708560326239
0.7900000000000005,0.03,0.4675617820847674
0.7900000000000005,0.02,0.4675527071235708
0.7900000000000005,0.01,0.4675436311630437
0.7900000000000005,0,0.4675345542172051
0.7800000000000005,1.0000000000000007,0.46844147965679767
0.7800000000000005,0.9900000000000007,0.46843256662756033
0.7800000000000005,0.9800000000000006,0.46842365129834806
0.7800000000000005,0.9700000000000006,0.46841473368177783
0.7800000000000005,0.9600000000000006,0.4684058137904853
0.7800000000000005,0.9500000000000006,0.46839689163712606
0.7800000000000005,0.9400000000000006,0.4683879672343745
0.7800000000000005,0.9300000000000006,0.4683790405949243
0.7800000000000005,0.9200000000000006,0.4683701117314879
0.7800000000000005,0.9100000000000006,0.4683611806567968
0.7800000000000005,0.9000000000000006,0.4683522473836016
0.7800000000000005,0.8900000000000006,0.46834331192467094
0.7800000000000005,0.8800000000000006,0.4683343742927927
0.7800000000000005,0.8700000000000006,0.46832543450077313
0.7800000000000005,0.8600000000000005,0.4683164925614367
0.7800000000000005,0.8500000000000005,0.4683075484876266
0.7800000000000005,0.8400000000000005,0.46829860229220394
0.7800000000000005,0.8300000000000005,0.4682896539880483
0.7800000000000005,0.8200000000000005,0.46828070358805696
0.7800000000000005,0.8100000000000005,0.46827175110514546
0.7800000000000005,0.8000000000000005,0.46826279655224723
0.7800000000000005,0.7900000000000005,0.4682538399423133
0.7800000000000005,0.7800000000000005,0.46824488128831226
0.7800000000000005,0.7700000000000005,0.46823592060323066
0.7800000000000005,0.7600000000000005,0.4682269579000724
0.7800000000000005,0.7500000000000004,0.4682179931918584
0.7800000000000005,0.7400000000000004,0.46820902649162743
0.7800000000000005,0.7300000000000004,0.4682000578124351
0.7800000000000005,0.7200000000000004,0.4681910871673541
0.7800000000000005,0.7100000000000004,0.46818211456947434
0.7800000000000005,0.7000000000000004,0.4681731400319024
0.7800000000000005,0.6900000000000004,0.4681641635677617
0.7800000000000005,0.6800000000000004,0.46815518519019245
0.7800000000000005,0.6700000000000004,0.46814620491235137
0.7800000000000005,0.6600000000000004,0.4681372227474115
0.7800000000000005,0.6500000000000004,0.4681282387085625
0.7800000000000005,0.6400000000000003,0.4681192528090104
0.7800000000000005,0.6300000000000003,0.4681102650619769
0.7800000000000005,0.6200000000000003,0.46810127548070035
0.7800000000000005,0.6100000000000003,0.4680922840784347
0.7800000000000005,0.6000000000000003,0.46808329086845
0.7800000000000005,0.5900000000000003,0.46807429586403193
0.7800000000000005,0.5800000000000003,0.4680652990784817
0.7800000000000005,0.5700000000000003,0.46805630052511654
0.7800000000000005,0.5600000000000003,0.46804730021726865
0.7800000000000005,0.5500000000000003,0.4680382981682856
0.7800000000000005,0.5400000000000003,0.4680292943915305
0.7800000000000005,0.5300000000000002,0.4680202889003815
0.7800000000000005,0.5200000000000002,0.4680112817082315
0.7800000000000005,0.5100000000000002,0.46800227282848866
0.7800000000000005,0.5000000000000002,0.4679932622745758
0.7800000000000005,0.49000000000000027,0.4679842500599306
0.7800000000000005,0.48000000000000026,0.46797523619800485
0.7800000000000005,0.47000000000000025,0.46796622070226557
0.7800000000000005,0.46000000000000024,0.46795720358619347
0.7800000000000005,0.45000000000000023,0.46794818486328404
0.7800000000000005,0.4400000000000002,0.4679391645470466
0.7800000000000005,0.4300000000000002,0.4679301426510045
0.7800000000000005,0.4200000000000002,0.46792111918869556
0.7800000000000005,0.4100000000000002,0.4679120941736707
0.7800000000000005,0.4000000000000002,0.467903067619495
0.7800000000000005,0.3900000000000002,0.4678940395397472
0.7800000000000005,0.38000000000000017,0.4678850099480193
0.7800000000000005,0.37000000000000016,0.467875978857917
0.7800000000000005,0.36000000000000015,0.4678669462830586
0.7800000000000005,0.35000000000000014,0.4678579122370766
0.7800000000000005,0.34000000000000014,0.46784887673361564
0.7800000000000005,0.3300000000000001,0.46783983978633387
0.7800000000000005,0.3200000000000001,0.467830801408902
0.7800000000000005,0.3100000000000001,0.4678217616150034
0.7800000000000005,0.3000000000000001,0.4678127204183345
0.7800000000000005,0.2900000000000001,0.4678036778326035
0.7800000000000005,0.2800000000000001,0.46779463387153164
0.7800000000000005,0.2700000000000001,0.46778558854885205
0.7800000000000005,0.26000000000000006,0.46777654187831014
0.7800000000000005,0.25000000000000006,0.4677674938736635
0.7800000000000005,0.24000000000000007,0.46775844454868115
0.7800000000000005,0.23000000000000007,0.4677493939171443
0.7800000000000005,0.22000000000000006,0.46774034199284614
0.7800000000000005,0.21000000000000005,0.46773128878959064
0.7800000000000005,0.20000000000000004,0.4677222343211939
0.7800000000000005,0.19000000000000003,0.4677131786014831
0.7800000000000005,0.18000000000000002,0.46770412164429664
0.7800000000000005,0.17,0.4676950634634841
0.7800000000000005,0.16,0.4676860040729061
0.7800000000000005,0.15,0.46767694348643385
0.7800000000000005,0.13999999999999999,0.46766788171794965
0.7800000000000005,0.12999999999999998,0.46765881878134635
0.7800000000000005,0.11999999999999998,0.46764975469052716
0.7800000000000005,0.10999999999999999,0.4676406894594059
0.7800000000000005,0.09999999999999999,0.46763162310190665
0.7800000000000005,0.09,0.46762255563196337
0.7800000000000005,0.08,0.46761348706352057
0.7800000000000005,0.07,0.4676044174105323
0.7800000000000005,0.060000000000000005,0.46759534668696257
0.7800000000000005,0.05,0.467586274906785
0.7800000000000005,0.04,0.4675772020839828
0.7800000000000005,0.03,0.4675681282325488
0.7800000000000005,0.02,0.4675590533664849
0.7800000000000005,0.01,0.4675499774998023
0.7800000000000005,0,0.4675409006465214
0.7700000000000005,1.0000000000000007,0.4684478099896249
0.7700000000000005,0.9900000000000007,0.46843889719296683
0.7700000000000005,0.9800000000000006,0.46842998209483766
0.7700000000000005,0.9700000000000006,0.46842106470785694
0.7700000000000005,0.9600000000000006,0.46841214504466333
0.7700000000000005,0.9500000000000006,0.468403223117915
0.7700000000000005,0.9400000000000006,0.468394298940289
0.7700000000000005,0.9300000000000006,0.4683853725244818
0.7700000000000005,0.9200000000000006,0.4683764438832087
0.7700000000000005,0.9100000000000006,0.4683675130292037
0.7700000000000005,0.9000000000000006,0.46835857997522
0.7700000000000005,0.8900000000000006,0.46834964473402935
0.7700000000000005,0.8800000000000006,0.4683407073184218
0.7700000000000005,0.8700000000000006,0.4683317677412065
0.7700000000000005,0.8600000000000005,0.46832282601521064
0.7700000000000005,0.8500000000000005,0.4683138821532798
0.7700000000000005,0.8400000000000005,0.46830493616827795
0.7700000000000005,0.8300000000000005,0.4682959880730871
0.7700000000000005,0.8200000000000005,0.4682870378806072
0.7700000000000005,0.8100000000000005,0.46827808560375656
0.7700000000000005,0.8000000000000005,0.46826913125547076
0.7700000000000005,0.7900000000000005,0.4682601748487037
0.7700000000000005,0.7800000000000005,0.46825121639642653
0.7700000000000005,0.7700000000000005,0.4682422559116283
0.7700000000000005,0.7600000000000005,0.46823329340731523
0.7700000000000005,0.7500000000000004,0.46822432889651117
0.7700000000000005,0.7400000000000004,0.46821536239225714
0.7700000000000005,0.7300000000000004,0.4682063939076112
0.7700000000000005,0.7200000000000004,0.4681974234556488
0.7700000000000005,0.7100000000000004,0.4681884510494621
0.7700000000000005,0.7000000000000004,0.4681794767021599
0.7700000000000005,0.6900000000000004,0.4681705004268687
0.7700000000000005,0.6800000000000004,0.4681615222367305
0.7700000000000005,0.6700000000000004,0.46815254214490487
0.7700000000000005,0.6600000000000004,0.46814356016456715
0.7700000000000005,0.6500000000000004,0.46813457630890926
0.7700000000000005,0.6400000000000003,0.4681255905911398
0.7700000000000005,0.6300000000000003,0.4681166030244827
0.7700000000000005,0.6200000000000003,0.46810761362217884
0.7700000000000005,0.6100000000000003,0.46809862239748434
0.7700000000000005,0.6000000000000003,0.4680896293636717
0.7700000000000005,0.5900000000000003,0.4680806345340289
0.7700000000000005,0.5800000000000003,0.4680716379218594
0.7700000000000005,0.5700000000000003,0.4680626395404827
0.7700000000000005,0.5600000000000003,0.4680536394032334
0.7700000000000005,0.5500000000000003,0.4680446375234613
0.7700000000000005,0.5400000000000003,0.46803563391453173
0.7700000000000005,0.5300000000000002,0.4680266285898251
0.7700000000000005,0.5200000000000002,0.4680176215627365
0.7700000000000005,0.5100000000000002,0.46800861284667633
0.7700000000000005,0.5000000000000002,0.4679996024550698
0.7700000000000005,0.49000000000000027,0.4679905904013563
0.7700000000000005,0.48000000000000026,0.4679815766989903
0.7700000000000005,0.47000000000000025,0.4679725613614406
0.7700000000000005,0.46000000000000024,0.46796354440219035
0.7700000000000005,0.45000000000000023,0.4679545258347369
0.7700000000000005,0.4400000000000002,0.4679455056725919
0.7700000000000005,0.4300000000000002,0.46793648392928083
0.7700000000000005,0.4200000000000002,0.4679274606183433
0.7700000000000005,0.4100000000000002,0.46791843575333264
0.7700000000000005,0.4000000000000002,0.4679094093478158
0.7700000000000005,0.3900000000000002,0.46790038141537355
0.7700000000000005,0.38000000000000017,0.4678913519696
0.7700000000000005,0.37000000000000016,0.46788232102410277
0.7700000000000005,0.36000000000000015,0.46787328859250243
0.7700000000000005,0.35000000000000014,0.46786425468843307
0.7700000000000005,0.34000000000000014,0.4678552193255416
0.7700000000000005,0.3300000000000001,0.4678461825174879
0.7700000000000005,0.3200000000000001,0.46783714427794476
0.7700000000000005,0.3100000000000001,0.4678281046205975
0.7700000000000005,0.3000000000000001,0.46781906355914427
0.7700000000000005,0.2900000000000001,0.4678100211072956
0.7700000000000005,0.2800000000000001,0.46780097727877396
0.7700000000000005,0.2700000000000001,0.4677919320873149
0.7700000000000005,0.26000000000000006,0.4677828855466655
0.7700000000000005,0.25000000000000006,0.467773837670585
0.7700000000000005,0.24000000000000007,0.4677647884728445
0.7700000000000005,0.23000000000000007,0.46775573796722697
0.7700000000000005,0.22000000000000006,0.46774668616752707
0.7700000000000005,0.21000000000000005,0.467737633087551
0.7700000000000005,0.20000000000000004,0.4677285787411163
0.7700000000000005,0.19000000000000003,0.46771952314205206
0.7700000000000005,0.18000000000000002,0.46771046630419827
0.7700000000000005,0.17,0.4677014082414064
0.7700000000000005,0.16,0.4676923489675384
0.7700000000000005,0.15,0.4676832884964676
0.7700000000000005,0.13999999999999999,0.4676742268420777
0.7700000000000005,0.12999999999999998,0.4676651640182631
0.7700000000000005,0.11999999999999998,0.4676561000389289
0.7700000000000005,0.10999999999999999,0.4676470349179904
0.7700000000000005,0.09999999999999999,0.4676379686693731
0.7700000000000005,0.09,0.46762890130701296
0.7700000000000005,0.08,0.4676198328448557
0.7700000000000005,0.07,0.4676107632968569
0.7700000000000005,0.060000000000000005,0.4676016926769823
0.7700000000000005,0.05,0.4675926209992069
0.7700000000000005,0.04,0.46758354827751547
0.7700000000000005,0.03,0.46757447452590223
0.7700000000000005,0.02,0.4675653997583707
0.7700000000000005,0.01,0.4675563239889333
0.7700000000000005,0,0.4675472472316122
0.7600000000000005,1.0000000000000007,0.4684541401419859
0.7600000000000005,0.9900000000000007,0.4684452275811132
0.7600000000000005,0.9800000000000006,0.468436312717276
0.7600000000000005,0.9700000000000006,0.46842739556309637
0.7600000000000005,0.9600000000000006,0.46841847613121584
0.7600000000000005,0.9500000000000006,0.46840955443429527
0.7600000000000005,0.9400000000000006,0.46840063048501457
0.7600000000000005,0.9300000000000006,0.46839170429607274
0.7600000000000005,0.9200000000000006,0.46838277588018756
0.7600000000000005,0.9100000000000006,0.4683738452500963
0.7600000000000005,0.9000000000000006,0.4683649124185542
0.7600000000000005,0.8900000000000006,0.4683559773983362
0.7600000000000005,0.8800000000000006,0.46834704020223455
0.7600000000000005,0.8700000000000006,0.4683381008430614
0.7600000000000005,0.8600000000000005,0.4683291593336463
0.7600000000000005,0.8500000000000005,0.46832021568683774
0.7600000000000005,0.8400000000000005,0.46831126991550204
0.7600000000000005,0.8300000000000005,0.4683023220325238
0.7600000000000005,0.8200000000000005,0.4682933720508058
0.7600000000000005,0.8100000000000005,0.4682844199832686
0.7600000000000005,0.8000000000000005,0.46827546584285074
0.7600000000000005,0.7900000000000005,0.4682665096425083
0.7600000000000005,0.7800000000000005,0.4682575513952152
0.7600000000000005,0.7700000000000005,0.4682485911139628
0.7600000000000005,0.7600000000000005,0.4682396288117602
0.7600000000000005,0.7500000000000004,0.4682306645016333
0.7600000000000005,0.7400000000000004,0.46822169819662596
0.7600000000000005,0.7300000000000004,0.4682127299097987
0.7600000000000005,0.7200000000000004,0.4682037596542291
0.7600000000000005,0.7100000000000004,0.4681947874430121
0.7600000000000005,0.7000000000000004,0.468185813289259
0.7600000000000005,0.6900000000000004,0.46817683720609843
0.7600000000000005,0.6800000000000004,0.46816785920667514
0.7600000000000005,0.6700000000000004,0.4681588793041507
0.7600000000000005,0.6600000000000004,0.4681498975117033
0.7600000000000005,0.6500000000000004,0.4681409138425271
0.7600000000000005,0.6400000000000003,0.4681319283098326
0.7600000000000005,0.6300000000000003,0.468122940926847
0.7600000000000005,0.6200000000000003,0.46811395170681264
0.7600000000000005,0.6100000000000003,0.4681049606629885
0.7600000000000005,0.6000000000000003,0.46809596780864915
0.7600000000000005,0.5900000000000003,0.4680869731570851
0.7600000000000005,0.5800000000000003,0.468077976721602
0.7600000000000005,0.5700000000000003,0.4680689785155214
0.7600000000000005,0.5600000000000003,0.46805997855218046
0.7600000000000005,0.5500000000000003,0.4680509768449312
0.7600000000000005,0.5400000000000003,0.46804197340714115
0.7600000000000005,0.5300000000000002,0.4680329682521928
0.7600000000000005,0.5200000000000002,0.4680239613934837
0.7600000000000005,0.5100000000000002,0.4680149528444263
0.7600000000000005,0.5000000000000002,0.46800594261844786
0.7600000000000005,0.49000000000000027,0.4679969307289902
0.7600000000000005,0.48000000000000026,0.4679879171895099
0.7600000000000005,0.47000000000000025,0.4679789020134778
0.7600000000000005,0.46000000000000024,0.4679698852143792
0.7600000000000005,0.45000000000000023,0.4679608668057135
0.7600000000000005,0.4400000000000002,0.4679518468009948
0.7600000000000005,0.4300000000000002,0.4679428252137502
0.7600000000000005,0.4200000000000002,0.4679338020575215
0.7600000000000005,0.4100000000000002,0.4679247773458643
0.7600000000000005,0.4000000000000002,0.46791575109234756
0.7600000000000005,0.3900000000000002,0.46790672331055394
0.7600000000000005,0.38000000000000017,0.4678976940140795
0.7600000000000005,0.37000000000000016,0.46788866321653394
0.7600000000000005,0.36000000000000015,0.46787963093153984
0.7600000000000005,0.35000000000000014,0.4678705971727333
0.7600000000000005,0.34000000000000014,0.46786156195376316
0.7600000000000005,0.3300000000000001,0.4678525252882912
0.7600000000000005,0.3200000000000001,0.46784348718999214
0.7600000000000005,0.3100000000000001,0.46783444767255333
0.7600000000000005,0.3000000000000001,0.46782540674967454
0.7600000000000005,0.2900000000000001,0.4678163644350683
0.7600000000000005,0.2800000000000001,0.4678073207424592
0.7600000000000005,0.2700000000000001,0.4677982756855843
0.7600000000000005,0.26000000000000006,0.46778922927819255
0.7600000000000005,0.25000000000000006,0.46778018153404505
0.7600000000000005,0.24000000000000007,0.4677711324669149
0.7600000000000005,0.23000000000000007,0.46776208209058656
0.7600000000000005,0.22000000000000006,0.46775303041885663
0.7600000000000005,0.21000000000000005,0.46774397746553303
0.7600000000000005,0.20000000000000004,0.46773492324443494
0.7600000000000005,0.19000000000000003,0.46772586776939334
0.7600000000000005,0.18000000000000002,0.4677168110542499
0.7600000000000005,0.17,0.4677077531128576
0.7600000000000005,0.16,0.46769869395908026
0.7600000000000005,0.15,0.4676896336067926
0.7600000000000005,0.13999999999999999,0.46768057206988034
0.7600000000000005,0.12999999999999998,0.46767150936223933
0.7600000000000005,0.11999999999999998,0.46766244549777625
0.7600000000000005,0.10999999999999999,0.467653380490408
0.7600000000000005,0.09999999999999999,0.46764431435406173
0.7600000000000005,0.09,0.46763524710267484
0.7600000000000005,0.08,0.4676261787501946
0.7600000000000005,0.07,0.4676171093105782
0.7600000000000005,0.060000000000000005,0.4676080387977928
0.7600000000000005,0.05,0.4675989672258149
0.7600000000000005,0.04,0.467589894608631
0.7600000000000005,0.03,0.46758082096023634
0.7600000000000005,0.02,0.46757174629463616
0.7600000000000005,0.01,0.46756267062584433
0.7600000000000005,0,0.46755359396788415
0.7500000000000004,1.0000000000000007,0.4684604701093621
0.7500000000000004,0.9900000000000007,0.4684515577874799
0.7500000000000004,0.9800000000000006,0.4684426431611424
0.7500000000000004,0.9700000000000006,0.4684337262429745
0.7500000000000004,0.9600000000000006,0.4684248070456204
0.7500000000000004,0.9500000000000006,0.4684158855817436
0.7500000000000004,0.9400000000000006,0.4684069618640265
0.7500000000000004,0.9300000000000006,0.4683980359051712
0.7500000000000004,0.9200000000000006,0.46838910771789805
0.7500000000000004,0.9100000000000006,0.46838017731494674
0.7500000000000004,0.9000000000000006,0.46837124470907565
0.7500000000000004,0.8900000000000006,0.4683623099130616
0.7500000000000004,0.8800000000000006,0.4683533729397005
0.7500000000000004,0.8700000000000006,0.4683444338018063
0.7500000000000004,0.8600000000000005,0.4683354925122114
0.7500000000000004,0.8500000000000005,0.4683265490837669
0.7500000000000004,0.8400000000000005,0.4683176035293418
0.7500000000000004,0.8300000000000005,0.4683086558618232
0.7500000000000004,0.8200000000000005,0.46829970609411653
0.7500000000000004,0.8100000000000005,0.46829075423914485
0.7500000000000004,0.8000000000000005,0.4682818003098491
0.7500000000000004,0.7900000000000005,0.46827284431918825
0.7500000000000004,0.7800000000000005,0.46826388628013843
0.7500000000000004,0.7700000000000005,0.4682549262056937
0.7500000000000004,0.7600000000000005,0.46824596410886543
0.7500000000000004,0.7500000000000004,0.46823700000268237
0.7500000000000004,0.7400000000000004,0.46822803390019047
0.7500000000000004,0.7300000000000004,0.46821906581445294
0.7500000000000004,0.7200000000000004,0.4682100957585499
0.7500000000000004,0.7100000000000004,0.4682011237455785
0.7500000000000004,0.7000000000000004,0.4681921497886526
0.7500000000000004,0.6900000000000004,0.46818317390090314
0.7500000000000004,0.6800000000000004,0.46817419609547756
0.7500000000000004,0.6700000000000004,0.46816521638553954
0.7500000000000004,0.6600000000000004,0.46815623478426954
0.7500000000000004,0.6500000000000004,0.46814725130486445
0.7500000000000004,0.6400000000000003,0.46813826596053715
0.7500000000000004,0.6300000000000003,0.4681292787645166
0.7500000000000004,0.6200000000000003,0.4681202897300481
0.7500000000000004,0.6100000000000003,0.46811129887039266
0.7500000000000004,0.6000000000000003,0.46810230619882714
0.7500000000000004,0.5900000000000003,0.4680933117286443
0.7500000000000004,0.5800000000000003,0.4680843154731525
0.7500000000000004,0.5700000000000003,0.4680753174456751
0.7500000000000004,0.5600000000000003,0.4680663176595514
0.7500000000000004,0.5500000000000003,0.46805731612813606
0.7500000000000004,0.5400000000000003,0.4680483128647986
0.7500000000000004,0.5300000000000002,0.4680393078829237
0.7500000000000004,0.5200000000000002,0.4680303011959113
0.7500000000000004,0.5100000000000002,0.46802129281717597
0.7500000000000004,0.5000000000000002,0.46801228276014695
0.7500000000000004,0.49000000000000027,0.46800327103826844
0.7500000000000004,0.48000000000000026,0.46799425766499897
0.7500000000000004,0.47000000000000025,0.46798524265381164
0.7500000000000004,0.46000000000000024,0.4679762260181938
0.7500000000000004,0.45000000000000023,0.46796720777164713
0.7500000000000004,0.4400000000000002,0.46795818792768734
0.7500000000000004,0.4300000000000002,0.4679491664998442
0.7500000000000004,0.4200000000000002,0.4679401435016613
0.7500000000000004,0.4100000000000002,0.4679311189466962
0.7500000000000004,0.4000000000000002,0.4679220928485199
0.7500000000000004,0.3900000000000002,0.4679130652207171
0.7500000000000004,0.38000000000000017,0.4679040360768859
0.7500000000000004,0.37000000000000016,0.467895005430638
0.7500000000000004,0.36000000000000015,0.4678859732955979
0.7500000000000004,0.35000000000000014,0.4678769396854036
0.7500000000000004,0.34000000000000014,0.4678679046137059
0.7500000000000004,0.3300000000000001,0.46785886809416866
0.7500000000000004,0.3200000000000001,0.4678498301404683
0.7500000000000004,0.3100000000000001,0.4678407907662942
0.7500000000000004,0.3000000000000001,0.467831749985348
0.7500000000000004,0.2900000000000001,0.46782270781134394
0.7500000000000004,0.2800000000000001,0.4678136642580086
0.7500000000000004,0.2700000000000001,0.46780461933908085
0.7500000000000004,0.26000000000000006,0.4677955730683113
0.7500000000000004,0.25000000000000006,0.4677865254594632
0.7500000000000004,0.24000000000000007,0.46777747652631113
0.7500000000000004,0.23000000000000007,0.4677684262826415
0.7500000000000004,0.22000000000000006,0.46775937474225243
0.7500000000000004,0.21000000000000005,0.4677503219189538
0.7500000000000004,0.20000000000000004,0.4677412678265665
0.7500000000000004,0.19000000000000003,0.467732212478923
0.7500000000000004,0.18000000000000002,0.46772315588986685
0.7500000000000004,0.17,0.46771409807325254
0.7500000000000004,0.16,0.46770503904294586
0.7500000000000004,0.15,0.46769597881282304
0.7500000000000004,0.13999999999999999,0.4676869173967711
0.7500000000000004,0.12999999999999998,0.46767785480868784
0.7500000000000004,0.11999999999999998,0.4676687910624814
0.7500000000000004,0.10999999999999999,0.4676597261720703
0.7500000000000004,0.09999999999999999,0.46765066015138335
0.7500000000000004,0.09,0.4676415930143593
0.7500000000000004,0.08,0.46763252477494704
0.7500000000000004,0.07,0.4676234554471054
0.7500000000000004,0.060000000000000005,0.4676143850448028
0.7500000000000004,0.05,0.46760531358201746
0.7500000000000004,0.04,0.46759624107273695
0.7500000000000004,0.03,0.4675871675309583
0.7500000000000004,0.02,0.46757809297068803
0.7500000000000004,0.01,0.46756901740594153
0.7500000000000004,0,0.46755994085074326
0.7400000000000004,1.0000000000000007,0.46846679988723416
0.7400000000000004,0.9900000000000007,0.4684578878075466
0.7400000000000004,0.9800000000000006,0.4684489734219157
0.7400000000000004,0.9700000000000006,0.468440056742969
0.7400000000000004,0.9600000000000006,0.4684311377833534
0.7400000000000004,0.9500000000000006,0.4684222165557352
0.7400000000000004,0.9400000000000006,0.4684132930727996
0.7400000000000004,0.9300000000000006,0.468404367347251
0.7400000000000004,0.9200000000000006,0.4683954393918127
0.7400000000000004,0.9100000000000006,0.46838650921922703
0.7400000000000004,0.9000000000000006,0.4683775768422549
0.7400000000000004,0.8900000000000006,0.46836864227367586
0.7400000000000004,0.8800000000000006,0.46835970552628825
0.7400000000000004,0.8700000000000006,0.46835076661290875
0.7400000000000004,0.8600000000000005,0.4683418255463726
0.7400000000000004,0.8500000000000005,0.4683328823395332
0.7400000000000004,0.8400000000000005,0.46832393700526226
0.7400000000000004,0.8300000000000005,0.46831498955644935
0.7400000000000004,0.8200000000000005,0.46830604000600246
0.7400000000000004,0.8100000000000005,0.4682970883668472
0.7400000000000004,0.8000000000000005,0.46828813465192715
0.7400000000000004,0.7900000000000005,0.4682791788742037
0.7400000000000004,0.7800000000000005,0.4682702210466555
0.7400000000000004,0.7700000000000005,0.46826126118227923
0.7400000000000004,0.7600000000000005,0.46825229929408857
0.7400000000000004,0.7500000000000004,0.4682433353951148
0.7400000000000004,0.7400000000000004,0.46823436949840647
0.7400000000000004,0.7300000000000004,0.4682254016170289
0.7400000000000004,0.7200000000000004,0.4682164317640651
0.7400000000000004,0.7100000000000004,0.4682074599526143
0.7400000000000004,0.7000000000000004,0.46819848619579296
0.7400000000000004,0.6900000000000004,0.46818951050673435
0.7400000000000004,0.6800000000000004,0.4681805328985882
0.7400000000000004,0.6700000000000004,0.4681715533845207
0.7400000000000004,0.6600000000000004,0.46816257197771494
0.7400000000000004,0.6500000000000004,0.4681535886913695
0.7400000000000004,0.6400000000000003,0.4681446035387002
0.7400000000000004,0.6300000000000003,0.468135616532938
0.7400000000000004,0.6200000000000003,0.4681266276873306
0.7400000000000004,0.6100000000000003,0.4681176370151415
0.7400000000000004,0.6000000000000003,0.46810864452964956
0.7400000000000004,0.5900000000000003,0.4680996502441499
0.7400000000000004,0.5800000000000003,0.4680906541719529
0.7400000000000004,0.5700000000000003,0.4680816563263848
0.7400000000000004,0.5600000000000003,0.4680726567207867
0.7400000000000004,0.5500000000000003,0.4680636553685156
0.7400000000000004,0.5400000000000003,0.46805465228294296
0.7400000000000004,0.5300000000000002,0.4680456474774562
0.7400000000000004,0.5200000000000002,0.46803664096545683
0.7400000000000004,0.5100000000000002,0.468027632760362
0.7400000000000004,0.5000000000000002,0.4680186228756029
0.7400000000000004,0.49000000000000027,0.46800961132462604
0.7400000000000004,0.48000000000000026,0.46800059812089195
0.7400000000000004,0.47000000000000025,0.4679915832778758
0.7400000000000004,0.46000000000000024,0.4679825668090672
0.7400000000000004,0.45000000000000023,0.4679735487279698
0.7400000000000004,0.4400000000000002,0.4679645290481014
0.7400000000000004,0.4300000000000002,0.46795550778299366
0.7400000000000004,0.4200000000000002,0.46794648494619256
0.7400000000000004,0.4100000000000002,0.4679374605512573
0.7400000000000004,0.4000000000000002,0.4679284346117612
0.7400000000000004,0.3900000000000002,0.4679194071412907
0.7400000000000004,0.38000000000000017,0.46791037815344627
0.7400000000000004,0.37000000000000016,0.46790134766184127
0.7400000000000004,0.36000000000000015,0.46789231568010214
0.7400000000000004,0.35000000000000014,0.4678832822218689
0.7400000000000004,0.34000000000000014,0.46787424730079435
0.7400000000000004,0.3300000000000001,0.46786521093054395
0.7400000000000004,0.3200000000000001,0.4678561731247963
0.7400000000000004,0.3100000000000001,0.4678471338972426
0.7400000000000004,0.3000000000000001,0.4678380932615863
0.7400000000000004,0.2900000000000001,0.46782905123154356
0.7400000000000004,0.2800000000000001,0.4678200078208427
0.7400000000000004,0.2700000000000001,0.46781096304322445
0.7400000000000004,0.26000000000000006,0.4678019169124414
0.7400000000000004,0.25000000000000006,0.4677928694422581
0.7400000000000004,0.24000000000000007,0.46778382064645124
0.7400000000000004,0.23000000000000007,0.46777477053880895
0.7400000000000004,0.22000000000000006,0.46776571913313125
0.7400000000000004,0.21000000000000005,0.46775666644322933
0.7400000000000004,0.20000000000000004,0.4677476124829262
0.7400000000000004,0.19000000000000003,0.46773855726605573
0.7400000000000004,0.18000000000000002,0.46772950080646325
0.7400000000000004,0.17,0.4677204431180051
0.7400000000000004,0.16,0.46771138421454816
0.7400000000000004,0.15,0.4677023241099708
0.7400000000000004,0.13999999999999999,0.46769326281816165
0.7400000000000004,0.12999999999999998,0.4676842003530197
0.7400000000000004,0.11999999999999998,0.4676751367284551
0.7400000000000004,0.10999999999999999,0.4676660719583876
0.7400000000000004,0.09999999999999999,0.46765700605674765
0.7400000000000004,0.09,0.4676479390374756
0.7400000000000004,0.08,0.4676388709145219
0.7400000000000004,0.07,0.4676298017018466
0.7400000000000004,0.060000000000000005,0.4676207314134198
0.7400000000000004,0.05,0.46761166006322114
0.7400000000000004,0.04,0.4676025876652398
0.7400000000000004,0.03,0.46759351423347395
0.7400000000000004,0.02,0.46758443978193176
0.7400000000000004,0.01,0.46757536432462976
0.7400000000000004,0,0.4675662878755941
0.7300000000000004,1.0000000000000007,0.4684731294710822
0.7300000000000004,0.9900000000000007,0.4684642176367923
0.7300000000000004,0.9800000000000006,0.46845530349507364
0.7300000000000004,0.9700000000000006,0.4684463870585567
0.7300000000000004,0.9600000000000006,0.46843746833989086
0.7300000000000004,0.9500000000000006,0.46842854735174516
0.7300000000000004,0.9400000000000006,0.4684196241068075
0.7300000000000004,0.9300000000000006,0.46841069861778495
0.7300000000000004,0.9200000000000006,0.4684017708974035
0.7300000000000004,0.9100000000000006,0.4683928409584079
0.7300000000000004,0.9000000000000006,0.46838390881356173
0.7300000000000004,0.8900000000000006,0.46837497447564747
0.7300000000000004,0.8800000000000006,0.46836603795746584
0.7300000000000004,0.8700000000000006,0.4683570992718361
0.7300000000000004,0.8600000000000005,0.46834815843159605
0.7300000000000004,0.8500000000000005,0.46833921544960183
0.7300000000000004,0.8400000000000005,0.46833027033872726
0.7300000000000004,0.8300000000000005,0.46832132311186525
0.7300000000000004,0.8200000000000005,0.4683123737819257
0.7300000000000004,0.8100000000000005,0.46830342236183703
0.7300000000000004,0.8000000000000005,0.4682944688645453
0.7300000000000004,0.7900000000000005,0.46828551330301404
0.7300000000000004,0.7800000000000005,0.468276555690225
0.7300000000000004,0.7700000000000005,0.46826759603917706
0.7300000000000004,0.7600000000000005,0.4682586343628862
0.7300000000000004,0.7500000000000004,0.4682496706743865
0.7300000000000004,0.7400000000000004,0.46824070498672865
0.7300000000000004,0.7300000000000004,0.46823173731298073
0.7300000000000004,0.7200000000000004,0.4682227676662277
0.7300000000000004,0.7100000000000004,0.4682137960595717
0.7300000000000004,0.7000000000000004,0.4682048225061314
0.7300000000000004,0.6900000000000004,0.46819584701904243
0.7300000000000004,0.6800000000000004,0.46818686961145684
0.7300000000000004,0.6700000000000004,0.46817789029654333
0.7300000000000004,0.6600000000000004,0.468168909087487
0.7300000000000004,0.6500000000000004,0.46815992599748935
0.7300000000000004,0.6400000000000003,0.468150941039768
0.7300000000000004,0.6300000000000003,0.46814195422755656
0.7300000000000004,0.6200000000000003,0.4681329655741047
0.7300000000000004,0.6100000000000003,0.46812397509267845
0.7300000000000004,0.6000000000000003,0.46811498279655894
0.7300000000000004,0.5900000000000003,0.46810598869904346
0.7300000000000004,0.5800000000000003,0.46809699281344486
0.7300000000000004,0.5700000000000003,0.46808799515309113
0.7300000000000004,0.5600000000000003,0.46807899573132605
0.7300000000000004,0.5500000000000003,0.4680699945615085
0.7300000000000004,0.5400000000000003,0.4680609916570125
0.7300000000000004,0.5300000000000002,0.46805198703122725
0.7300000000000004,0.5200000000000002,0.46804298069755684
0.7300000000000004,0.5100000000000002,0.46803397266942004
0.7300000000000004,0.5000000000000002,0.46802496296025076
0.7300000000000004,0.49000000000000027,0.46801595158349724
0.7300000000000004,0.48000000000000026,0.4680069385526222
0.7300000000000004,0.47000000000000025,0.467997923881103
0.7300000000000004,0.46000000000000024,0.4679889075824311
0.7300000000000004,0.45000000000000023,0.46797988967011256
0.7300000000000004,0.4400000000000002,0.467970870157667
0.7300000000000004,0.4300000000000002,0.46796184905862825
0.7300000000000004,0.4200000000000002,0.4679528263865442
0.7300000000000004,0.4100000000000002,0.467943802154976
0.7300000000000004,0.4000000000000002,0.4679347763774992
0.7300000000000004,0.3900000000000002,0.46792574906770207
0.7300000000000004,0.38000000000000017,0.467916720239187
0.7300000000000004,0.37000000000000016,0.46790768990556925
0.7300000000000004,0.36000000000000015,0.4678986580804775
0.7300000000000004,0.35000000000000014,0.46788962477755336
0.7300000000000004,0.34000000000000014,0.4678805900104516
0.7300000000000004,0.3300000000000001,0.46787155379283984
0.7300000000000004,0.3200000000000001,0.4678625161383982
0.7300000000000004,0.3100000000000001,0.4678534770608199
0.7300000000000004,0.3000000000000001,0.4678444365738103
0.7300000000000004,0.2900000000000001,0.4678353946910872
0.7300000000000004,0.2800000000000001,0.46782635142638096
0.7300000000000004,0.2700000000000001,0.46781730679343386
0.7300000000000004,0.26000000000000006,0.4678082608060005
0.7300000000000004,0.25000000000000006,0.46779921347784714
0.7300000000000004,0.24000000000000007,0.46779016482275204
0.7300000000000004,0.23000000000000007,0.46778111485450546
0.7300000000000004,0.22000000000000006,0.46777206358690865
0.7300000000000004,0.21000000000000005,0.4677630110337748
0.7300000000000004,0.20000000000000004,0.4677539572089286
0.7300000000000004,0.19000000000000003,0.4677449021262055
0.7300000000000004,0.18000000000000002,0.4677358457994526
0.7300000000000004,0.17,0.46772678824252756
0.7300000000000004,0.16,0.4677177294692994
0.7300000000000004,0.15,0.46770866949364776
0.7300000000000004,0.13999999999999999,0.46769960832946283
0.7300000000000004,0.12999999999999998,0.46769054599064536
0.7300000000000004,0.11999999999999998,0.4676814824911069
0.7300000000000004,0.10999999999999999,0.4676724178447689
0.7300000000000004,0.09999999999999999,0.46766335206556325
0.7300000000000004,0.09,0.4676542851674318
0.7300000000000004,0.08,0.4676452171643264
0.7300000000000004,0.07,0.46763614807020876
0.7300000000000004,0.060000000000000005,0.4676270778990504
0.7300000000000004,0.05,0.4676180066648322
0.7300000000000004,0.04,0.46760893438154494
0.7300000000000004,0.03,0.46759986106318835
0.7300000000000004,0.02,0.4675907867237717
0.7300000000000004,0.01,0.46758171137731297
0.7300000000000004,0,0.4675726350378398
0.7200000000000004,1.0000000000000007,0.4684794588563853
0.7200000000000004,0.9900000000000007,0.46847054727069504
0.7200000000000004,0.9800000000000006,0.4684616333760936
0.7200000000000004,0.9700000000000006,0.4684527171852137
0.7200000000000004,0.9600000000000006,0.46844379871070807
0.7200000000000004,0.9500000000000006,0.4684348779652477
0.7200000000000004,0.9400000000000006,0.46842595496152356
0.7200000000000004,0.9300000000000006,0.4684170297122453
0.7200000000000004,0.9200000000000006,0.46840810223014145
0.7200000000000004,0.9100000000000006,0.46839917252795943
0.7200000000000004,0.9000000000000006,0.46839024061846557
0.7200000000000004,0.8900000000000006,0.4683813065144448
0.7200000000000004,0.8800000000000006,0.4683723702287003
0.7200000000000004,0.8700000000000006,0.46836343177405426
0.7200000000000004,0.8600000000000005,0.46835449116334693
0.7200000000000004,0.8500000000000005,0.46834554840943676
0.7200000000000004,0.8400000000000005,0.4683366035252006
0.7200000000000004,0.8300000000000005,0.46832765652353336
0.7200000000000004,0.8200000000000005,0.4683187074173479
0.7200000000000004,0.8100000000000005,0.46830975621957477
0.7200000000000004,0.8000000000000005,0.46830080294316284
0.7200000000000004,0.7900000000000005,0.4682918476010781
0.7200000000000004,0.7800000000000005,0.46828289020630476
0.7200000000000004,0.7700000000000005,0.46827393077184387
0.7200000000000004,0.7600000000000005,0.4682649693107144
0.7200000000000004,0.7500000000000004,0.4682560058359524
0.7200000000000004,0.7400000000000004,0.4682470403606112
0.7200000000000004,0.7300000000000004,0.46823807289776137
0.7200000000000004,0.7200000000000004,0.4682291034604903
0.7200000000000004,0.7100000000000004,0.46822013206190227
0.7200000000000004,0.7000000000000004,0.46821115871511854
0.7200000000000004,0.6900000000000004,0.46820218343327696
0.7200000000000004,0.6800000000000004,0.46819320622953225
0.7200000000000004,0.6700000000000004,0.46818422711705504
0.7200000000000004,0.6600000000000004,0.4681752461090331
0.7200000000000004,0.6500000000000004,0.4681662632186701
0.7200000000000004,0.6400000000000003,0.4681572784591859
0.7200000000000004,0.6300000000000003,0.46814829184381657
0.7200000000000004,0.6200000000000003,0.46813930338581417
0.7200000000000004,0.6100000000000003,0.46813031309844655
0.7200000000000004,0.6000000000000003,0.4681213209949976
0.7200000000000004,0.5900000000000003,0.4681123270887665
0.7200000000000004,0.5800000000000003,0.46810333139306837
0.7200000000000004,0.5700000000000003,0.4680943339212337
0.7200000000000004,0.5600000000000003,0.4680853346866081
0.7200000000000004,0.5500000000000003,0.4680763337025529
0.7200000000000004,0.5400000000000003,0.4680673309824443
0.7200000000000004,0.5300000000000002,0.4680583265396735
0.7200000000000004,0.5200000000000002,0.46804932038764674
0.7200000000000004,0.5100000000000002,0.4680403125397851
0.7200000000000004,0.5000000000000002,0.46803130300952445
0.7200000000000004,0.49000000000000027,0.4680222918103152
0.7200000000000004,0.48000000000000026,0.46801327895562217
0.7200000000000004,0.47000000000000025,0.4680042644589249
0.7200000000000004,0.46000000000000024,0.46799524833371686
0.7200000000000004,0.45000000000000023,0.46798623059350586
0.7200000000000004,0.4400000000000002,0.4679772112518138
0.7200000000000004,0.4300000000000002,0.4679681903221766
0.7200000000000004,0.4200000000000002,0.4679591678181443
0.7200000000000004,0.4100000000000002,0.4679501437532796
0.7200000000000004,0.4000000000000002,0.4679411181411603
0.7200000000000004,0.3900000000000002,0.4679320909953768
0.7200000000000004,0.38000000000000017,0.467923062329533
0.7200000000000004,0.37000000000000016,0.4679140321572464
0.7200000000000004,0.36000000000000015,0.4679050004921474
0.7200000000000004,0.35000000000000014,0.46789596734787986
0.7200000000000004,0.34000000000000014,0.4678869327381003
0.7200000000000004,0.3300000000000001,0.4678778966764778
0.7200000000000004,0.3200000000000001,0.46786885917669496
0.7200000000000004,0.3100000000000001,0.46785982025244643
0.7200000000000004,0.3000000000000001,0.4678507799174395
0.7200000000000004,0.2900000000000001,0.4678417381853939
0.7200000000000004,0.2800000000000001,0.4678326950700416
0.7200000000000004,0.2700000000000001,0.46782365058512687
0.7200000000000004,0.26000000000000006,0.4678146047444058
0.7200000000000004,0.25000000000000006,0.46780555756164666
0.7200000000000004,0.24000000000000007,0.46779650905062947
0.7200000000000004,0.23000000000000007,0.4677874592251458
0.7200000000000004,0.22000000000000006,0.46777840809899907
0.7200000000000004,0.21000000000000005,0.467769355686004
0.7200000000000004,0.20000000000000004,0.4677603019999867
0.7200000000000004,0.19000000000000003,0.46775124705478477
0.7200000000000004,0.18000000000000002,0.4677421908642465
0.7200000000000004,0.17,0.4677331334422316
0.7200000000000004,0.16,0.46772407480261025
0.7200000000000004,0.15,0.46771501495926393
0.7200000000000004,0.13999999999999999,0.46770595392608433
0.7200000000000004,0.12999999999999998,0.4676968917169739
0.7200000000000004,0.11999999999999998,0.4676878283458455
0.7200000000000004,0.10999999999999999,0.46767876382662227
0.7200000000000004,0.09999999999999999,0.4676696981732375
0.7200000000000004,0.09,0.4676606313996346
0.7200000000000004,0.08,0.46765156351976694
0.7200000000000004,0.07,0.46764249454759765
0.7200000000000004,0.060000000000000005,0.46763342449709955
0.7200000000000004,0.05,0.4676243533822552
0.7200000000000004,0.04,0.46761528121705664
0.7200000000000004,0.03,0.46760620801550495
0.7200000000000004,0.02,0.4675971337916108
0.7200000000000004,0.01,0.4675880585593938
0.7200000000000004,0,0.4675789823328824
0.7100000000000004,1.0000000000000007,0.4684857880386223
0.7100000000000004,0.9900000000000007,0.4684768767047328
0.7100000000000004,0.9800000000000006,0.46846796306045213
0.7100000000000004,0.9700000000000006,0.468459047118416
0.7100000000000004,0.9600000000000006,0.4684501288912794
0.7100000000000004,0.9500000000000006,0.4684412083917163
0.7100000000000004,0.9400000000000006,0.4684322856324202
0.7100000000000004,0.9300000000000006,0.46842336062610335
0.7100000000000004,0.9200000000000006,0.46841443338549704
0.7100000000000004,0.9100000000000006,0.4684055039233513
0.7100000000000004,0.9000000000000006,0.46839657225243486
0.7100000000000004,0.8900000000000006,0.4683876383855352
0.7100000000000004,0.8800000000000006,0.4683787023354584
0.7100000000000004,0.8700000000000006,0.4683697641150291
0.7100000000000004,0.8600000000000005,0.46836082373708987
0.7100000000000004,0.8500000000000005,0.46835188121450194
0.7100000000000004,0.8400000000000005,0.4683429365601447
0.7100000000000004,0.8300000000000005,0.4683339897869155
0.7100000000000004,0.8200000000000005,0.46832504090772953
0.7100000000000004,0.8100000000000005,0.46831608993552043
0.7100000000000004,0.8000000000000005,0.4683071368832389
0.7100000000000004,0.7900000000000005,0.4682981817638538
0.7100000000000004,0.7800000000000005,0.46828922459035155
0.7100000000000004,0.7700000000000005,0.46828026537573586
0.7100000000000004,0.7600000000000005,0.4682713041330282
0.7100000000000004,0.7500000000000004,0.4682623408752668
0.7100000000000004,0.7400000000000004,0.4682533756155076
0.7100000000000004,0.7300000000000004,0.46824440836682346
0.7100000000000004,0.7200000000000004,0.46823543914230426
0.7100000000000004,0.7100000000000004,0.46822646795505657
0.7100000000000004,0.7000000000000004,0.46821749481820407
0.7100000000000004,0.6900000000000004,0.468208519744887
0.7100000000000004,0.6800000000000004,0.46819954274826225
0.7100000000000004,0.6700000000000004,0.46819056384150304
0.7100000000000004,0.6600000000000004,0.46818158303779944
0.7100000000000004,0.6500000000000004,0.4681726003503571
0.7100000000000004,0.6400000000000003,0.4681636157923985
0.7100000000000004,0.6300000000000003,0.46815462937716196
0.7100000000000004,0.6200000000000003,0.4681456411179017
0.7100000000000004,0.6100000000000003,0.4681366510278879
0.7100000000000004,0.6000000000000003,0.4681276591204065
0.7100000000000004,0.5900000000000003,0.4681186654087591
0.7100000000000004,0.5800000000000003,0.46810966990626324
0.7100000000000004,0.5700000000000003,0.4681006726262511
0.7100000000000004,0.5600000000000003,0.4680916735820709
0.7100000000000004,0.5500000000000003,0.468082672787086
0.7100000000000004,0.5400000000000003,0.46807367025467456
0.7100000000000004,0.5300000000000002,0.46806466599823027
0.7100000000000004,0.5200000000000002,0.46805566003116134
0.7100000000000004,0.5100000000000002,0.468046652366891
0.7100000000000004,0.5000000000000002,0.4680376430188572
0.7100000000000004,0.49000000000000027,0.4680286320005124
0.7100000000000004,0.48000000000000026,0.46801961932532365
0.7100000000000004,0.47000000000000025,0.46801060500677233
0.7100000000000004,0.46000000000000024,0.4680015890583541
0.7100000000000004,0.45000000000000023,0.4679925714935788
0.7100000000000004,0.4400000000000002,0.46798355232597055
0.7100000000000004,0.4300000000000002,0.46797453156906693
0.7100000000000004,0.4200000000000002,0.4679655092364198
0.7100000000000004,0.4100000000000002,0.4679564853415945
0.7100000000000004,0.4000000000000002,0.4679474598981703
0.7100000000000004,0.3900000000000002,0.46793843291973963
0.7100000000000004,0.38000000000000017,0.46792940441990855
0.7100000000000004,0.37000000000000016,0.4679203744122962
0.7100000000000004,0.36000000000000015,0.4679113429105351
0.7100000000000004,0.35000000000000014,0.46790230992827064
0.7100000000000004,0.34000000000000014,0.4678932754791614
0.7100000000000004,0.3300000000000001,0.4678842395768787
0.7100000000000004,0.3200000000000001,0.4678752022351066
0.7100000000000004,0.3100000000000001,0.46786616346754145
0.7100000000000004,0.3000000000000001,0.4678571232878926
0.7100000000000004,0.2900000000000001,0.4678480817098815
0.7100000000000004,0.2800000000000001,0.467839038747242
0.7100000000000004,0.2700000000000001,0.4678299944137199
0.7100000000000004,0.26000000000000006,0.46782094872307334
0.7100000000000004,0.25000000000000006,0.46781190168907205
0.7100000000000004,0.24000000000000007,0.46780285332549787
0.7100000000000004,0.23000000000000007,0.46779380364614415
0.7100000000000004,0.22000000000000006,0.467784752664816
0.7100000000000004,0.21000000000000005,0.4677757003953297
0.7100000000000004,0.20000000000000004,0.4677666468515131
0.7100000000000004,0.19000000000000003,0.4677575920472053
0.7100000000000004,0.18000000000000002,0.4677485359962564
0.7100000000000004,0.17,0.46773947871252747
0.7100000000000004,0.16,0.4677304202098906
0.7100000000000004,0.15,0.4677213605022287
0.7100000000000004,0.13999999999999999,0.46771229960343486
0.7100000000000004,0.12999999999999998,0.4677032375274132
0.7100000000000004,0.11999999999999998,0.46769417428807836
0.7100000000000004,0.10999999999999999,0.46768510989935447
0.7100000000000004,0.09999999999999999,0.46767604437517674
0.7100000000000004,0.09,0.46766697772948984
0.7100000000000004,0.08,0.4676579099762488
0.7100000000000004,0.07,0.46764884112941785
0.7100000000000004,0.060000000000000005,0.4676397712029715
0.7100000000000004,0.05,0.4676307002108938
0.7100000000000004,0.04,0.4676216281671779
0.7100000000000004,0.03,0.4676125550858264
0.7100000000000004,0.02,0.4676034809808513
0.7100000000000004,0.01,0.46759440586627354
0.7100000000000004,0,0.46758532975612316
0.7000000000000004,1.0000000000000007,0.4684921170132713
0.7000000000000004,0.9900000000000007,0.4684832059343823
0.7000000000000004,0.9800000000000006,0.4684742925436252
0.7000000000000004,0.9700000000000006,0.4684653768536381
0.7000000000000004,0.9600000000000006,0.4684564588770787
0.7000000000000004,0.9500000000000006,0.4684475386266238
0.7000000000000004,0.9400000000000006,0.4684386161149694
0.7000000000000004,0.9300000000000006,0.4684296913548302
0.7000000000000004,0.9200000000000006,0.46842076435894026
0.7000000000000004,0.9100000000000006,0.468411835140052
0.7000000000000004,0.9000000000000006,0.4684029037109372
0.7000000000000004,0.8900000000000006,0.46839397008438555
0.7000000000000004,0.8800000000000006,0.46838503427320594
0.7000000000000004,0.8700000000000006,0.46837609629022503
0.7000000000000004,0.8600000000000005,0.4683671561482886
0.7000000000000004,0.8500000000000005,0.46835821386026005
0.7000000000000004,0.8400000000000005,0.46834926943902144
0.7000000000000004,0.8300000000000005,0.46834032289747235
0.7000000000000004,0.8200000000000005,0.46833137424853083
0.7000000000000004,0.8100000000000005,0.46832242350513276
0.7000000000000004,0.8000000000000005,0.46831347068023144
0.7000000000000004,0.7900000000000005,0.46830451578679816
0.7000000000000004,0.7800000000000005,0.4682955588378217
0.7000000000000004,0.7700000000000005,0.46828659984630844
0.7000000000000004,0.7600000000000005,0.4682776388252819
0.7000000000000004,0.7500000000000004,0.4682686757877831
0.7000000000000004,0.7400000000000004,0.4682597107468702
0.7000000000000004,0.7300000000000004,0.4682507437156185
0.7000000000000004,0.7200000000000004,0.4682417747071202
0.7000000000000004,0.7100000000000004,0.4682328037344843
0.7000000000000004,0.7000000000000004,0.46822383081083674
0.7000000000000004,0.6900000000000004,0.4682148559493204
0.7000000000000004,0.6800000000000004,0.46820587916309403
0.7000000000000004,0.6700000000000004,0.46819690046533374
0.7000000000000004,0.6600000000000004,0.4681879198692312
0.7000000000000004,0.6500000000000004,0.46817893738799493
0.7000000000000004,0.6400000000000003,0.4681699530348495
0.7000000000000004,0.6300000000000003,0.4681609668230355
0.7000000000000004,0.6200000000000003,0.4681519787658093
0.7000000000000004,0.6100000000000003,0.46814298887644346
0.7000000000000004,0.6000000000000003,0.46813399716822607
0.7000000000000004,0.5900000000000003,0.4681250036544611
0.7000000000000004,0.5800000000000003,0.46811600834846784
0.7000000000000004,0.5700000000000003,0.4681070112635811
0.7000000000000004,0.5600000000000003,0.4680980124131513
0.7000000000000004,0.5500000000000003,0.4680890118105437
0.7000000000000004,0.5400000000000003,0.46808000946913875
0.7000000000000004,0.5300000000000002,0.46807100540233215
0.7000000000000004,0.5200000000000002,0.46806199962353434
0.7000000000000004,0.5100000000000002,0.46805299214617063
0.7000000000000004,0.5000000000000002,0.4680439829836811
0.7000000000000004,0.49000000000000027,0.4680349721495203
0.7000000000000004,0.48000000000000026,0.46802595965715715
0.7000000000000004,0.47000000000000025,0.46801694552007517
0.7000000000000004,0.46000000000000024,0.4680079297517722
0.7000000000000004,0.45000000000000023,0.4679989123657599
0.7000000000000004,0.4400000000000002,0.4679898933755645
0.7000000000000004,0.4300000000000002,0.46798087279472567
0.7000000000000004,0.4200000000000002,0.46797185063679697
0.7000000000000004,0.4100000000000002,0.467962826915346
0.7000000000000004,0.4000000000000002,0.4679538016439538
0.7000000000000004,0.3900000000000002,0.4679447748362147
0.7000000000000004,0.38000000000000017,0.4679357465057367
0.7000000000000004,0.37000000000000016,0.46792671666614105
0.7000000000000004,0.36000000000000015,0.4679176853310619
0.7000000000000004,0.35000000000000014,0.4679086525141467
0.7000000000000004,0.34000000000000014,0.4678996182290558
0.7000000000000004,0.3300000000000001,0.46789058248946225
0.7000000000000004,0.3200000000000001,0.46788154530905185
0.7000000000000004,0.3100000000000001,0.4678725067015233
0.7000000000000004,0.3000000000000001,0.4678634666805872
0.7000000000000004,0.2900000000000001,0.4678544252599671
0.7000000000000004,0.2800000000000001,0.46784538245339846
0.7000000000000004,0.2700000000000001,0.4678363382746288
0.7000000000000004,0.26000000000000006,0.467827292737418
0.7000000000000004,0.25000000000000006,0.46781824585553766
0.7000000000000004,0.24000000000000007,0.46780919764277124
0.7000000000000004,0.23000000000000007,0.4678001481129137
0.7000000000000004,0.22000000000000006,0.4677910972797718
0.7000000000000004,0.21000000000000005,0.46778204515716376
0.7000000000000004,0.20000000000000004,0.4677729917589187
0.7000000000000004,0.19000000000000003,0.4677639370988775
0.7000000000000004,0.18000000000000002,0.467754881190892
0.7000000000000004,0.17,0.4677458240488246
0.7000000000000004,0.16,0.46773676568654915
0.7000000000000004,0.15,0.4677277061179499
0.7000000000000004,0.13999999999999999,0.4677186453569219
0.7000000000000004,0.12999999999999998,0.46770958341737046
0.7000000000000004,0.11999999999999998,0.46770052031321163
0.7000000000000004,0.10999999999999999,0.4676914560583715
0.7000000000000004,0.09999999999999999,0.4676823906667862
0.7000000000000004,0.09,0.4676733241524023
0.7000000000000004,0.08,0.46766425652917587
0.7000000000000004,0.07,0.46765518781107296
0.7000000000000004,0.060000000000000005,0.46764611801206946
0.7000000000000004,0.05,0.46763704714615034
0.7000000000000004,0.04,0.46762797522731053
0.7000000000000004,0.03,0.467618902269554
0.7000000000000004,0.02,0.467609828286894
0.7000000000000004,0.01,0.46760075329335277
0.7000000000000004,0,0.4675916773029616
0.6900000000000004,1.0000000000000007,0.46849844577580946
0.6900000000000004,0.9900000000000007,0.46848953495512
0.6900000000000004,0.9800000000000006,0.4684806218210879
0.6900000000000004,0.9700000000000006,0.46847170638635427
0.6900000000000004,0.9600000000000006,0.4684627886635793
0.6900000000000004,0.9500000000000006,0.4684538686654423
0.6900000000000004,0.9400000000000006,0.4684449464046419
0.6900000000000004,0.9300000000000006,0.4684360218938957
0.6900000000000004,0.9200000000000006,0.46842709514594
0.6900000000000004,0.9100000000000006,0.4684181661735301
0.6900000000000004,0.9000000000000006,0.4684092349894398
0.6900000000000004,0.8900000000000006,0.4684003016064621
0.6900000000000004,0.8800000000000006,0.4683913660374077
0.6900000000000004,0.8700000000000006,0.4683824282951065
0.6900000000000004,0.8600000000000005,0.46837348839240633
0.6900000000000004,0.8500000000000005,0.46836454634217345
0.6900000000000004,0.8400000000000005,0.4683556021572919
0.6900000000000004,0.8300000000000005,0.4683466558506643
0.6900000000000004,0.8200000000000005,0.46833770743521097
0.6900000000000004,0.8100000000000005,0.46832875692387016
0.6900000000000004,0.8000000000000005,0.46831980432959774
0.6900000000000004,0.7900000000000005,0.46831084966536757
0.6900000000000004,0.7800000000000005,0.4683018929441707
0.6900000000000004,0.7700000000000005,0.46829293417901574
0.6900000000000004,0.7600000000000005,0.4682839733829292
0.6900000000000004,0.7500000000000004,0.468275010568954
0.6900000000000004,0.7400000000000004,0.46826604575015074
0.6900000000000004,0.7300000000000004,0.4682570789395973
0.6900000000000004,0.7200000000000004,0.46824811015038803
0.6900000000000004,0.7100000000000004,0.4682391393956346
0.6900000000000004,0.7000000000000004,0.468230166688465
0.6900000000000004,0.6900000000000004,0.46822119204202434
0.6900000000000004,0.6800000000000004,0.4682122154694741
0.6900000000000004,0.6700000000000004,0.4682032369839923
0.6900000000000004,0.6600000000000004,0.4681942565987733
0.6900000000000004,0.6500000000000004,0.4681852743270274
0.6900000000000004,0.6400000000000003,0.46817629018198176
0.6900000000000004,0.6300000000000003,0.4681673041768791
0.6900000000000004,0.6200000000000003,0.46815831632497806
0.6900000000000004,0.6100000000000003,0.46814932663955344
0.6900000000000004,0.6000000000000003,0.46814033513389564
0.6900000000000004,0.5900000000000003,0.46813134182131066
0.6900000000000004,0.5800000000000003,0.46812234671512004
0.6900000000000004,0.5700000000000003,0.4681133498286609
0.6900000000000004,0.5600000000000003,0.4681043511752855
0.6900000000000004,0.5500000000000003,0.46809535076836145
0.6900000000000004,0.5400000000000003,0.4680863486212714
0.6900000000000004,0.5300000000000002,0.46807734474741297
0.6900000000000004,0.5200000000000002,0.4680683391601988
0.6900000000000004,0.5100000000000002,0.4680593318730563
0.6900000000000004,0.5000000000000002,0.4680503228994276
0.6900000000000004,0.49000000000000027,0.46804131225276924
0.6900000000000004,0.48000000000000026,0.4680322999465524
0.6900000000000004,0.47000000000000025,0.4680232859942625
0.6900000000000004,0.46000000000000024,0.4680142704093993
0.6900000000000004,0.45000000000000023,0.46800525320547665
0.6900000000000004,0.4400000000000002,0.4679962343960226
0.6900000000000004,0.4300000000000002,0.4679872139945788
0.6900000000000004,0.4200000000000002,0.46797819201470114
0.6900000000000004,0.4100000000000002,0.46796916846995856
0.6900000000000004,0.4000000000000002,0.4679601433739345
0.6900000000000004,0.3900000000000002,0.467951116740225
0.6900000000000004,0.38000000000000017,0.46794208858243996
0.6900000000000004,0.37000000000000016,0.4679330589142026
0.6900000000000004,0.36000000000000015,0.4679240277491489
0.6900000000000004,0.35000000000000014,0.46791499510092827
0.6900000000000004,0.34000000000000014,0.4679059609832026
0.6900000000000004,0.3300000000000001,0.467896925409647
0.6900000000000004,0.3200000000000001,0.4678878883939492
0.6900000000000004,0.3100000000000001,0.4678788499498092
0.6900000000000004,0.3000000000000001,0.4678698100909402
0.6900000000000004,0.2900000000000001,0.4678607688310666
0.6900000000000004,0.2800000000000001,0.4678517261839261
0.6900000000000004,0.2700000000000001,0.467842682163268
0.6900000000000004,0.26000000000000006,0.46783363678285395
0.6900000000000004,0.25000000000000006,0.46782459005645693
0.6900000000000004,0.24000000000000007,0.46781554199786207
0.6900000000000004,0.23000000000000007,0.4678064926208664
0.6900000000000004,0.22000000000000006,0.4677974419392781
0.6900000000000004,0.21000000000000005,0.46778838996691674
0.6900000000000004,0.20000000000000004,0.46777933671761374
0.6900000000000004,0.19000000000000003,0.467770282205211
0.6900000000000004,0.18000000000000002,0.4677612264435621
0.6900000000000004,0.17,0.46775216944653125
0.6900000000000004,0.16,0.46774311122799345
0.6900000000000004,0.15,0.4677340518018349
0.6900000000000004,0.13999999999999999,0.46772499118195193
0.6900000000000004,0.12999999999999998,0.4677159293822514
0.6900000000000004,0.11999999999999998,0.4677068664166509
0.6900000000000004,0.10999999999999999,0.46769780229907776
0.6900000000000004,0.09999999999999999,0.46768873704347
0.6900000000000004,0.09,0.4676796706637753
0.6900000000000004,0.08,0.4676706031739513
0.6900000000000004,0.07,0.46766153458796544
0.6900000000000004,0.060000000000000005,0.46765246491979484
0.6900000000000004,0.05,0.46764339418342615
0.6900000000000004,0.04,0.4676343223928554
0.6900000000000004,0.03,0.467625249562088
0.6900000000000004,0.02,0.4676161757051385
0.6900000000000004,0.01,0.46760710083603046
0.6900000000000004,0,0.4675980249687964
0.6800000000000004,1.0000000000000007,0.46850477432171367
0.6800000000000004,0.9900000000000007,0.46849586376242147
0.6800000000000004,0.9800000000000006,0.4684869508883153
0.6800000000000004,0.9700000000000006,0.4684780357120384
0.6800000000000004,0.9600000000000006,0.4684691182462537
0.6800000000000004,0.9500000000000006,0.4684601985036435
0.6800000000000004,0.9400000000000006,0.46845127649690865
0.6800000000000004,0.9300000000000006,0.46844235223876945
0.6800000000000004,0.9200000000000006,0.4684334257419647
0.6800000000000004,0.9100000000000006,0.4684244970192525
0.6800000000000004,0.9000000000000006,0.4684155660834093
0.6800000000000004,0.8900000000000006,0.46840663294723006
0.6800000000000004,0.8800000000000006,0.4683976976235285
0.6800000000000004,0.8700000000000006,0.4683887601251369
0.6800000000000004,0.8600000000000005,0.4683798204649057
0.6800000000000004,0.8500000000000005,0.46837087865570326
0.6800000000000004,0.8400000000000005,0.46836193471041687
0.6800000000000004,0.8300000000000005,0.468352988641951
0.6800000000000004,0.8200000000000005,0.46834404046322853
0.6800000000000004,0.8100000000000005,0.46833509018719044
0.6800000000000004,0.8000000000000005,0.4683261378267947
0.6800000000000004,0.7900000000000005,0.46831718339501777
0.6800000000000004,0.7800000000000005,0.4683082269048532
0.6800000000000004,0.7700000000000005,0.46829926836931207
0.6800000000000004,0.7600000000000005,0.46829030780142283
0.6800000000000004,0.7500000000000004,0.4682813452142313
0.6800000000000004,0.7400000000000004,0.4682723806208004
0.6800000000000004,0.7300000000000004,0.46826341403421
0.6800000000000004,0.7200000000000004,0.4682544454675572
0.6800000000000004,0.7100000000000004,0.4682454749339557
0.6800000000000004,0.7000000000000004,0.46823650244653603
0.6800000000000004,0.6900000000000004,0.46822752801844564
0.6800000000000004,0.6800000000000004,0.46821855166284804
0.6800000000000004,0.6700000000000004,0.46820957339292374
0.6800000000000004,0.6600000000000004,0.46820059322186924
0.6800000000000004,0.6500000000000004,0.46819161116289737
0.6800000000000004,0.6400000000000003,0.4681826272292373
0.6800000000000004,0.6300000000000003,0.4681736414341339
0.6800000000000004,0.6200000000000003,0.46816465379084843
0.6800000000000004,0.6100000000000003,0.4681556643126577
0.6800000000000004,0.6000000000000003,0.46814667301285395
0.6800000000000004,0.5900000000000003,0.4681376799047459
0.6800000000000004,0.5800000000000003,0.468128685001657
0.6800000000000004,0.5700000000000003,0.46811968831692646
0.6800000000000004,0.5600000000000003,0.4681106898639088
0.6800000000000004,0.5500000000000003,0.46810168965597376
0.6800000000000004,0.5400000000000003,0.46809268770650597
0.6800000000000004,0.5300000000000002,0.46808368402890543
0.6800000000000004,0.5200000000000002,0.4680746786365866
0.6800000000000004,0.5100000000000002,0.4680656715429791
0.6800000000000004,0.5000000000000002,0.468056662761527
0.6800000000000004,0.49000000000000027,0.4680476523056891
0.6800000000000004,0.48000000000000026,0.4680386401889383
0.6800000000000004,0.47000000000000025,0.46802962642476226
0.6800000000000004,0.46000000000000024,0.46802061102666276
0.6800000000000004,0.45000000000000023,0.46801159400815556
0.6800000000000004,0.4400000000000002,0.46800257538277057
0.6800000000000004,0.4300000000000002,0.46799355516405167
0.6800000000000004,0.4200000000000002,0.46798453336555634
0.6800000000000004,0.4100000000000002,0.46797551000085597
0.6800000000000004,0.4000000000000002,0.46796648508353517
0.6800000000000004,0.3900000000000002,0.46795745862719257
0.6800000000000004,0.38000000000000017,0.46794843064543973
0.6800000000000004,0.37000000000000016,0.4679394011519014
0.6800000000000004,0.36000000000000015,0.46793037016021594
0.6800000000000004,0.35000000000000014,0.46792133768403427
0.6800000000000004,0.34000000000000014,0.46791230373702025
0.6800000000000004,0.3300000000000001,0.46790326833285084
0.6800000000000004,0.3200000000000001,0.4678942314852154
0.6800000000000004,0.3100000000000001,0.4678851932078159
0.6800000000000004,0.3000000000000001,0.46787615351436684
0.6800000000000004,0.2900000000000001,0.4678671124185951
0.6800000000000004,0.2800000000000001,0.4678580699342395
0.6800000000000004,0.2700000000000001,0.4678490260750515
0.6800000000000004,0.26000000000000006,0.4678399808547939
0.6800000000000004,0.25000000000000006,0.4678309342872418
0.6800000000000004,0.24000000000000007,0.4678218863861822
0.6800000000000004,0.23000000000000007,0.4678128371654132
0.6800000000000004,0.22000000000000006,0.46780378663874495
0.6800000000000004,0.21000000000000005,0.46779473481999867
0.6800000000000004,0.20000000000000004,0.4677856817230071
0.6800000000000004,0.19000000000000003,0.4677766273616141
0.6800000000000004,0.18000000000000002,0.46776757174967465
0.6800000000000004,0.17,0.4677585149010544
0.6800000000000004,0.16,0.4677494568296303
0.6800000000000004,0.15,0.4677403975492895
0.6800000000000004,0.13999999999999999,0.4677313370739303
0.6800000000000004,0.12999999999999998,0.4677222754174608
0.6800000000000004,0.11999999999999998,0.4677132125938001
0.6800000000000004,0.10999999999999999,0.4677041486168772
0.6800000000000004,0.09999999999999999,0.46769508350063116
0.6800000000000004,0.09,0.46768601725901154
0.6800000000000004,0.08,0.46767694990597697
0.6800000000000004,0.07,0.46766788145549654
0.6800000000000004,0.060000000000000005,0.4676588119215487
0.6800000000000004,0.05,0.4676497413181214
0.6800000000000004,0.04,0.4676406696592121
0.6800000000000004,0.03,0.4676315969588275
0.6800000000000004,0.02,0.4676225232309834
0.6800000000000004,0.01,0.4676134484897047
0.6800000000000004,0,0.4676043727490252
0.6700000000000004,1.0000000000000007,0.46851110264646006
0.6700000000000004,0.9900000000000007,0.46850219235176194
0.6700000000000004,0.9800000000000006,0.46849327974078087
0.6700000000000004,0.9700000000000006,0.46848436482616307
0.6700000000000004,0.9600000000000006,0.4684754476205739
0.6700000000000004,0.9500000000000006,0.468466528136698
0.6700000000000004,0.9400000000000006,0.4684576063872393
0.6700000000000004,0.9300000000000006,0.46844868238492016
0.6700000000000004,0.9200000000000006,0.4684397561424825
0.6700000000000004,0.9100000000000006,0.46843082767268646
0.6700000000000004,0.9000000000000006,0.46842189698831105
0.6700000000000004,0.8900000000000006,0.4684129641021542
0.6700000000000004,0.8800000000000006,0.46840402902703193
0.6700000000000004,0.8700000000000006,0.46839509177577887
0.6700000000000004,0.8600000000000005,0.4683861523612482
0.6700000000000004,0.8500000000000005,0.4683772107963106
0.6700000000000004,0.8400000000000005,0.46836826709385576
0.6700000000000004,0.8300000000000005,0.46835932126679103
0.6700000000000004,0.8200000000000005,0.4683503733280413
0.6700000000000004,0.8100000000000005,0.4683414232905501
0.6700000000000004,0.8000000000000005,0.46833247116727805
0.6700000000000004,0.7900000000000005,0.4683235169712038
0.6700000000000004,0.7800000000000005,0.4683145607153233
0.6700000000000004,0.7700000000000005,0.4683056024126501
0.6700000000000004,0.7600000000000005,0.46829664207621513
0.6700000000000004,0.7500000000000004,0.4682876797190664
0.6700000000000004,0.7400000000000004,0.4682787153542693
0.6700000000000004,0.7300000000000004,0.4682697489949059
0.6700000000000004,0.7200000000000004,0.4682607806540759
0.6700000000000004,0.7100000000000004,0.46825181034489516
0.6700000000000004,0.7000000000000004,0.46824283808049655
0.6700000000000004,0.6900000000000004,0.4682338638740296
0.6700000000000004,0.6800000000000004,0.46822488773866056
0.6700000000000004,0.6700000000000004,0.4682159096875718
0.6700000000000004,0.6600000000000004,0.4682069297339624
0.6700000000000004,0.6500000000000004,0.4681979478910471
0.6700000000000004,0.6400000000000003,0.4681889641720575
0.6700000000000004,0.6300000000000003,0.46817997859024074
0.6700000000000004,0.6200000000000003,0.4681709911588601
0.6700000000000004,0.6100000000000003,0.4681620018911945
0.6700000000000004,0.6000000000000003,0.46815301080053906
0.6700000000000004,0.5900000000000003,0.46814401790020366
0.6700000000000004,0.5800000000000003,0.46813502320351463
0.6700000000000004,0.5700000000000003,0.4681260267238132
0.6700000000000004,0.5600000000000003,0.4681170284744557
0.6700000000000004,0.5500000000000003,0.4681080284688143
0.6700000000000004,0.5400000000000003,0.4680990267202756
0.6700000000000004,0.5300000000000002,0.4680900232422417
0.6700000000000004,0.5200000000000002,0.46808101804812907
0.6700000000000004,0.5100000000000002,0.4680720111513696
0.6700000000000004,0.5000000000000002,0.4680630025654091
0.6700000000000004,0.49000000000000027,0.4680539923037085
0.6700000000000004,0.48000000000000026,0.46804498037974296
0.6700000000000004,0.47000000000000025,0.4680359668070019
0.6700000000000004,0.46000000000000024,0.468026951598989
0.6700000000000004,0.45000000000000023,0.46801793476922227
0.6700000000000004,0.4400000000000002,0.4680089163312334
0.6700000000000004,0.4300000000000002,0.46799989629856814
0.6700000000000004,0.4200000000000002,0.4679908746847862
0.6700000000000004,0.4100000000000002,0.4679818515034604
0.6700000000000004,0.4000000000000002,0.46797282676817775
0.6700000000000004,0.3900000000000002,0.46796380049253855
0.6700000000000004,0.38000000000000017,0.46795477269015606
0.6700000000000004,0.37000000000000016,0.4679457433746573
0.6700000000000004,0.36000000000000015,0.46793671255968194
0.6700000000000004,0.35000000000000014,0.46792768025888315
0.6700000000000004,0.34000000000000014,0.4679186464859265
0.6700000000000004,0.3300000000000001,0.46790961125449054
0.6700000000000004,0.3200000000000001,0.4679005745782666
0.6700000000000004,0.3100000000000001,0.4678915364709584
0.6700000000000004,0.3000000000000001,0.4678824969462822
0.6700000000000004,0.2900000000000001,0.4678734560179665
0.6700000000000004,0.2800000000000001,0.46786441369975207
0.6700000000000004,0.2700000000000001,0.46785537000539157
0.6700000000000004,0.26000000000000006,0.4678463249486501
0.6700000000000004,0.25000000000000006,0.46783727854330404
0.6700000000000004,0.24000000000000007,0.46782823080314206
0.6700000000000004,0.23000000000000007,0.4678191817419642
0.6700000000000004,0.22000000000000006,0.4678101313735818
0.6700000000000004,0.21000000000000005,0.46780107971181806
0.6700000000000004,0.20000000000000004,0.46779202677050713
0.6700000000000004,0.19000000000000003,0.46778297256349455
0.6700000000000004,0.18000000000000002,0.4677739171046365
0.6700000000000004,0.17,0.46776486040780063
0.6700000000000004,0.16,0.4677558024868651
0.6700000000000004,0.15,0.4677467433557189
0.6700000000000004,0.13999999999999999,0.4677376830282613
0.6700000000000004,0.12999999999999998,0.46772862151840244
0.6700000000000004,0.11999999999999998,0.46771955884006255
0.6700000000000004,0.10999999999999999,0.46771049500717204
0.6700000000000004,0.09999999999999999,0.46770143003367165
0.6700000000000004,0.09,0.4676923639335121
0.6700000000000004,0.08,0.4676832967206536
0.6700000000000004,0.07,0.4676742284090665
0.6700000000000004,0.060000000000000005,0.4676651590127306
0.6700000000000004,0.05,0.4676560885456353
0.6700000000000004,0.04,0.46764701702177924
0.6700000000000004,0.03,0.46763794445517043
0.6700000000000004,0.02,0.46762887085982613
0.6700000000000004,0.01,0.46761979624977246
0.6700000000000004,0,0.46761072063904424
0.6600000000000004,1.0000000000000007,0.4685174307455241
0.6600000000000004,0.9900000000000007,0.46850852071861576
0.6600000000000004,0.9800000000000006,0.4684996083739584
0.6600000000000004,0.9700000000000006,0.46849069372420077
0.6600000000000004,0.9600000000000006,0.46848177678201103
0.6600000000000004,0.9500000000000006,0.4684728575600764
0.6600000000000004,0.9400000000000006,0.468463936071103
0.6600000000000004,0.9300000000000006,0.4684550123278162
0.6600000000000004,0.9200000000000006,0.4684460863429601
0.6600000000000004,0.9100000000000006,0.46843715812929765
0.6600000000000004,0.9000000000000006,0.4684282276996105
0.6600000000000004,0.8900000000000006,0.46841929506669866
0.6600000000000004,0.8800000000000006,0.46841036024338106
0.6600000000000004,0.8700000000000006,0.4684014232424946
0.6600000000000004,0.8600000000000005,0.4683924840768948
0.6600000000000004,0.8500000000000005,0.4683835427594555
0.6600000000000004,0.8400000000000005,0.468374599303068
0.6600000000000004,0.8300000000000005,0.4683656537206425
0.6600000000000004,0.8200000000000005,0.46835670602510643
0.6600000000000004,0.8100000000000005,0.46834775622940555
0.6600000000000004,0.8000000000000005,0.4683388043465031
0.6600000000000004,0.7900000000000005,0.4683298503893798
0.6600000000000004,0.7800000000000005,0.46832089437103425
0.6600000000000004,0.7700000000000005,0.4683119363044825
0.6600000000000004,0.7600000000000005,0.4683029762027574
0.6600000000000004,0.7500000000000004,0.46829401407890975
0.6600000000000004,0.7400000000000004,0.46828504994600695
0.6600000000000004,0.7300000000000004,0.46827608381713387
0.6600000000000004,0.7200000000000004,0.4682671157053919
0.6600000000000004,0.7100000000000004,0.4682581456238997
0.6600000000000004,0.7000000000000004,0.46824917358579227
0.6600000000000004,0.6900000000000004,0.46824019960422153
0.6600000000000004,0.6800000000000004,0.46823122369235576
0.6600000000000004,0.6700000000000004,0.46822224586337985
0.6600000000000004,0.6600000000000004,0.46821326613049474
0.6600000000000004,0.6500000000000004,0.4682042845069178
0.6600000000000004,0.6400000000000003,0.46819530100588275
0.6600000000000004,0.6300000000000003,0.4681863156406388
0.6600000000000004,0.6200000000000003,0.4681773284244516
0.6600000000000004,0.6100000000000003,0.4681683393706022
0.6600000000000004,0.6000000000000003,0.46815934849238755
0.6600000000000004,0.5900000000000003,0.4681503558031205
0.6600000000000004,0.5800000000000003,0.46814136131612855
0.6600000000000004,0.5700000000000003,0.4681323650447555
0.6600000000000004,0.5600000000000003,0.46812336700235985
0.6600000000000004,0.5500000000000003,0.4681143672023158
0.6600000000000004,0.5400000000000003,0.4681053656580122
0.6600000000000004,0.5300000000000002,0.4680963623828528
0.6600000000000004,0.5200000000000002,0.46808735739025664
0.6600000000000004,0.5100000000000002,0.46807835069365716
0.6600000000000004,0.5000000000000002,0.46806934230650254
0.6600000000000004,0.49000000000000027,0.46806033224225563
0.6600000000000004,0.48000000000000026,0.4680513205143935
0.6600000000000004,0.47000000000000025,0.4680423071364077
0.6600000000000004,0.46000000000000024,0.4680332921218038
0.6600000000000004,0.45000000000000023,0.4680242754841016
0.6600000000000004,0.4400000000000002,0.46801525723683507
0.6600000000000004,0.4300000000000002,0.46800623739355174
0.6600000000000004,0.4200000000000002,0.46799721596781296
0.6600000000000004,0.4100000000000002,0.467988192973194
0.6600000000000004,0.4000000000000002,0.46797916842328335
0.6600000000000004,0.3900000000000002,0.46797014233168305
0.6600000000000004,0.38000000000000017,0.46796111471200874
0.6600000000000004,0.37000000000000016,0.46795208557788887
0.6600000000000004,0.36000000000000015,0.4679430549429652
0.6600000000000004,0.35000000000000014,0.4679340228208922
0.6600000000000004,0.34000000000000014,0.46792498922533776
0.6600000000000004,0.3300000000000001,0.46791595416998205
0.6600000000000004,0.3200000000000001,0.46790691766851805
0.6600000000000004,0.3100000000000001,0.46789787973465147
0.6600000000000004,0.3000000000000001,0.46788884038209994
0.6600000000000004,0.2900000000000001,0.46787979962459403
0.6600000000000004,0.2800000000000001,0.46787075747587586
0.6600000000000004,0.2700000000000001,0.4678617139497003
0.6600000000000004,0.26000000000000006,0.46785266905983347
0.6600000000000004,0.25000000000000006,0.4678436228200539
0.6600000000000004,0.24000000000000007,0.4678345752441516
0.6600000000000004,0.23000000000000007,0.46782552634592844
0.6600000000000004,0.22000000000000006,0.46781647613919725
0.6600000000000004,0.21000000000000005,0.46780742463778285
0.6600000000000004,0.20000000000000004,0.46779837185552087
0.6600000000000004,0.19000000000000003,0.46778931780625843
0.6600000000000004,0.18000000000000002,0.4677802625038535
0.6600000000000004,0.17,0.467771205962175
0.6600000000000004,0.16,0.4677621481951026
0.6600000000000004,0.15,0.46775308921652675
0.6600000000000004,0.13999999999999999,0.46774402904034845
0.6600000000000004,0.12999999999999998,0.46773496768047906
0.6600000000000004,0.11999999999999998,0.46772590515084034
0.6600000000000004,0.10999999999999999,0.46771684146536413
0.6600000000000004,0.09999999999999999,0.4677077766379925
0.6600000000000004,0.09,0.4676987106826776
0.6600000000000004,0.08,0.4676896436133811
0.6600000000000004,0.07,0.4676805754440746
0.6600000000000004,0.060000000000000005,0.4676715061887393
0.6600000000000004,0.05,0.4676624358613658
0.6600000000000004,0.04,0.46765336447595435
0.6600000000000004,0.03,0.467644292046514
0.6600000000000004,0.02,0.46763521858706325
0.6600000000000004,0.01,0.4676261441116294
0.6600000000000004,0,0.46761706863424896
0.6500000000000004,1.0000000000000007,0.46852375861438084
0.6500000000000004,0.9900000000000007,0.46851484885845684
0.6500000000000004,0.9800000000000006,0.4685059367833206
0.6500000000000004,0.9700000000000006,0.4684970224016234
0.6500000000000004,0.9600000000000006,0.46848810572603594
0.6500000000000004,0.9500000000000006,0.46847918676924805
0.6500000000000004,0.9400000000000006,0.46847026554396837
0.6500000000000004,0.9300000000000006,0.468461342062925
0.6500000000000004,0.9200000000000006,0.4684524163388644
0.6500000000000004,0.9100000000000006,0.468443488384552
0.6500000000000004,0.9000000000000006,0.4684345582127721
0.6500000000000004,0.8900000000000006,0.468425625836327
0.6500000000000004,0.8800000000000006,0.46841669126803837
0.6500000000000004,0.8700000000000006,0.4684077545207456
0.6500000000000004,0.8600000000000005,0.4683988156073064
0.6500000000000004,0.8500000000000005,0.4683898745405972
0.6500000000000004,0.8400000000000005,0.46838093133351205
0.6500000000000004,0.8300000000000005,0.4683719859989632
0.6500000000000004,0.8200000000000005,0.46836303854988054
0.6500000000000004,0.8100000000000005,0.4683540889992124
0.6500000000000004,0.8000000000000005,0.4683451373599243
0.6500000000000004,0.7900000000000005,0.46833618364499946
0.6500000000000004,0.7800000000000005,0.4683272278674388
0.6500000000000004,0.7700000000000005,0.4683182700402606
0.6500000000000004,0.7600000000000005,0.4683093101765004
0.6500000000000004,0.7500000000000004,0.468300348289211
0.6500000000000004,0.7400000000000004,0.46829138439146245
0.6500000000000004,0.7300000000000004,0.46828241849634156
0.6500000000000004,0.7200000000000004,0.46827345061695236
0.6500000000000004,0.7100000000000004,0.4682644807664155
0.6500000000000004,0.7000000000000004,0.4682555089578686
0.6500000000000004,0.6900000000000004,0.4682465352044655
0.6500000000000004,0.6800000000000004,0.468237559519377
0.6500000000000004,0.6700000000000004,0.4682285819157901
0.6500000000000004,0.6600000000000004,0.4682196024069079
0.6500000000000004,0.6500000000000004,0.46821062100595034
0.6500000000000004,0.6400000000000003,0.468201637726153
0.6500000000000004,0.6300000000000003,0.4681926525807672
0.6500000000000004,0.6200000000000003,0.4681836655830611
0.6500000000000004,0.6100000000000003,0.4681746767463177
0.6500000000000004,0.6000000000000003,0.4681656860838362
0.6500000000000004,0.5900000000000003,0.4681566936089312
0.6500000000000004,0.5800000000000003,0.46814769933493305
0.6500000000000004,0.5700000000000003,0.4681387032751871
0.6500000000000004,0.5600000000000003,0.4681297054430543
0.6500000000000004,0.5500000000000003,0.4681207058519105
0.6500000000000004,0.5400000000000003,0.4681117045151469
0.6500000000000004,0.5300000000000002,0.4681027014461693
0.6500000000000004,0.5200000000000002,0.46809369665839873
0.6500000000000004,0.5100000000000002,0.4680846901652706
0.6500000000000004,0.5000000000000002,0.46807568198023536
0.6500000000000004,0.49000000000000027,0.46806667211675745
0.6500000000000004,0.48000000000000026,0.46805766058831627
0.6500000000000004,0.47000000000000025,0.4680486474084051
0.6500000000000004,0.46000000000000024,0.4680396325905316
0.6500000000000004,0.45000000000000023,0.46803061614821767
0.6500000000000004,0.4400000000000002,0.4680215980949987
0.6500000000000004,0.4300000000000002,0.46801257844442457
0.6500000000000004,0.4200000000000002,0.4680035572100585
0.6500000000000004,0.4100000000000002,0.46799453440547745
0.6500000000000004,0.4000000000000002,0.4679855100442719
0.6500000000000004,0.3900000000000002,0.46797648414004583
0.6500000000000004,0.38000000000000017,0.4679674567064163
0.6500000000000004,0.37000000000000016,0.4679584277570141
0.6500000000000004,0.36000000000000015,0.46794939730548235
0.6500000000000004,0.35000000000000014,0.4679403653654778
0.6500000000000004,0.34000000000000014,0.4679313319506699
0.6500000000000004,0.3300000000000001,0.4679222970747403
0.6500000000000004,0.3200000000000001,0.4679132607513842
0.6500000000000004,0.3100000000000001,0.4679042229943085
0.6500000000000004,0.3000000000000001,0.467895183817233
0.6500000000000004,0.2900000000000001,0.4678861432338898
0.6500000000000004,0.2800000000000001,0.4678771012580227
0.6500000000000004,0.2700000000000001,0.4678680579033881
0.6500000000000004,0.26000000000000006,0.46785901318375417
0.6500000000000004,0.25000000000000006,0.4678499671129007
0.6500000000000004,0.24000000000000007,0.4678409197046195
0.6500000000000004,0.23000000000000007,0.46783187097271395
0.6500000000000004,0.22000000000000006,0.4678228209309984
0.6500000000000004,0.21000000000000005,0.4678137695932995
0.6500000000000004,0.20000000000000004,0.4678047169734543
0.6500000000000004,0.19000000000000003,0.4677956630853114
0.6500000000000004,0.18000000000000002,0.4677866079427303
0.6500000000000004,0.17,0.4677775515595815
0.6500000000000004,0.16,0.46776849394974623
0.6500000000000004,0.15,0.4677594351271162
0.6500000000000004,0.13999999999999999,0.46775037510559386
0.6500000000000004,0.12999999999999998,0.4677413138990923
0.6500000000000004,0.11999999999999998,0.4677322515215344
0.6500000000000004,0.10999999999999999,0.46772318798685375
0.6500000000000004,0.09999999999999999,0.46771412330899353
0.6500000000000004,0.09,0.4677050575019073
0.6500000000000004,0.08,0.467695990579558
0.6500000000000004,0.07,0.4676869225559189
0.6500000000000004,0.060000000000000005,0.4676778534449722
0.6500000000000004,0.05,0.46766878326071004
0.6500000000000004,0.04,0.46765971201713363
0.6500000000000004,0.03,0.4676506397282537
0.6500000000000004,0.02,0.46764156640808985
0.6500000000000004,0.01,0.46763249207067054
0.6500000000000004,0,0.4676234167300335
0.6400000000000003,1.0000000000000007,0.4685300862485046
0.6400000000000003,0.9900000000000007,0.46852117676675853
0.6400000000000003,0.9800000000000006,0.46851226496433973
0.6400000000000003,0.9700000000000006,0.468503350853902
0.6400000000000003,0.9600000000000006,0.4684944344481187
0.6400000000000003,0.9500000000000006,0.46848551575968217
0.6400000000000003,0.9400000000000006,0.4684765948013036
0.6400000000000003,0.9300000000000006,0.46846767158571356
0.6400000000000003,0.9200000000000006,0.46845874612566113
0.6400000000000003,0.9100000000000006,0.4684498184339142
0.6400000000000003,0.9000000000000006,0.4684408885232595
0.6400000000000003,0.8900000000000006,0.46843195640650215
0.6400000000000003,0.8800000000000006,0.4684230220964658
0.6400000000000003,0.8700000000000006,0.4684140856059925
0.6400000000000003,0.8600000000000005,0.46840514694794266
0.6400000000000003,0.8500000000000005,0.4683962061351948
0.6400000000000003,0.8400000000000005,0.46838726318064555
0.6400000000000003,0.8300000000000005,0.46837831809720953
0.6400000000000003,0.8200000000000005,0.4683693708978193
0.6400000000000003,0.8100000000000005,0.4683604215954253
0.6400000000000003,0.8000000000000005,0.46835147020299556
0.6400000000000003,0.7900000000000005,0.46834251673351557
0.6400000000000003,0.7800000000000005,0.46833356119998876
0.6400000000000003,0.7700000000000005,0.46832460361543565
0.6400000000000003,0.7600000000000005,0.46831564399289416
0.6400000000000003,0.7500000000000004,0.46830668234541944
0.6400000000000003,0.7400000000000004,0.4682977186860838
0.6400000000000003,0.7300000000000004,0.4682887530279763
0.6400000000000003,0.7200000000000004,0.4682797853842034
0.6400000000000003,0.7100000000000004,0.468270815767888
0.6400000000000003,0.7000000000000004,0.46826184419216976
0.6400000000000003,0.6900000000000004,0.46825287067020505
0.6400000000000003,0.6800000000000004,0.4682438952151669
0.6400000000000003,0.6700000000000004,0.4682349178402443
0.6400000000000003,0.6600000000000004,0.4682259385586429
0.6400000000000003,0.6500000000000004,0.4682169573835845
0.6400000000000003,0.6400000000000003,0.468207974328307
0.6400000000000003,0.6300000000000003,0.46819898940606414
0.6400000000000003,0.6200000000000003,0.4681900026301257
0.6400000000000003,0.6100000000000003,0.4681810140137773
0.6400000000000003,0.6000000000000003,0.4681720235703201
0.6400000000000003,0.5900000000000003,0.468163031313071
0.6400000000000003,0.5800000000000003,0.4681540372553621
0.6400000000000003,0.5700000000000003,0.46814504141054103
0.6400000000000003,0.5600000000000003,0.4681360437919709
0.6400000000000003,0.5500000000000003,0.4681270444130296
0.6400000000000003,0.5400000000000003,0.4681180432871102
0.6400000000000003,0.5300000000000002,0.46810904042762075
0.6400000000000003,0.5200000000000002,0.46810003584798426
0.6400000000000003,0.5100000000000002,0.46809102956163806
0.6400000000000003,0.5000000000000002,0.4680820215820345
0.6400000000000003,0.49000000000000027,0.46807301192264045
0.6400000000000003,0.48000000000000026,0.4680640005969367
0.6400000000000003,0.47000000000000025,0.4680549876184189
0.6400000000000003,0.46000000000000024,0.4680459730005965
0.6400000000000003,0.45000000000000023,0.4680369567569933
0.6400000000000003,0.4400000000000002,0.4680279389011468
0.6400000000000003,0.4300000000000002,0.46801891944660856
0.6400000000000003,0.4200000000000002,0.46800989840694357
0.6400000000000003,0.4100000000000002,0.4680008757957309
0.6400000000000003,0.4000000000000002,0.4679918516265628
0.6400000000000003,0.3900000000000002,0.4679828259130451
0.6400000000000003,0.38000000000000017,0.4679737986687967
0.6400000000000003,0.37000000000000016,0.46796476990745
0.6400000000000003,0.36000000000000015,0.4679557396426502
0.6400000000000003,0.35000000000000014,0.46794670788805576
0.6400000000000003,0.34000000000000014,0.46793767465733743
0.6400000000000003,0.3300000000000001,0.4679286399641795
0.6400000000000003,0.3200000000000001,0.467919603822278
0.6400000000000003,0.3100000000000001,0.46791056624534216
0.6400000000000003,0.3000000000000001,0.4679015272470932
0.6400000000000003,0.2900000000000001,0.4678924868412649
0.6400000000000003,0.2800000000000001,0.4678834450416029
0.6400000000000003,0.2700000000000001,0.4678744018618651
0.6400000000000003,0.26000000000000006,0.4678653573158213
0.6400000000000003,0.25000000000000006,0.467856311417253
0.6400000000000003,0.24000000000000007,0.4678472641799536
0.6400000000000003,0.23000000000000007,0.4678382156177278
0.6400000000000003,0.22000000000000006,0.4678291657443921
0.6400000000000003,0.21000000000000005,0.46782011457377404
0.6400000000000003,0.20000000000000004,0.46781106211971263
0.6400000000000003,0.19000000000000003,0.4678020083960579
0.6400000000000003,0.18000000000000002,0.46779295341667093
0.6400000000000003,0.17,0.46778389719542346
0.6400000000000003,0.16,0.4677748397461985
0.6400000000000003,0.15,0.4677657810828891
0.6400000000000003,0.13999999999999999,0.4677567212193991
0.6400000000000003,0.12999999999999998,0.4677476601696429
0.6400000000000003,0.11999999999999998,0.46773859794754513
0.6400000000000003,0.10999999999999999,0.4677295345670404
0.6400000000000003,0.09999999999999999,0.46772047004207357
0.6400000000000003,0.09,0.46771140438659936
0.6400000000000003,0.08,0.46770233761458224
0.6400000000000003,0.07,0.4676932697399965
0.6400000000000003,0.060000000000000005,0.46768420077682593
0.6400000000000003,0.05,0.46767513073906386
0.6400000000000003,0.04,0.4676660596407128
0.6400000000000003,0.03,0.46765698749578455
0.6400000000000003,0.02,0.4676479143183001
0.6400000000000003,0.01,0.4676388401222894
0.6400000000000003,0,0.467629764921791
0.6300000000000003,1.0000000000000007,0.4685364136433693
0.6300000000000003,0.9900000000000007,0.4685275044389936
0.6300000000000003,0.9800000000000006,0.4685185929124874
0.6300000000000003,0.9700000000000006,0.46850967907650726
0.6300000000000003,0.9600000000000006,0.4685007629437289
0.6300000000000003,0.9500000000000006,0.4684918445268472
0.6300000000000003,0.9400000000000006,0.46848292383857615
0.6300000000000003,0.9300000000000006,0.46847400089164837
0.6300000000000003,0.9200000000000006,0.46846507569881574
0.6300000000000003,0.9100000000000006,0.4684561482728486
0.6300000000000003,0.9000000000000006,0.46844721862653615
0.6300000000000003,0.8900000000000006,0.4684382867726861
0.6300000000000003,0.8800000000000006,0.46842935272412434
0.6300000000000003,0.8700000000000006,0.46842041649369554
0.6300000000000003,0.8600000000000005,0.46841147809426253
0.6300000000000003,0.8500000000000005,0.46840253753870636
0.6300000000000003,0.8400000000000005,0.4683935948399258
0.6300000000000003,0.8300000000000005,0.46838465001083807
0.6300000000000003,0.8200000000000005,0.46837570306437815
0.6300000000000003,0.8100000000000005,0.4683667540134987
0.6300000000000003,0.8000000000000005,0.4683578028711701
0.6300000000000003,0.7900000000000005,0.4683488496503806
0.6300000000000003,0.7800000000000005,0.4683398943641356
0.6300000000000003,0.7700000000000005,0.46833093702545797
0.6300000000000003,0.7600000000000005,0.4683219776473881
0.6300000000000003,0.7500000000000004,0.4683130162429834
0.6300000000000003,0.7400000000000004,0.4683040528253184
0.6300000000000003,0.7300000000000004,0.46829508740748454
0.6300000000000003,0.7200000000000004,0.46828612000259057
0.6300000000000003,0.7100000000000004,0.4682771506237616
0.6300000000000003,0.7000000000000004,0.4682681792841396
0.6300000000000003,0.6900000000000004,0.4682592059968832
0.6300000000000003,0.6800000000000004,0.4682502307751673
0.6300000000000003,0.6700000000000004,0.46824125363218355
0.6300000000000003,0.6600000000000004,0.4682322745811396
0.6300000000000003,0.6500000000000004,0.4682232936352595
0.6300000000000003,0.6400000000000003,0.4682143108077832
0.6300000000000003,0.6300000000000003,0.4682053261119668
0.6300000000000003,0.6200000000000003,0.46819633956108214
0.6300000000000003,0.6100000000000003,0.468187351168417
0.6300000000000003,0.6000000000000003,0.46817836094727433
0.6300000000000003,0.5900000000000003,0.4681693689109735
0.6300000000000003,0.5800000000000003,0.46816037507284863
0.6300000000000003,0.5700000000000003,0.4681513794462495
0.6300000000000003,0.5600000000000003,0.46814238204454106
0.6300000000000003,0.5500000000000003,0.4681333828811034
0.6300000000000003,0.5400000000000003,0.4681243819693317
0.6300000000000003,0.5300000000000002,0.4681153793226359
0.6300000000000003,0.5200000000000002,0.46810637495444096
0.6300000000000003,0.5100000000000002,0.4680973688781865
0.6300000000000003,0.5000000000000002,0.4680883611073265
0.6300000000000003,0.49000000000000027,0.4680793516553299
0.6300000000000003,0.48000000000000026,0.4680703405356796
0.6300000000000003,0.47000000000000025,0.4680613277618731
0.6300000000000003,0.46000000000000024,0.46805231334742176
0.6300000000000003,0.45000000000000023,0.4680432973058512
0.6300000000000003,0.4400000000000002,0.46803427965070077
0.6300000000000003,0.4300000000000002,0.4680252603955241
0.6300000000000003,0.4200000000000002,0.46801623955388816
0.6300000000000003,0.4100000000000002,0.4680072171393735
0.6300000000000003,0.4000000000000002,0.46799819316557445
0.6300000000000003,0.3900000000000002,0.46798916764609855
0.6300000000000003,0.38000000000000017,0.46798014059456666
0.6300000000000003,0.37000000000000016,0.4679711120246127
0.6300000000000003,0.36000000000000015,0.46796208194988387
0.6300000000000003,0.35000000000000014,0.4679530503840403
0.6300000000000003,0.34000000000000014,0.4679440173407546
0.6300000000000003,0.3300000000000001,0.4679349828337125
0.6300000000000003,0.3200000000000001,0.4679259468766122
0.6300000000000003,0.3100000000000001,0.46791690948316417
0.6300000000000003,0.3000000000000001,0.4679078706670916
0.6300000000000003,0.2900000000000001,0.4678988304421299
0.6300000000000003,0.2800000000000001,0.4678897888220262
0.6300000000000003,0.2700000000000001,0.4678807458205401
0.6300000000000003,0.26000000000000006,0.467871701451443
0.6300000000000003,0.25000000000000006,0.4678626557285183
0.6300000000000003,0.24000000000000007,0.46785360866556047
0.6300000000000003,0.23000000000000007,0.46784456027637633
0.6300000000000003,0.22000000000000006,0.46783551057478345
0.6300000000000003,0.21000000000000005,0.46782645957461116
0.6300000000000003,0.20000000000000004,0.46781740728970006
0.6300000000000003,0.19000000000000003,0.4678083537339015
0.6300000000000003,0.18000000000000002,0.4677992989210781
0.6300000000000003,0.17,0.46779024286510323
0.6300000000000003,0.16,0.4677811855798611
0.6300000000000003,0.15,0.4677721270792463
0.6300000000000003,0.13999999999999999,0.4677630673771642
0.6300000000000003,0.12999999999999998,0.4677540064875306
0.6300000000000003,0.11999999999999998,0.4677449444242714
0.6300000000000003,0.10999999999999999,0.46773588120132265
0.6300000000000003,0.09999999999999999,0.46772681683263057
0.6300000000000003,0.09,0.46771775133215104
0.6300000000000003,0.08,0.46770868471385024
0.6300000000000003,0.07,0.46769961699170337
0.6300000000000003,0.060000000000000005,0.46769054817969585
0.6300000000000003,0.05,0.467681478291822
0.6300000000000003,0.04,0.46767240734208587
0.6300000000000003,0.03,0.4676633353445003
0.6300000000000003,0.02,0.46765426231308754
0.6300000000000003,0.01,0.4676451882618786
0.6300000000000003,0,0.4676361132049135
0.6200000000000003,1.0000000000000007,0.46854274079444813
0.6200000000000003,0.9900000000000007,0.46853383187063424
0.6200000000000003,0.9800000000000006,0.4685249206232349
0.6200000000000003,0.9700000000000006,0.46851600706490915
0.6200000000000003,0.9600000000000006,0.46850709120833556
0.6200000000000003,0.9500000000000006,0.46849817306621117
0.6200000000000003,0.9400000000000006,0.4684892526512526
0.6200000000000003,0.9300000000000006,0.46848032997619504
0.6200000000000003,0.9200000000000006,0.4684714050537929
0.6200000000000003,0.9100000000000006,0.4684624778968189
0.6200000000000003,0.9000000000000006,0.46845354851806476
0.6200000000000003,0.8900000000000006,0.46844461693034056
0.6200000000000003,0.8800000000000006,0.4684356831464748
0.6200000000000003,0.8700000000000006,0.46842674717931454
0.6200000000000003,0.8600000000000005,0.4684178090417249
0.6200000000000003,0.8500000000000005,0.4684088687465894
0.6200000000000003,0.8400000000000005,0.46839992630680927
0.6200000000000003,0.8300000000000005,0.46839098173530425
0.6200000000000003,0.8200000000000005,0.46838203504501147
0.6200000000000003,0.8100000000000005,0.468373086248886
0.6200000000000003,0.8000000000000005,0.46836413535990074
0.6200000000000003,0.7900000000000005,0.468355182391046
0.6200000000000003,0.7800000000000005,0.46834622735532977
0.6200000000000003,0.7700000000000005,0.46833727026577726
0.6200000000000003,0.7600000000000005,0.46832831113543083
0.6200000000000003,0.7500000000000004,0.4683193499773506
0.6200000000000003,0.7400000000000004,0.46831038680461307
0.6200000000000003,0.7300000000000004,0.46830142163031224
0.6200000000000003,0.7200000000000004,0.4682924544675589
0.6200000000000003,0.7100000000000004,0.46828348532948033
0.6200000000000003,0.7000000000000004,0.46827451422922106
0.6200000000000003,0.6900000000000004,0.4682655411799416
0.6200000000000003,0.6800000000000004,0.4682565661948194
0.6200000000000003,0.6700000000000004,0.468247589287048
0.6200000000000003,0.6600000000000004,0.4682386104698375
0.6200000000000003,0.6500000000000004,0.4682296297564139
0.6200000000000003,0.6400000000000003,0.4682206471600193
0.6200000000000003,0.6300000000000003,0.46821166269391207
0.6200000000000003,0.6200000000000003,0.4682026763713661
0.6200000000000003,0.6100000000000003,0.4681936882056712
0.6200000000000003,0.6000000000000003,0.46818469821013275
0.6200000000000003,0.5900000000000003,0.468175706398072
0.6200000000000003,0.5800000000000003,0.46816671278282507
0.6200000000000003,0.5700000000000003,0.46815771737774386
0.6200000000000003,0.5600000000000003,0.46814872019619536
0.6200000000000003,0.5500000000000003,0.4681397212515618
0.6200000000000003,0.5400000000000003,0.4681307205572403
0.6200000000000003,0.5300000000000002,0.4681217181266427
0.6200000000000003,0.5200000000000002,0.46811271397319615
0.6200000000000003,0.5100000000000002,0.4681037081103422
0.6200000000000003,0.5000000000000002,0.4680947005515368
0.6200000000000003,0.49000000000000027,0.4680856913102507
0.6200000000000003,0.48000000000000026,0.46807668039996897
0.6200000000000003,0.47000000000000025,0.4680676678341906
0.6200000000000003,0.46000000000000024,0.4680586536264294
0.6200000000000003,0.45000000000000023,0.4680496377902125
0.6200000000000003,0.4400000000000002,0.46804062033908145
0.6200000000000003,0.4300000000000002,0.4680316012865913
0.6200000000000003,0.4200000000000002,0.4680225806463113
0.6200000000000003,0.4100000000000002,0.4680135584318237
0.6200000000000003,0.4000000000000002,0.46800453465672437
0.6200000000000003,0.3900000000000002,0.467995509334623
0.6200000000000003,0.38000000000000017,0.46798648247914204
0.6200000000000003,0.37000000000000016,0.4679774541039175
0.6200000000000003,0.36000000000000015,0.46796842422259805
0.6200000000000003,0.35000000000000014,0.46795939284884547
0.6200000000000003,0.34000000000000014,0.4679503599963344
0.6200000000000003,0.3300000000000001,0.46794132567875196
0.6200000000000003,0.3200000000000001,0.4679322899097983
0.6200000000000003,0.3100000000000001,0.4679232527031856
0.6200000000000003,0.3000000000000001,0.4679142140726385
0.6200000000000003,0.2900000000000001,0.46790517403189397
0.6200000000000003,0.2800000000000001,0.4678961325947012
0.6200000000000003,0.2700000000000001,0.4678870897748212
0.6200000000000003,0.26000000000000006,0.4678780455860269
0.6200000000000003,0.25000000000000006,0.46786900004210313
0.6200000000000003,0.24000000000000007,0.4678599531568465
0.6200000000000003,0.23000000000000007,0.4678509049440647
0.6200000000000003,0.22000000000000006,0.4678418554175773
0.6200000000000003,0.21000000000000005,0.467832804591215
0.6200000000000003,0.20000000000000004,0.46782375247881985
0.6200000000000003,0.19000000000000003,0.46781469909424483
0.6200000000000003,0.18000000000000002,0.46780564445135386
0.6200000000000003,0.17,0.467796588564022
0.6200000000000003,0.16,0.46778753144613455
0.6200000000000003,0.15,0.46777847311158793
0.6200000000000003,0.13999999999999999,0.4677694135742888
0.6200000000000003,0.12999999999999998,0.4677603528481542
0.6200000000000003,0.11999999999999998,0.46775129094711126
0.6200000000000003,0.10999999999999999,0.4677422278850979
0.6200000000000003,0.09999999999999999,0.46773316367606116
0.6200000000000003,0.09,0.4677240983339588
0.6200000000000003,0.08,0.46771503187275776
0.6200000000000003,0.07,0.4677059643064348
0.6200000000000003,0.060000000000000005,0.4676968956489766
0.6200000000000003,0.05,0.4676878259143787
0.6200000000000003,0.04,0.46767875511664636
0.6200000000000003,0.03,0.46766968326979363
0.6200000000000003,0.02,0.4676606103878441
0.6200000000000003,0.01,0.46765153648483
0.6200000000000003,0,0.4676424615747923
0.6100000000000003,1.0000000000000007,0.4685490676972139
0.6100000000000003,0.9900000000000007,0.46854015905715213
0.6100000000000003,0.9800000000000006,0.4685312480920526
0.6100000000000003,0.9700000000000006,0.46852233481457733
0.6100000000000003,0.9600000000000006,0.46851341923740697
0.6100000000000003,0.9500000000000006,0.4685045013732413
0.6100000000000003,0.9400000000000006,0.4684955812347994
0.6100000000000003,0.9300000000000006,0.468486658834819
0.6100000000000003,0.9200000000000006,0.4684777341860568
0.6100000000000003,0.9100000000000006,0.46846880730128826
0.6100000000000003,0.9000000000000006,0.4684598781933073
0.6100000000000003,0.8900000000000006,0.4684509468749266
0.6100000000000003,0.8800000000000006,0.4684420133589773
0.6100000000000003,0.8700000000000006,0.46843307765830833
0.6100000000000003,0.8600000000000005,0.46842413978578756
0.6100000000000003,0.8500000000000005,0.4684151997543009
0.6100000000000003,0.8400000000000005,0.4684062575767522
0.6100000000000003,0.8300000000000005,0.468397313266063
0.6100000000000003,0.8200000000000005,0.4683883668351732
0.6100000000000003,0.8100000000000005,0.46837941829704016
0.6100000000000003,0.8000000000000005,0.4683704676646392
0.6100000000000003,0.7900000000000005,0.4683615149509629
0.6100000000000003,0.7800000000000005,0.46835256016902144
0.6100000000000003,0.7700000000000005,0.46834360333184233
0.6100000000000003,0.7600000000000005,0.4683346444524705
0.6100000000000003,0.7500000000000004,0.46832568354396814
0.6100000000000003,0.7400000000000004,0.46831672061941415
0.6100000000000003,0.7300000000000004,0.46830775569190464
0.6100000000000003,0.7200000000000004,0.46829878877455255
0.6100000000000003,0.7100000000000004,0.46828981988048773
0.6100000000000003,0.7000000000000004,0.46828084902285666
0.6100000000000003,0.6900000000000004,0.46827187621482225
0.6100000000000003,0.6800000000000004,0.46826290146956384
0.6100000000000003,0.6700000000000004,0.46825392480027744
0.6100000000000003,0.6600000000000004,0.4682449462201752
0.6100000000000003,0.6500000000000004,0.4682359657424852
0.6100000000000003,0.6400000000000003,0.468226983380452
0.6100000000000003,0.6300000000000003,0.46821799914733575
0.6100000000000003,0.6200000000000003,0.4682090130564125
0.6100000000000003,0.6100000000000003,0.4682000251209745
0.6100000000000003,0.6000000000000003,0.4681910353543288
0.6100000000000003,0.5900000000000003,0.4681820437697987
0.6100000000000003,0.5800000000000003,0.4681730503807228
0.6100000000000003,0.5700000000000003,0.46816405520045473
0.6100000000000003,0.5600000000000003,0.4681550582423637
0.6100000000000003,0.5500000000000003,0.46814605951983373
0.6100000000000003,0.5400000000000003,0.468137059046264
0.6100000000000003,0.5300000000000002,0.46812805683506864
0.6100000000000003,0.5200000000000002,0.4681190528996765
0.6100000000000003,0.5100000000000002,0.4681100472535309
0.6100000000000003,0.5000000000000002,0.46810103991009017
0.6100000000000003,0.49000000000000027,0.46809203088282675
0.6100000000000003,0.48000000000000026,0.4680830201852276
0.6100000000000003,0.47000000000000025,0.46807400783079395
0.6100000000000003,0.46000000000000024,0.4680649938330409
0.6100000000000003,0.45000000000000023,0.468055978205498
0.6100000000000003,0.4400000000000002,0.46804696096170856
0.6100000000000003,0.4300000000000002,0.46803794211522937
0.6100000000000003,0.4200000000000002,0.4680289216796313
0.6100000000000003,0.4100000000000002,0.4680198996684987
0.6100000000000003,0.4000000000000002,0.4680108760954294
0.6100000000000003,0.3900000000000002,0.4680018509740345
0.6100000000000003,0.38000000000000017,0.4679928243179386
0.6100000000000003,0.37000000000000016,0.4679837961407789
0.6100000000000003,0.36000000000000015,0.46797476645620634
0.6100000000000003,0.35000000000000014,0.46796573527788415
0.6100000000000003,0.34000000000000014,0.4679567026194889
0.6100000000000003,0.3300000000000001,0.46794766849470937
0.6100000000000003,0.3200000000000001,0.4679386329172472
0.6100000000000003,0.3100000000000001,0.4679295959008161
0.6100000000000003,0.3000000000000001,0.46792055745914296
0.6100000000000003,0.2900000000000001,0.4679115176059659
0.6100000000000003,0.2800000000000001,0.46790247635503585
0.6100000000000003,0.2700000000000001,0.4678934337201154
0.6100000000000003,0.26000000000000006,0.46788438971497914
0.6100000000000003,0.25000000000000006,0.46787534435341344
0.6100000000000003,0.24000000000000007,0.4678662976492163
0.6100000000000003,0.23000000000000007,0.46785724961619723
0.6100000000000003,0.22000000000000006,0.46784820026817714
0.6100000000000003,0.21000000000000005,0.46783914961898837
0.6100000000000003,0.20000000000000004,0.4678300976824743
0.6100000000000003,0.19000000000000003,0.46782104447248946
0.6100000000000003,0.18000000000000002,0.46781199000289925
0.6100000000000003,0.17,0.46780293428757996
0.6100000000000003,0.16,0.4677938773404187
0.6100000000000003,0.15,0.4677848191753131
0.6100000000000003,0.13999999999999999,0.4677757598061711
0.6100000000000003,0.12999999999999998,0.4677666992469112
0.6100000000000003,0.11999999999999998,0.4677576375114621
0.6100000000000003,0.10999999999999999,0.4677485746137626
0.6100000000000003,0.09999999999999999,0.46773951056776164
0.6100000000000003,0.09,0.4677304453874177
0.6100000000000003,0.08,0.4677213790866994
0.6100000000000003,0.07,0.46771231167958477
0.6100000000000003,0.060000000000000005,0.46770324318006146
0.6100000000000003,0.05,0.4676941736021266
0.6100000000000003,0.04,0.46768510295978644
0.6100000000000003,0.03,0.46767603126705637
0.6100000000000003,0.02,0.46766695853796103
0.6100000000000003,0.01,0.4676578847865338
0.6100000000000003,0,0.4676488100268169
0.6000000000000003,1.0000000000000007,0.4685553943471389
0.6000000000000003,0.9900000000000007,0.4685464859940183
0.6000000000000003,0.9800000000000006,0.4685375753144108
0.6000000000000003,0.9700000000000006,0.46852866232098067
0.6000000000000003,0.9600000000000006,0.4685197470264111
0.6000000000000003,0.9500000000000006,0.4685108294434046
0.6000000000000003,0.9400000000000006,0.46850190958468235
0.6000000000000003,0.9300000000000006,0.4684929874629849
0.6000000000000003,0.9200000000000006,0.4684840630910713
0.6000000000000003,0.9100000000000006,0.46847513648171935
0.6000000000000003,0.9000000000000006,0.4684662076477256
0.6000000000000003,0.8900000000000006,0.4684572766019049
0.6000000000000003,0.8800000000000006,0.46844834335709096
0.6000000000000003,0.8700000000000006,0.46843940792613525
0.6000000000000003,0.8600000000000005,0.46843047032190804
0.6000000000000003,0.8500000000000005,0.4684215305572974
0.6000000000000003,0.8400000000000005,0.46841258864520957
0.6000000000000003,0.8300000000000005,0.4684036445985687
0.6000000000000003,0.8200000000000005,0.46839469843031684
0.6000000000000003,0.8100000000000005,0.4683857501534137
0.6000000000000003,0.8000000000000005,0.4683767997808369
0.6000000000000003,0.7900000000000005,0.4683678473255816
0.6000000000000003,0.7800000000000005,0.4683588928006598
0.6000000000000003,0.7700000000000005,0.4683499362191018
0.6000000000000003,0.7600000000000005,0.4683409775939547
0.6000000000000003,0.7500000000000004,0.46833201693828264
0.6000000000000003,0.7400000000000004,0.46832305426516696
0.6000000000000003,0.7300000000000004,0.46831408958770604
0.6000000000000003,0.7200000000000004,0.4683051229190152
0.6000000000000003,0.7100000000000004,0.46829615427222626
0.6000000000000003,0.7000000000000004,0.468287183660488
0.6000000000000003,0.6900000000000004,0.46827821109696544
0.6000000000000003,0.6800000000000004,0.46826923659484043
0.6000000000000003,0.6700000000000004,0.4682602601673107
0.6000000000000003,0.6600000000000004,0.4682512818275907
0.6000000000000003,0.6500000000000004,0.4682423015889109
0.6000000000000003,0.6400000000000003,0.4682333194645175
0.6000000000000003,0.6300000000000003,0.46822433546767317
0.6000000000000003,0.6200000000000003,0.46821534961165606
0.6000000000000003,0.6100000000000003,0.46820636190976006
0.6000000000000003,0.6000000000000003,0.46819737237529496
0.6000000000000003,0.5900000000000003,0.4681883810215856
0.6000000000000003,0.5800000000000003,0.4681793878619728
0.6000000000000003,0.5700000000000003,0.4681703929098123
0.6000000000000003,0.5600000000000003,0.4681613961784751
0.6000000000000003,0.5500000000000003,0.46815239768134737
0.6000000000000003,0.5400000000000003,0.46814339743183037
0.6000000000000003,0.5300000000000002,0.46813439544334
0.6000000000000003,0.5200000000000002,0.4681253917293072
0.6000000000000003,0.5100000000000002,0.4681163863031775
0.6000000000000003,0.5000000000000002,0.46810737917841067
0.6000000000000003,0.49000000000000027,0.46809837036848123
0.6000000000000003,0.48000000000000026,0.46808935988687816
0.6000000000000003,0.47000000000000025,0.46808034774710444
0.6000000000000003,0.46000000000000024,0.4680713339626772
0.6000000000000003,0.45000000000000023,0.46806231854712776
0.6000000000000003,0.4400000000000002,0.46805330151400126
0.6000000000000003,0.4300000000000002,0.46804428287685645
0.6000000000000003,0.4200000000000002,0.46803526264926576
0.6000000000000003,0.4100000000000002,0.4680262408448155
0.6000000000000003,0.4000000000000002,0.46801721747710534
0.6000000000000003,0.3900000000000002,0.46800819255974824
0.6000000000000003,0.38000000000000017,0.4679991661063701
0.6000000000000003,0.37000000000000016,0.46799013813061047
0.6000000000000003,0.36000000000000015,0.4679811086461216
0.6000000000000003,0.35000000000000014,0.4679720776665686
0.6000000000000003,0.34000000000000014,0.4679630452056296
0.6000000000000003,0.3300000000000001,0.4679540112769951
0.6000000000000003,0.3200000000000001,0.4679449758943684
0.6000000000000003,0.3100000000000001,0.4679359390714652
0.6000000000000003,0.3000000000000001,0.46792690082201355
0.6000000000000003,0.2900000000000001,0.46791786115975337
0.6000000000000003,0.2800000000000001,0.46790882009843715
0.6000000000000003,0.2700000000000001,0.4678997776518291
0.6000000000000003,0.26000000000000006,0.4678907338337054
0.6000000000000003,0.25000000000000006,0.467881688657854
0.6000000000000003,0.24000000000000007,0.4678726421380743
0.6000000000000003,0.23000000000000007,0.46786359428817736
0.6000000000000003,0.22000000000000006,0.46785454512198593
0.6000000000000003,0.21000000000000005,0.4678454946533334
0.6000000000000003,0.20000000000000004,0.4678364428960648
0.6000000000000003,0.19000000000000003,0.46782738986403605
0.6000000000000003,0.18000000000000002,0.4678183355711142
0.6000000000000003,0.17,0.46780928003117683
0.6000000000000003,0.16,0.46780022325811227
0.6000000000000003,0.15,0.46779116526581976
0.6000000000000003,0.13999999999999999,0.4677821060682087
0.6000000000000003,0.12999999999999998,0.46777304567919864
0.6000000000000003,0.11999999999999998,0.4677639841127199
0.6000000000000003,0.10999999999999999,0.4677549213827125
0.6000000000000003,0.09999999999999999,0.4677458575031266
0.6000000000000003,0.09,0.46773679248792216
0.6000000000000003,0.08,0.467727726351069
0.6000000000000003,0.07,0.4677186591065464
0.6000000000000003,0.060000000000000005,0.4677095907683432
0.6000000000000003,0.05,0.46770052135045764
0.6000000000000003,0.04,0.46769145086689745
0.6000000000000003,0.03,0.46768237933167905
0.6000000000000003,0.02,0.4676733067588283
0.6000000000000003,0.01,0.4676642331623797
0.6000000000000003,0,0.46765515855637674
0.5900000000000003,1.0000000000000007,0.4685617207396947
0.5900000000000003,0.9900000000000007,0.4685528126767035
0.5900000000000003,0.9800000000000006,0.46854390228577897
0.5900000000000003,0.9700000000000006,0.46853498957958767
0.5900000000000003,0.9600000000000006,0.46852607457081535
0.5900000000000003,0.9500000000000006,0.46851715727216714
0.5900000000000003,0.9400000000000006,0.4685082376963666
0.5900000000000003,0.9300000000000006,0.46849931585615684
0.5900000000000003,0.9200000000000006,0.46849039176429924
0.5900000000000003,0.9100000000000006,0.46848146543357405
0.5900000000000003,0.9000000000000006,0.4684725368767803
0.5900000000000003,0.8900000000000006,0.4684636061067354
0.5900000000000003,0.8800000000000006,0.4684546731362749
0.5900000000000003,0.8700000000000006,0.4684457379782534
0.5900000000000003,0.8600000000000005,0.46843680064554316
0.5900000000000003,0.8500000000000005,0.46842786115103463
0.5900000000000003,0.8400000000000005,0.4684189195076365
0.5900000000000003,0.8300000000000005,0.46840997572827514
0.5900000000000003,0.8200000000000005,0.4684010298258951
0.5900000000000003,0.8100000000000005,0.4683920818134584
0.5900000000000003,0.8000000000000005,0.4683831317039448
0.5900000000000003,0.7900000000000005,0.46837417951035176
0.5900000000000003,0.7800000000000005,0.46836522524569396
0.5900000000000003,0.7700000000000005,0.4683562689230035
0.5900000000000003,0.7600000000000005,0.46834731055533
0.5900000000000003,0.7500000000000004,0.4683383501557397
0.5900000000000003,0.7400000000000004,0.46832938773731647
0.5900000000000003,0.7300000000000004,0.4683204233131607
0.5900000000000003,0.7200000000000004,0.46831145689638987
0.5900000000000003,0.7100000000000004,0.4683024885001381
0.5900000000000003,0.7000000000000004,0.46829351813755626
0.5900000000000003,0.6900000000000004,0.46828454582181167
0.5900000000000003,0.6800000000000004,0.4682755715660882
0.5900000000000003,0.6700000000000004,0.46826659538358606
0.5900000000000003,0.6600000000000004,0.46825761728752147
0.5900000000000003,0.6500000000000004,0.4682486372911271
0.5900000000000003,0.6400000000000003,0.46823965540765144
0.5900000000000003,0.6300000000000003,0.46823067165035903
0.5900000000000003,0.6200000000000003,0.46822168603253017
0.5900000000000003,0.6100000000000003,0.468212698567461
0.5900000000000003,0.6000000000000003,0.46820370926846316
0.5900000000000003,0.5900000000000003,0.4681947181488637
0.5900000000000003,0.5800000000000003,0.46818572522200513
0.5900000000000003,0.5700000000000003,0.46817673050124553
0.5900000000000003,0.5600000000000003,0.468167733999958
0.5900000000000003,0.5500000000000003,0.4681587357315304
0.5900000000000003,0.5400000000000003,0.46814973570936597
0.5900000000000003,0.5300000000000002,0.468140733946883
0.5900000000000003,0.5200000000000002,0.4681317304575137
0.5900000000000003,0.5100000000000002,0.46812272525470594
0.5900000000000003,0.5000000000000002,0.4681137183519214
0.5900000000000003,0.49000000000000027,0.4681047097626365
0.5900000000000003,0.48000000000000026,0.46809569950034213
0.5900000000000003,0.47000000000000025,0.4680866875785429
0.5900000000000003,0.46000000000000024,0.4680776740107583
0.5900000000000003,0.45000000000000023,0.4680686588105209
0.5900000000000003,0.4400000000000002,0.4680596419913779
0.5900000000000003,0.4300000000000002,0.46805062356689003
0.5900000000000003,0.4200000000000002,0.46804160355063135
0.5900000000000003,0.4100000000000002,0.4680325819561902
0.5900000000000003,0.4000000000000002,0.4680235587971676
0.5900000000000003,0.3900000000000002,0.4680145340871784
0.5900000000000003,0.38000000000000017,0.46800550783985057
0.5900000000000003,0.37000000000000016,0.46799648006882505
0.5900000000000003,0.36000000000000015,0.46798745078775583
0.5900000000000003,0.35000000000000014,0.4679784200103099
0.5900000000000003,0.34000000000000014,0.4679693877501669
0.5900000000000003,0.3300000000000001,0.467960354021019
0.5900000000000003,0.3200000000000001,0.4679513188365713
0.5900000000000003,0.3100000000000001,0.4679422822105409
0.5900000000000003,0.3000000000000001,0.46793324415665755
0.5900000000000003,0.2900000000000001,0.46792420468866297
0.5900000000000003,0.2800000000000001,0.467915163820311
0.5900000000000003,0.2700000000000001,0.4679061215653676
0.5900000000000003,0.26000000000000006,0.46789707793761026
0.5900000000000003,0.25000000000000006,0.46788803295082865
0.5900000000000003,0.24000000000000007,0.46787898661882366
0.5900000000000003,0.23000000000000007,0.4678699389554079
0.5900000000000003,0.22000000000000006,0.46786088997440545
0.5900000000000003,0.21000000000000005,0.4678518396896512
0.5900000000000003,0.20000000000000004,0.46784278811499186
0.5900000000000003,0.19000000000000003,0.46783373526428457
0.5900000000000003,0.18000000000000002,0.4678246811513978
0.5900000000000003,0.17,0.4678156257902108
0.5900000000000003,0.16,0.4678065691946131
0.5900000000000003,0.15,0.46779751137850517
0.5900000000000003,0.13999999999999999,0.46778845235579797
0.5900000000000003,0.12999999999999998,0.4677793921404123
0.5900000000000003,0.11999999999999998,0.46777033074628005
0.5900000000000003,0.10999999999999999,0.4677612681873421
0.5900000000000003,0.09999999999999999,0.4677522044775503
0.5900000000000003,0.09,0.46774313963086567
0.5900000000000003,0.08,0.46773407366125924
0.5900000000000003,0.07,0.46772500658271166
0.5900000000000003,0.060000000000000005,0.467715938409213
0.5900000000000003,0.05,0.4677068691547628
0.5900000000000003,0.04,0.4676977988333697
0.5900000000000003,0.03,0.4676887274590516
0.5900000000000003,0.02,0.46767965504583514
0.5900000000000003,0.01,0.4676705816077564
0.5900000000000003,0,0.4676615071588596
0.5800000000000003,1.0000000000000007,0.46856804687035275
0.5800000000000003,0.9900000000000007,0.468559139100678
0.5800000000000003,0.9800000000000006,0.46855022900162613
0.5800000000000003,0.9700000000000006,0.46854131658586623
0.5800000000000003,0.9600000000000006,0.4685324018660868
0.5800000000000003,0.9500000000000006,0.46852348485499484
0.5800000000000003,0.9400000000000006,0.4685145655653171
0.5800000000000003,0.9300000000000006,0.4685056440097986
0.5800000000000003,0.9200000000000006,0.46849672020120325
0.5800000000000003,0.9100000000000006,0.46848779415231406
0.5800000000000003,0.9000000000000006,0.468478865875932
0.5800000000000003,0.8900000000000006,0.46846993538487713
0.5800000000000003,0.8800000000000006,0.4684610026919876
0.5800000000000003,0.8700000000000006,0.46845206781012005
0.5800000000000003,0.8600000000000005,0.4684431307521491
0.5800000000000003,0.8500000000000005,0.4684341915309678
0.5800000000000003,0.8400000000000005,0.46842525015948694
0.5800000000000003,0.8300000000000005,0.46841630665063555
0.5800000000000003,0.8200000000000005,0.4684073610173602
0.5800000000000003,0.8100000000000005,0.4683984132726252
0.5800000000000003,0.8000000000000005,0.46838946342941296
0.5800000000000003,0.7900000000000005,0.4683805115007228
0.5800000000000003,0.7800000000000005,0.46837155749957193
0.5800000000000003,0.7700000000000005,0.4683626014389947
0.5800000000000003,0.7600000000000005,0.46835364333204277
0.5800000000000003,0.7500000000000004,0.46834468319178496
0.5800000000000003,0.7400000000000004,0.46833572103130705
0.5800000000000003,0.7300000000000004,0.4683267568637117
0.5800000000000003,0.7200000000000004,0.4683177907021188
0.5800000000000003,0.7100000000000004,0.46830882255966444
0.5800000000000003,0.7000000000000004,0.4682998524495018
0.5800000000000003,0.6900000000000004,0.46829088038480027
0.5800000000000003,0.6800000000000004,0.468281906378746
0.5800000000000003,0.6700000000000004,0.46827293044454105
0.5800000000000003,0.6600000000000004,0.468263952595404
0.5800000000000003,0.6500000000000004,0.46825497284456963
0.5800000000000003,0.6400000000000003,0.4682459912052885
0.5800000000000003,0.6300000000000003,0.46823700769082716
0.5800000000000003,0.6200000000000003,0.46822802231446803
0.5800000000000003,0.6100000000000003,0.46821903508950935
0.5800000000000003,0.6000000000000003,0.4682100460292645
0.5800000000000003,0.5900000000000003,0.46820105514706295
0.5800000000000003,0.5800000000000003,0.4681920624562493
0.5800000000000003,0.5700000000000003,0.4681830679701833
0.5800000000000003,0.5600000000000003,0.46817407170224
0.5800000000000003,0.5500000000000003,0.4681650736658094
0.5800000000000003,0.5400000000000003,0.46815607387429686
0.5800000000000003,0.5300000000000002,0.46814707234112224
0.5800000000000003,0.5200000000000002,0.46813806907972
0.5800000000000003,0.5100000000000002,0.4681290641035396
0.5800000000000003,0.5000000000000002,0.46812005742604496
0.5800000000000003,0.49000000000000027,0.4681110490607144
0.5800000000000003,0.48000000000000026,0.46810203902104025
0.5800000000000003,0.47000000000000025,0.4680930273205295
0.5800000000000003,0.46000000000000024,0.46808401397270305
0.5800000000000003,0.45000000000000023,0.46807499899109567
0.5800000000000003,0.4400000000000002,0.46806598238925606
0.5800000000000003,0.4300000000000002,0.4680569641807468
0.5800000000000003,0.4200000000000002,0.4680479443791442
0.5800000000000003,0.4100000000000002,0.46803892299803757
0.5800000000000003,0.4000000000000002,0.4680299000510304
0.5800000000000003,0.3900000000000002,0.4680208755517388
0.5800000000000003,0.38000000000000017,0.46801184951379277
0.5800000000000003,0.37000000000000016,0.46800282195083476
0.5800000000000003,0.36000000000000015,0.4679937928765205
0.5800000000000003,0.35000000000000014,0.4679847623045186
0.5800000000000003,0.34000000000000014,0.4679757302485106
0.5800000000000003,0.3300000000000001,0.46796669672219027
0.5800000000000003,0.3200000000000001,0.467957661739264
0.5800000000000003,0.3100000000000001,0.467948625313451
0.5800000000000003,0.3000000000000001,0.46793958745848213
0.5800000000000003,0.2900000000000001,0.4679305481881009
0.5800000000000003,0.2800000000000001,0.467921507516063
0.5800000000000003,0.2700000000000001,0.46791246545613546
0.5800000000000003,0.26000000000000006,0.46790342202209767
0.5800000000000003,0.25000000000000006,0.4678943772277407
0.5800000000000003,0.24000000000000007,0.4678853310868668
0.5800000000000003,0.23000000000000007,0.4678762836132904
0.5800000000000003,0.22000000000000006,0.4678672348208366
0.5800000000000003,0.21000000000000005,0.46785818472334223
0.5800000000000003,0.20000000000000004,0.4678491333346551
0.5800000000000003,0.19000000000000003,0.467840080668634
0.5800000000000003,0.18000000000000002,0.4678310267391487
0.5800000000000003,0.17,0.4678219715600797
0.5800000000000003,0.16,0.4678129151453181
0.5800000000000003,0.15,0.46780385750876563
0.5800000000000003,0.13999999999999999,0.46779479866433465
0.5800000000000003,0.12999999999999998,0.4677857386259474
0.5800000000000003,0.11999999999999998,0.46777667740753665
0.5800000000000003,0.10999999999999999,0.46776761502304515
0.5800000000000003,0.09999999999999999,0.46775855148642553
0.5800000000000003,0.09,0.46774948681164036
0.5800000000000003,0.08,0.46774042101266194
0.5800000000000003,0.07,0.46773135410347183
0.5800000000000003,0.060000000000000005,0.46772228609806166
0.5800000000000003,0.05,0.467713217010432
0.5800000000000003,0.04,0.4677041468545926
0.5800000000000003,0.03,0.46769507564456253
0.5800000000000003,0.02,0.46768600339436983
0.5800000000000003,0.01,0.46767693011805134
0.5800000000000003,0,0.46766785582965253
0.5700000000000003,1.0000000000000007,0.4685743727345839
0.5700000000000003,0.9900000000000007,0.46856546526141135
0.5700000000000003,0.9800000000000006,0.4685565554574208
0.5700000000000003,0.9700000000000006,0.4685476433352839
0.5700000000000003,0.9600000000000006,0.46853872890769144
0.5700000000000003,0.9500000000000006,0.4685298121873532
0.5700000000000003,0.9400000000000006,0.4685208931869978
0.5700000000000003,0.9300000000000006,0.46851197191937316
0.5700000000000003,0.9200000000000006,0.4685030483972456
0.5700000000000003,0.9100000000000006,0.46849412263340023
0.5700000000000003,0.9000000000000006,0.4684851946406408
0.5700000000000003,0.8900000000000006,0.4684762644317895
0.5700000000000003,0.8800000000000006,0.4684673320196869
0.5700000000000003,0.8700000000000006,0.4684583974171919
0.5700000000000003,0.8600000000000005,0.4684494606371818
0.5700000000000003,0.8500000000000005,0.4684405216925518
0.5700000000000003,0.8400000000000005,0.4684315805962149
0.5700000000000003,0.8300000000000005,0.46842263736110257
0.5700000000000003,0.8200000000000005,0.46841369200016364
0.5700000000000003,0.8100000000000005,0.46840474452636494
0.5700000000000003,0.8000000000000005,0.46839579495269085
0.5700000000000003,0.7900000000000005,0.4683868432921432
0.5700000000000003,0.7800000000000005,0.4683778895577413
0.5700000000000003,0.7700000000000005,0.4683689337625218
0.5700000000000003,0.7600000000000005,0.4683599759195386
0.5700000000000003,0.7500000000000004,0.46835101604186274
0.5700000000000003,0.7400000000000004,0.4683420541425821
0.5700000000000003,0.7300000000000004,0.4683330902348019
0.5700000000000003,0.7200000000000004,0.46832412433164383
0.5700000000000003,0.7100000000000004,0.4683151564462462
0.5700000000000003,0.7000000000000004,0.4683061865917645
0.5700000000000003,0.6900000000000004,0.4682972147813702
0.5700000000000003,0.6800000000000004,0.4682882410282515
0.5700000000000003,0.6700000000000004,0.46827926534561265
0.5700000000000003,0.6600000000000004,0.4682702877466746
0.5700000000000003,0.6500000000000004,0.4682613082446737
0.5700000000000003,0.6400000000000003,0.46825232685286294
0.5700000000000003,0.6300000000000003,0.4682433435845109
0.5700000000000003,0.6200000000000003,0.468234358452902
0.5700000000000003,0.6100000000000003,0.4682253714713364
0.5700000000000003,0.6000000000000003,0.4682163826531298
0.5700000000000003,0.5900000000000003,0.46820739201161354
0.5700000000000003,0.5800000000000003,0.4681983995601341
0.5700000000000003,0.5700000000000003,0.46818940531205316
0.5700000000000003,0.5600000000000003,0.4681804092807481
0.5700000000000003,0.5500000000000003,0.46817141147961067
0.5700000000000003,0.5400000000000003,0.46816241192204816
0.5700000000000003,0.5300000000000002,0.46815341062148225
0.5700000000000003,0.5200000000000002,0.46814440759134957
0.5700000000000003,0.5100000000000002,0.4681354028451014
0.5700000000000003,0.5000000000000002,0.46812639639620335
0.5700000000000003,0.49000000000000027,0.4681173882581358
0.5700000000000003,0.48000000000000026,0.46810837844439285
0.5700000000000003,0.47000000000000025,0.4680993669684834
0.5700000000000003,0.46000000000000024,0.46809035384393016
0.5700000000000003,0.45000000000000023,0.4680813390842698
0.5700000000000003,0.4400000000000002,0.4680723227030526
0.5700000000000003,0.4300000000000002,0.46806330471384316
0.5700000000000003,0.4200000000000002,0.4680542851302192
0.5700000000000003,0.4100000000000002,0.46804526396577223
0.5700000000000003,0.4000000000000002,0.4680362412341072
0.5700000000000003,0.3900000000000002,0.4680272169488421
0.5700000000000003,0.38000000000000017,0.4680181911236086
0.5700000000000003,0.37000000000000016,0.46800916377205054
0.5700000000000003,0.36000000000000015,0.4680001349078259
0.5700000000000003,0.35000000000000014,0.4679911045446046
0.5700000000000003,0.34000000000000014,0.4679820726960696
0.5700000000000003,0.3300000000000001,0.4679730393759168
0.5700000000000003,0.3200000000000001,0.4679640045978539
0.5700000000000003,0.3100000000000001,0.46795496837560174
0.5700000000000003,0.3000000000000001,0.4679459307228929
0.5700000000000003,0.2900000000000001,0.4679368916534725
0.5700000000000003,0.2800000000000001,0.46792785118109725
0.5700000000000003,0.2700000000000001,0.46791880931953644
0.5700000000000003,0.26000000000000006,0.46790976608257057
0.5700000000000003,0.25000000000000006,0.46790072148399225
0.5700000000000003,0.24000000000000007,0.46789167553760536
0.5700000000000003,0.23000000000000007,0.4678826282572256
0.5700000000000003,0.22000000000000006,0.4678735796566797
0.5700000000000003,0.21000000000000005,0.46786452974980597
0.5700000000000003,0.20000000000000004,0.46785547855045334
0.5700000000000003,0.19000000000000003,0.4678464260724824
0.5700000000000003,0.18000000000000002,0.4678373723297639
0.5700000000000003,0.17,0.4678283173361801
0.5700000000000003,0.16,0.4678192611056232
0.5700000000000003,0.15,0.46781020365199644
0.5700000000000003,0.13999999999999999,0.4678011449892134
0.5700000000000003,0.12999999999999998,0.4677920851311977
0.5700000000000003,0.11999999999999998,0.4677830240918833
0.5700000000000003,0.10999999999999999,0.4677739618852144
0.5700000000000003,0.09999999999999999,0.46776489852514463
0.5700000000000003,0.09,0.46775583402563803
0.5700000000000003,0.08,0.46774676840066787
0.5700000000000003,0.07,0.4677377016642173
0.5700000000000003,0.060000000000000005,0.46772863383027885
0.5700000000000003,0.05,0.4677195649128541
0.5700000000000003,0.04,0.4677104949259545
0.5700000000000003,0.03,0.46770142388359986
0.5700000000000003,0.02,0.46769235179981944
0.5700000000000003,0.01,0.467683278688651
0.5700000000000003,0,0.46767420456414155
0.5600000000000003,1.0000000000000007,0.4685806983278583
0.5600000000000003,0.9900000000000007,0.46857179115437275
0.5600000000000003,0.9800000000000006,0.46856288164863114
0.5600000000000003,0.9700000000000006,0.46855396982330766
0.5600000000000003,0.9600000000000006,0.4685450556910954
0.5600000000000003,0.9500000000000006,0.46853613926470666
0.5600000000000003,0.9400000000000006,0.46852722055687257
0.5600000000000003,0.9300000000000006,0.4685182995803433
0.5600000000000003,0.9200000000000006,0.4685093763478877
0.5600000000000003,0.9100000000000006,0.46850045087229314
0.5600000000000003,0.9000000000000006,0.468491523166366
0.5600000000000003,0.8900000000000006,0.4684825932429305
0.5600000000000003,0.8800000000000006,0.46847366111482985
0.5600000000000003,0.8700000000000006,0.4684647267949254
0.5600000000000003,0.8600000000000005,0.4684557902960964
0.5600000000000003,0.8500000000000005,0.4684468516312405
0.5600000000000003,0.8400000000000005,0.46843791081327335
0.5600000000000003,0.8300000000000005,0.46842896785512833
0.5600000000000003,0.8200000000000005,0.46842002276975686
0.5600000000000003,0.8100000000000005,0.4684110755701277
0.5600000000000003,0.8000000000000005,0.46840212626922784
0.5600000000000003,0.7900000000000005,0.4683931748800611
0.5600000000000003,0.7800000000000005,0.4683842214156493
0.5600000000000003,0.7700000000000005,0.468375265889031
0.5600000000000003,0.7600000000000005,0.46836630831326265
0.5600000000000003,0.7500000000000004,0.4683573487014173
0.5600000000000003,0.7400000000000004,0.46834838706658505
0.5600000000000003,0.7300000000000004,0.46833942342187335
0.5600000000000003,0.7200000000000004,0.46833045778040594
0.5600000000000003,0.7100000000000004,0.4683214901553236
0.5600000000000003,0.7000000000000004,0.46831252055978356
0.5600000000000003,0.6900000000000004,0.4683035490069597
0.5600000000000003,0.6800000000000004,0.46829457551004217
0.5600000000000003,0.6700000000000004,0.4682856000822375
0.5600000000000003,0.6600000000000004,0.46827662273676846
0.5600000000000003,0.6500000000000004,0.4682676434868739
0.5600000000000003,0.6400000000000003,0.46825866234580843
0.5600000000000003,0.6300000000000003,0.4682496793268429
0.5600000000000003,0.6200000000000003,0.46824069444326377
0.5600000000000003,0.6100000000000003,0.4682317077083732
0.5600000000000003,0.6000000000000003,0.46822271913548896
0.5600000000000003,0.5900000000000003,0.46821372873794415
0.5600000000000003,0.5800000000000003,0.46820473652908745
0.5600000000000003,0.5700000000000003,0.4681957425222827
0.5600000000000003,0.5600000000000003,0.46818674673090876
0.5600000000000003,0.5500000000000003,0.4681777491683597
0.5600000000000003,0.5400000000000003,0.46816874984804446
0.5600000000000003,0.5300000000000002,0.4681597487833869
0.5600000000000003,0.5200000000000002,0.46815074598782536
0.5600000000000003,0.5100000000000002,0.4681417414748131
0.5600000000000003,0.5000000000000002,0.4681327352578176
0.5600000000000003,0.49000000000000027,0.46812372735032093
0.5600000000000003,0.48000000000000026,0.46811471776581937
0.5600000000000003,0.47000000000000025,0.4681057065178234
0.5600000000000003,0.46000000000000024,0.46809669361985745
0.5600000000000003,0.45000000000000023,0.46808767908546006
0.5600000000000003,0.4400000000000002,0.4680786629281837
0.5600000000000003,0.4300000000000002,0.46806964516159405
0.5600000000000003,0.4200000000000002,0.46806062579927116
0.5600000000000003,0.4100000000000002,0.4680516048548079
0.5600000000000003,0.4000000000000002,0.4680425823418112
0.5600000000000003,0.3900000000000002,0.4680335582739006
0.5600000000000003,0.38000000000000017,0.4680245326647093
0.5600000000000003,0.37000000000000016,0.4680155055278833
0.5600000000000003,0.36000000000000015,0.4680064768770818
0.5600000000000003,0.35000000000000014,0.46799744672597654
0.5600000000000003,0.34000000000000014,0.4679884150882523
0.5600000000000003,0.3300000000000001,0.4679793819776061
0.5600000000000003,0.3200000000000001,0.4679703474077477
0.5600000000000003,0.3100000000000001,0.46796131139239927
0.5600000000000003,0.3000000000000001,0.4679522739452951
0.5600000000000003,0.2900000000000001,0.4679432350801817
0.5600000000000003,0.2800000000000001,0.46793419481081777
0.5600000000000003,0.2700000000000001,0.4679251531509734
0.5600000000000003,0.26000000000000006,0.46791611011443107
0.5600000000000003,0.25000000000000006,0.4679070657149848
0.5600000000000003,0.24000000000000007,0.46789801996644
0.5600000000000003,0.23000000000000007,0.46788897288261366
0.5600000000000003,0.22000000000000006,0.4678799244773341
0.5600000000000003,0.21000000000000005,0.4678708747644408
0.5600000000000003,0.20000000000000004,0.4678618237577845
0.5600000000000003,0.19000000000000003,0.4678527714712269
0.5600000000000003,0.18000000000000002,0.46784371791864027
0.5600000000000003,0.17,0.4678346631139078
0.5600000000000003,0.16,0.46782560707092385
0.5600000000000003,0.15,0.4678165498035923
0.5600000000000003,0.13999999999999999,0.4678074913258282
0.5600000000000003,0.12999999999999998,0.4677984316515565
0.5600000000000003,0.11999999999999998,0.46778937079471256
0.5600000000000003,0.10999999999999999,0.46778030876924154
0.5600000000000003,0.09999999999999999,0.46777124558909877
0.5600000000000003,0.09,0.4677621812682491
0.5600000000000003,0.08,0.4677531158206671
0.5600000000000003,0.07,0.46774404926033725
0.5600000000000003,0.060000000000000005,0.467734981601253
0.5600000000000003,0.05,0.4677259128574176
0.5600000000000003,0.04,0.46771684304284294
0.5600000000000003,0.03,0.4677077721715504
0.5600000000000003,0.02,0.4676987002575702
0.5600000000000003,0.01,0.46768962731494146
0.5600000000000003,0,0.46768055335771175
0.5500000000000003,1.0000000000000007,0.468587023645646
0.5500000000000003,0.9900000000000007,0.468578116775031
0.5500000000000003,0.9800000000000006,0.4685692075707249
0.5500000000000003,0.9700000000000006,0.46856029604540406
0.5500000000000003,0.9600000000000006,0.4685513822117641
0.5500000000000003,0.9500000000000006,0.46854246608251976
0.5500000000000003,0.9400000000000006,0.4685335476704045
0.5500000000000003,0.9300000000000006,0.4685246269881711
0.5500000000000003,0.9200000000000006,0.46851570404859055
0.5500000000000003,0.9100000000000006,0.4685067788644529
0.5500000000000003,0.9000000000000006,0.46849785144856637
0.5500000000000003,0.8900000000000006,0.46848892181375823
0.5500000000000003,0.8800000000000006,0.46847998997287366
0.5500000000000003,0.8700000000000006,0.4684710559387761
0.5500000000000003,0.8600000000000005,0.46846211972434754
0.5500000000000003,0.8500000000000005,0.4684531813424879
0.5500000000000003,0.8400000000000005,0.468444240806115
0.5500000000000003,0.8300000000000005,0.4684352981281645
0.5500000000000003,0.8200000000000005,0.4684263533215901
0.5500000000000003,0.8100000000000005,0.46841740639936297
0.5500000000000003,0.8000000000000005,0.4684084573744722
0.5500000000000003,0.7900000000000005,0.46839950625992394
0.5500000000000003,0.7800000000000005,0.4683905530687421
0.5500000000000003,0.7700000000000005,0.4683815978139679
0.5500000000000003,0.7600000000000005,0.4683726405086594
0.5500000000000003,0.7500000000000004,0.46836368116589205
0.5500000000000003,0.7400000000000004,0.46835471979875837
0.5500000000000003,0.7300000000000004,0.46834575642036763
0.5500000000000003,0.7200000000000004,0.46833679104384596
0.5500000000000003,0.7100000000000004,0.46832782368233616
0.5500000000000003,0.7000000000000004,0.4683188543489977
0.5500000000000003,0.6900000000000004,0.46830988305700644
0.5500000000000003,0.6800000000000004,0.4683009098195547
0.5500000000000003,0.6700000000000004,0.46829193464985125
0.5500000000000003,0.6600000000000004,0.4682829575611207
0.5500000000000003,0.6500000000000004,0.46827397856660385
0.5500000000000003,0.6400000000000003,0.4682649976795578
0.5500000000000003,0.6300000000000003,0.46825601491325514
0.5500000000000003,0.6200000000000003,0.46824703028098447
0.5500000000000003,0.6100000000000003,0.46823804379604983
0.5500000000000003,0.6000000000000003,0.46822905547177107
0.5500000000000003,0.5900000000000003,0.4682200653214833
0.5500000000000003,0.5800000000000003,0.468211073358537
0.5500000000000003,0.5700000000000003,0.46820207959629817
0.5500000000000003,0.5600000000000003,0.46819308404814763
0.5500000000000003,0.5500000000000003,0.46818408672748113
0.5500000000000003,0.5400000000000003,0.46817508764770976
0.5500000000000003,0.5300000000000002,0.4681660868222591
0.5500000000000003,0.5200000000000002,0.46815708426456953
0.5500000000000003,0.5100000000000002,0.46814807998809604
0.5500000000000003,0.5000000000000002,0.46813907400630805
0.5500000000000003,0.49000000000000027,0.46813006633268944
0.5500000000000003,0.48000000000000026,0.4681210569807384
0.5500000000000003,0.47000000000000025,0.4681120459639671
0.5500000000000003,0.46000000000000024,0.46810303329590186
0.5500000000000003,0.45000000000000023,0.46809401899008296
0.5500000000000003,0.4400000000000002,0.46808500306006445
0.5500000000000003,0.4300000000000002,0.4680759855194142
0.5500000000000003,0.4200000000000002,0.4680669663817136
0.5500000000000003,0.4100000000000002,0.4680579456605575
0.5500000000000003,0.4000000000000002,0.46804892336955417
0.5500000000000003,0.3900000000000002,0.4680398995223252
0.5500000000000003,0.38000000000000017,0.46803087413250544
0.5500000000000003,0.37000000000000016,0.46802184721374246
0.5500000000000003,0.36000000000000015,0.4680128187796971
0.5500000000000003,0.35000000000000014,0.46800378884404276
0.5500000000000003,0.34000000000000014,0.4679947574204657
0.5500000000000003,0.3300000000000001,0.46798572452266474
0.5500000000000003,0.3200000000000001,0.4679766901643512
0.5500000000000003,0.3100000000000001,0.4679676543592487
0.5500000000000003,0.3000000000000001,0.4679586171210931
0.5500000000000003,0.2900000000000001,0.4679495784636325
0.5500000000000003,0.2800000000000001,0.46794053840062705
0.5500000000000003,0.2700000000000001,0.46793149694584846
0.5500000000000003,0.26000000000000006,0.4679224541130807
0.5500000000000003,0.25000000000000006,0.46791340991611907
0.5500000000000003,0.24000000000000007,0.46790436436877064
0.5500000000000003,0.23000000000000007,0.4678953174848537
0.5500000000000003,0.22000000000000006,0.46788626927819815
0.5500000000000003,0.21000000000000005,0.4678772197626448
0.5500000000000003,0.20000000000000004,0.4678681689520457
0.5500000000000003,0.19000000000000003,0.4678591168602639
0.5500000000000003,0.18000000000000002,0.4678500635011731
0.5500000000000003,0.17,0.4678410088886581
0.5500000000000003,0.16,0.46783195303661396
0.5500000000000003,0.15,0.4678228959589465
0.5500000000000003,0.13999999999999999,0.46781383766957185
0.5500000000000003,0.12999999999999998,0.46780477818241606
0.5500000000000003,0.11999999999999998,0.46779571751141585
0.5500000000000003,0.10999999999999999,0.46778665567051775
0.5500000000000003,0.09999999999999999,0.46777759267367813
0.5500000000000003,0.09,0.46776852853486317
0.5500000000000003,0.08,0.4677594632680487
0.5500000000000003,0.07,0.46775039688722003
0.5500000000000003,0.060000000000000005,0.46774132940637214
0.5500000000000003,0.05,0.4677322608395092
0.5500000000000003,0.04,0.4677231912006444
0.5500000000000003,0.03,0.46771412050380007
0.5500000000000003,0.02,0.4677050487630075
0.5500000000000003,0.01,0.46769597599230706
0.5500000000000003,0,0.4676869022057472
0.5400000000000003,1.0000000000000007,0.46859334868341623
0.5400000000000003,0.9900000000000007,0.4685844421188545
0.5400000000000003,0.9800000000000006,0.46857553321916917
0.5400000000000003,0.9700000000000006,0.4685666219970392
0.5400000000000003,0.9600000000000006,0.4685577084651626
0.5400000000000003,0.9500000000000006,0.4685487926362564
0.5400000000000003,0.9400000000000006,0.46853987452305673
0.5400000000000003,0.9300000000000006,0.4685309541383184
0.5400000000000003,0.9200000000000006,0.468522031494815
0.5400000000000003,0.9100000000000006,0.4685131066053388
0.5400000000000003,0.9000000000000006,0.4685041794827008
0.5400000000000003,0.8900000000000006,0.4684952501397299
0.5400000000000003,0.8800000000000006,0.4684863185892742
0.5400000000000003,0.8700000000000006,0.4684773848441994
0.5400000000000003,0.8600000000000005,0.46846844891738965
0.5400000000000003,0.8500000000000005,0.46845951082174697
0.5400000000000003,0.8400000000000005,0.46845057057019174
0.5400000000000003,0.8300000000000005,0.468441628175662
0.5400000000000003,0.8200000000000005,0.4684326836511136
0.5400000000000003,0.8100000000000005,0.46842373700951984
0.5400000000000003,0.8000000000000005,0.46841478826387206
0.5400000000000003,0.7900000000000005,0.46840583742717884
0.5400000000000003,0.7800000000000005,0.4683968845124661
0.5400000000000003,0.7700000000000005,0.46838792953277725
0.5400000000000003,0.7600000000000005,0.46837897250117266
0.5400000000000003,0.7500000000000004,0.46837001343073004
0.5400000000000003,0.7400000000000004,0.46836105233454384
0.5400000000000003,0.7300000000000004,0.4683520892257257
0.5400000000000003,0.7200000000000004,0.46834312411740375
0.5400000000000003,0.7100000000000004,0.46833415702272296
0.5400000000000003,0.7000000000000004,0.4683251879548448
0.5400000000000003,0.6900000000000004,0.4683162169269475
0.5400000000000003,0.6800000000000004,0.46830724395222534
0.5400000000000003,0.6700000000000004,0.4682982690438889
0.5400000000000003,0.6600000000000004,0.46828929221516524
0.5400000000000003,0.6500000000000004,0.4682803134792971
0.5400000000000003,0.6400000000000003,0.4682713328495435
0.5400000000000003,0.6300000000000003,0.46826235033917907
0.5400000000000003,0.6200000000000003,0.4682533659614945
0.5400000000000003,0.6100000000000003,0.46824437972979577
0.5400000000000003,0.6000000000000003,0.46823539165740474
0.5400000000000003,0.5900000000000003,0.46822640175765856
0.5400000000000003,0.5800000000000003,0.46821741004390954
0.5400000000000003,0.5700000000000003,0.46820841652952566
0.5400000000000003,0.5600000000000003,0.4681994212278896
0.5400000000000003,0.5500000000000003,0.46819042415239914
0.5400000000000003,0.5400000000000003,0.46818142531646717
0.5400000000000003,0.5300000000000002,0.46817242473352116
0.5400000000000003,0.5200000000000002,0.4681634224170034
0.5400000000000003,0.5100000000000002,0.46815441838037086
0.5400000000000003,0.5000000000000002,0.4681454126370945
0.5400000000000003,0.49000000000000027,0.4681364052006603
0.5400000000000003,0.48000000000000026,0.46812739608456805
0.5400000000000003,0.47000000000000025,0.46811838530233185
0.5400000000000003,0.46000000000000024,0.4681093728674798
0.5400000000000003,0.45000000000000023,0.4681003587935538
0.5400000000000003,0.4400000000000002,0.4680913430941098
0.5400000000000003,0.4300000000000002,0.4680823257827174
0.5400000000000003,0.4200000000000002,0.46807330687295956
0.5400000000000003,0.4100000000000002,0.468064286378433
0.5400000000000003,0.4000000000000002,0.46805526431274763
0.5400000000000003,0.3900000000000002,0.4680462406895269
0.5400000000000003,0.38000000000000017,0.46803721552240685
0.5400000000000003,0.37000000000000016,0.46802818882503716
0.5400000000000003,0.36000000000000015,0.46801916061108
0.5400000000000003,0.35000000000000014,0.46801013089421056
0.5400000000000003,0.34000000000000014,0.46800109968811665
0.5400000000000003,0.3300000000000001,0.4679920670064987
0.5400000000000003,0.3200000000000001,0.4679830328630694
0.5400000000000003,0.3100000000000001,0.46797399727155414
0.5400000000000003,0.3000000000000001,0.4679649602456904
0.5400000000000003,0.2900000000000001,0.4679559217992275
0.5400000000000003,0.2800000000000001,0.46794688194592726
0.5400000000000003,0.2700000000000001,0.46793784069956296
0.5400000000000003,0.26000000000000006,0.4679287980739199
0.5400000000000003,0.25000000000000006,0.46791975408279485
0.5400000000000003,0.24000000000000007,0.4679107087399963
0.5400000000000003,0.23000000000000007,0.46790166205934425
0.5400000000000003,0.22000000000000006,0.4678926140546695
0.5400000000000003,0.21000000000000005,0.46788356473981463
0.5400000000000003,0.20000000000000004,0.4678745141286329
0.5400000000000003,0.19000000000000003,0.46786546223498887
0.5400000000000003,0.18000000000000002,0.4678564090727575
0.5400000000000003,0.17,0.4678473546558248
0.5400000000000003,0.16,0.4678382989980874
0.5400000000000003,0.15,0.4678292421134521
0.5400000000000003,0.13999999999999999,0.46782018401583647
0.5400000000000003,0.12999999999999998,0.46781112471916786
0.5400000000000003,0.11999999999999998,0.46780206423738424
0.5400000000000003,0.10999999999999999,0.4677930025844332
0.5400000000000003,0.09999999999999999,0.4677839397742724
0.5400000000000003,0.09,0.4677748758208692
0.5400000000000003,0.08,0.46776581073820056
0.5400000000000003,0.07,0.4677567445402533
0.5400000000000003,0.060000000000000005,0.4677476772410231
0.5400000000000003,0.05,0.4677386088545153
0.5400000000000003,0.04,0.46772953939474443
0.5400000000000003,0.03,0.4677204688757338
0.5400000000000003,0.02,0.46771139731151573
0.5400000000000003,0.01,0.46770232471613166
0.5400000000000003,0,0.46769325110363114
0.5300000000000002,1.0000000000000007,0.4685996734366381
0.5300000000000002,0.9900000000000007,0.46859076718131115
0.5300000000000002,0.9800000000000006,0.4685818585894309
0.5300000000000002,0.9700000000000006,0.46857294767367874
0.5300000000000002,0.9600000000000006,0.4685640344467554
0.5300000000000002,0.9500000000000006,0.46855511892138013
0.5300000000000002,0.9400000000000006,0.4685462011102912
0.5300000000000002,0.9300000000000006,0.46853728102624626
0.5300000000000002,0.9200000000000006,0.46852835868202103
0.5300000000000002,0.9100000000000006,0.46851943409041014
0.5300000000000002,0.9000000000000006,0.46851050726422677
0.5300000000000002,0.8900000000000006,0.46850157821630267
0.5300000000000002,0.8800000000000006,0.46849264695948767
0.5300000000000002,0.8700000000000006,0.4684837135066501
0.5300000000000002,0.8600000000000005,0.4684747778706762
0.5300000000000002,0.8500000000000005,0.46846584006447056
0.5300000000000002,0.8400000000000005,0.4684569001009556
0.5300000000000002,0.8300000000000005,0.4684479579930716
0.5300000000000002,0.8200000000000005,0.46843901375377683
0.5300000000000002,0.8100000000000005,0.4684300673960467
0.5300000000000002,0.8000000000000005,0.46842111893287497
0.5300000000000002,0.7900000000000005,0.4684121683772722
0.5300000000000002,0.7800000000000005,0.46840321574226657
0.5300000000000002,0.7700000000000005,0.4683942610409036
0.5300000000000002,0.7600000000000005,0.4683853042862461
0.5300000000000002,0.7500000000000004,0.46837634549137375
0.5300000000000002,0.7400000000000004,0.4683673846693831
0.5300000000000002,0.7300000000000004,0.468358421833388
0.5300000000000002,0.7200000000000004,0.46834945699651875
0.5300000000000002,0.7100000000000004,0.4683404901719224
0.5300000000000002,0.7000000000000004,0.4683315213727626
0.5300000000000002,0.6900000000000004,0.4683225506122195
0.5300000000000002,0.6800000000000004,0.46831357790348943
0.5300000000000002,0.6700000000000004,0.46830460325978535
0.5300000000000002,0.6600000000000004,0.46829562669433594
0.5300000000000002,0.6500000000000004,0.46828664822038624
0.5300000000000002,0.6400000000000003,0.4682776678511973
0.5300000000000002,0.6300000000000003,0.4682686856000457
0.5300000000000002,0.6200000000000003,0.46825970148022394
0.5300000000000002,0.6100000000000003,0.46825071550504027
0.5300000000000002,0.6000000000000003,0.46824172768781835
0.5300000000000002,0.5900000000000003,0.46823273804189713
0.5300000000000002,0.5800000000000003,0.4682237465806314
0.5300000000000002,0.5700000000000003,0.4682147533173905
0.5300000000000002,0.5600000000000003,0.46820575826555916
0.5300000000000002,0.5500000000000003,0.46819676143853733
0.5300000000000002,0.5400000000000003,0.4681877628497394
0.5300000000000002,0.5300000000000002,0.468178762512595
0.5300000000000002,0.5200000000000002,0.46816976044054814
0.5300000000000002,0.5100000000000002,0.46816075664705753
0.5300000000000002,0.5000000000000002,0.46815175114559615
0.5300000000000002,0.49000000000000027,0.4681427439496516
0.5300000000000002,0.48000000000000026,0.4681337350727257
0.5300000000000002,0.47000000000000025,0.46812472452833415
0.5300000000000002,0.46000000000000024,0.4681157123300067
0.5300000000000002,0.45000000000000023,0.46810669849128744
0.5300000000000002,0.4400000000000002,0.4680976830257336
0.5300000000000002,0.4300000000000002,0.46808866594691667
0.5300000000000002,0.4200000000000002,0.46807964726842144
0.5300000000000002,0.4100000000000002,0.46807062700384616
0.5300000000000002,0.4000000000000002,0.4680616051668024
0.5300000000000002,0.3900000000000002,0.46805258177091524
0.5300000000000002,0.38000000000000017,0.4680435568298227
0.5300000000000002,0.37000000000000016,0.46803453035717557
0.5300000000000002,0.36000000000000015,0.4680255023666379
0.5300000000000002,0.35000000000000014,0.46801647287188664
0.5300000000000002,0.34000000000000014,0.46800744188661086
0.5300000000000002,0.3300000000000001,0.4679984094245128
0.5300000000000002,0.3200000000000001,0.4679893754993068
0.5300000000000002,0.3100000000000001,0.4679803401247194
0.5300000000000002,0.3000000000000001,0.46797130331448966
0.5300000000000002,0.2900000000000001,0.4679622650823688
0.5300000000000002,0.2800000000000001,0.46795322544211976
0.5300000000000002,0.2700000000000001,0.4679441844075174
0.5300000000000002,0.26000000000000006,0.46793514199234837
0.5300000000000002,0.25000000000000006,0.4679260982104112
0.5300000000000002,0.24000000000000007,0.46791705307551545
0.5300000000000002,0.23000000000000007,0.46790800660148263
0.5300000000000002,0.22000000000000006,0.4678989588021451
0.5300000000000002,0.21000000000000005,0.46788990969134653
0.5300000000000002,0.20000000000000004,0.4678808592829419
0.5300000000000002,0.19000000000000003,0.4678718075907966
0.5300000000000002,0.18000000000000002,0.46786275462878746
0.5300000000000002,0.17,0.4678537004108015
0.5300000000000002,0.16,0.4678446449507366
0.5300000000000002,0.15,0.467835588262501
0.5300000000000002,0.13999999999999999,0.46782653036001337
0.5300000000000002,0.12999999999999998,0.4678174712572025
0.5300000000000002,0.11999999999999998,0.46780841096800735
0.5300000000000002,0.10999999999999999,0.46779934950637697
0.5300000000000002,0.09999999999999999,0.46779028688627006
0.5300000000000002,0.09,0.4677812231216551
0.5300000000000002,0.08,0.4677721582265103
0.5300000000000002,0.07,0.4677630922148236
0.5300000000000002,0.060000000000000005,0.46775402510059183
0.5300000000000002,0.05,0.4677449568978215
0.5300000000000002,0.04,0.46773588762052803
0.5300000000000002,0.03,0.4677268172827358
0.5300000000000002,0.02,0.4677177458984785
0.5300000000000002,0.01,0.4677086734817982
0.5300000000000002,0,0.46769960004674577
0.5200000000000002,1.0000000000000007,0.4686059979007805
0.5200000000000002,0.9900000000000007,0.4685970919578683
0.5200000000000002,0.9800000000000006,0.46858818367697636
0.5200000000000002,0.9700000000000006,0.46857927307078806
0.5200000000000002,0.9600000000000006,0.4685703601520066
0.5200000000000002,0.9500000000000006,0.46856144493335367
0.5200000000000002,0.9400000000000006,0.46855252742757025
0.5200000000000002,0.9300000000000006,0.4685436076474157
0.5200000000000002,0.9200000000000006,0.46853468560566847
0.5200000000000002,0.9100000000000006,0.4685257613151255
0.5200000000000002,0.9000000000000006,0.4685168347886024
0.5200000000000002,0.8900000000000006,0.46850790603893283
0.5200000000000002,0.8800000000000006,0.46849897507896937
0.5200000000000002,0.8700000000000006,0.46849004192158245
0.5200000000000002,0.8600000000000005,0.4684811065796606
0.5200000000000002,0.8500000000000005,0.4684721690661107
0.5200000000000002,0.8400000000000005,0.46846322939385754
0.5200000000000002,0.8300000000000005,0.4684542875758435
0.5200000000000002,0.8200000000000005,0.46844534362502893
0.5200000000000002,0.8100000000000005,0.46843639755439187
0.5200000000000002,0.8000000000000005,0.4684274493769278
0.5200000000000002,0.7900000000000005,0.4684184991056498
0.5200000000000002,0.7800000000000005,0.46840954675358826
0.5200000000000002,0.7700000000000005,0.46840059233379094
0.5200000000000002,0.7600000000000005,0.46839163585932253
0.5200000000000002,0.7500000000000004,0.46838267734326494
0.5200000000000002,0.7400000000000004,0.46837371679871703
0.5200000000000002,0.7300000000000004,0.46836475423879464
0.5200000000000002,0.7200000000000004,0.46835578967663
0.5200000000000002,0.7100000000000004,0.4683468231253726
0.5200000000000002,0.7000000000000004,0.46833785459818794
0.5200000000000002,0.6900000000000004,0.4683288841082583
0.5200000000000002,0.6800000000000004,0.4683199116687822
0.5200000000000002,0.6700000000000004,0.4683109372929743
0.5200000000000002,0.6600000000000004,0.4683019609940658
0.5200000000000002,0.6500000000000004,0.4682929827853034
0.5200000000000002,0.6400000000000003,0.4682840026799502
0.5200000000000002,0.6300000000000003,0.4682750206912849
0.5200000000000002,0.6200000000000003,0.4682660368326019
0.5200000000000002,0.6100000000000003,0.4682570511172114
0.5200000000000002,0.6000000000000003,0.468248063558439
0.5200000000000002,0.5900000000000003,0.46823907416962574
0.5200000000000002,0.5800000000000003,0.4682300829641279
0.5200000000000002,0.5700000000000003,0.46822108995531725
0.5200000000000002,0.5600000000000003,0.46821209515658013
0.5200000000000002,0.5500000000000003,0.46820309858131837
0.5200000000000002,0.5400000000000003,0.46819410024294844
0.5200000000000002,0.5300000000000002,0.4681851001549015
0.5200000000000002,0.5200000000000002,0.4681760983306236
0.5200000000000002,0.5100000000000002,0.46816709478357527
0.5200000000000002,0.5000000000000002,0.46815808952723137
0.5200000000000002,0.49000000000000027,0.46814908257508114
0.5200000000000002,0.48000000000000026,0.4681400739406281
0.5200000000000002,0.47000000000000025,0.4681310636373899
0.5200000000000002,0.46000000000000024,0.468122051678898
0.5200000000000002,0.45000000000000023,0.468113038078698
0.5200000000000002,0.4400000000000002,0.4681040228503493
0.5200000000000002,0.4300000000000002,0.46809500600742476
0.5200000000000002,0.4200000000000002,0.4680859875635109
0.5200000000000002,0.4100000000000002,0.4680769675322076
0.5200000000000002,0.4000000000000002,0.4680679459271283
0.5200000000000002,0.3900000000000002,0.46805892276189964
0.5200000000000002,0.38000000000000017,0.468049898050161
0.5200000000000002,0.37000000000000016,0.4680408718055652
0.5200000000000002,0.36000000000000015,0.4680318440417779
0.5200000000000002,0.35000000000000014,0.4680228147724771
0.5200000000000002,0.34000000000000014,0.46801378401135385
0.5200000000000002,0.3300000000000001,0.46800475177211176
0.5200000000000002,0.3200000000000001,0.46799571806846685
0.5200000000000002,0.3100000000000001,0.46798668291414713
0.5200000000000002,0.3000000000000001,0.46797764632289324
0.5200000000000002,0.2900000000000001,0.46796860830845766
0.5200000000000002,0.2800000000000001,0.46795956888460505
0.5200000000000002,0.2700000000000001,0.4679505280651115
0.5200000000000002,0.26000000000000006,0.4679414858637654
0.5200000000000002,0.25000000000000006,0.4679324422943664
0.5200000000000002,0.24000000000000007,0.46792339737072564
0.5200000000000002,0.23000000000000007,0.4679143511066658
0.5200000000000002,0.22000000000000006,0.46790530351602094
0.5200000000000002,0.21000000000000005,0.467896254612636
0.5200000000000002,0.20000000000000004,0.4678872044103669
0.5200000000000002,0.19000000000000003,0.46787815292308116
0.5200000000000002,0.18000000000000002,0.4678691001646561
0.5200000000000002,0.17,0.46786004614898047
0.5200000000000002,0.16,0.46785099088995336
0.5200000000000002,0.15,0.46784193440148425
0.5200000000000002,0.13999999999999999,0.467832876697493
0.5200000000000002,0.12999999999999998,0.4678238177919096
0.5200000000000002,0.11999999999999998,0.4678147576986745
0.5200000000000002,0.10999999999999999,0.46780569643173747
0.5200000000000002,0.09999999999999999,0.4677966340050587
0.5200000000000002,0.09,0.46778757043260777
0.5200000000000002,0.08,0.4677785057283643
0.5200000000000002,0.07,0.4677694399063168
0.5200000000000002,0.060000000000000005,0.46776037298046347
0.5200000000000002,0.05,0.467751304964812
0.5200000000000002,0.04,0.46774223587337865
0.5200000000000002,0.03,0.4677331657201893
0.5200000000000002,0.02,0.4677240945192782
0.5200000000000002,0.01,0.4677150222846887
0.5200000000000002,0,0.4677059490304725
0.5100000000000002,1.0000000000000007,0.46861232207131137
0.5100000000000002,0.9900000000000007,0.4686034164439932
0.5100000000000002,0.9800000000000006,0.4685945084772714
0.5100000000000002,0.9700000000000006,0.4685855981838319
0.5100000000000002,0.9600000000000006,0.46857668557638005
0.5100000000000002,0.9500000000000006,0.46856777066763994
0.5100000000000002,0.9400000000000006,0.468558853470355
0.5100000000000002,0.9300000000000006,0.46854993399728695
0.5100000000000002,0.9200000000000006,0.46854101226121664
0.5100000000000002,0.9100000000000006,0.4685320882749431
0.5100000000000002,0.9000000000000006,0.46852316205128436
0.5100000000000002,0.8900000000000006,0.4685142336030766
0.5100000000000002,0.8800000000000006,0.46850530294317433
0.5100000000000002,0.8700000000000006,0.46849637008445033
0.5100000000000002,0.8600000000000005,0.4684874350397957
0.5100000000000002,0.8500000000000005,0.46847849782211937
0.5100000000000002,0.8400000000000005,0.46846955844434807
0.5100000000000002,0.8300000000000005,0.468460616919427
0.5100000000000002,0.8200000000000005,0.4684516732603183
0.5100000000000002,0.8100000000000005,0.46844272748000254
0.5100000000000002,0.8000000000000005,0.46843377959147714
0.5100000000000002,0.7900000000000005,0.4684248296077574
0.5100000000000002,0.7800000000000005,0.468415877541876
0.5100000000000002,0.7700000000000005,0.4684069234068826
0.5100000000000002,0.7600000000000005,0.46839796721584437
0.5100000000000002,0.7500000000000004,0.46838900898184505
0.5100000000000002,0.7400000000000004,0.46838004871798594
0.5100000000000002,0.7300000000000004,0.4683710864373847
0.5100000000000002,0.7200000000000004,0.46836212215317574
0.5100000000000002,0.7100000000000004,0.4683531558785108
0.5100000000000002,0.7000000000000004,0.4683441876265572
0.5100000000000002,0.6900000000000004,0.46833521741049944
0.5100000000000002,0.6800000000000004,0.468326245243538
0.5100000000000002,0.6700000000000004,0.46831727113888966
0.5100000000000002,0.6600000000000004,0.4683082951097874
0.5100000000000002,0.6500000000000004,0.4682993171694803
0.5100000000000002,0.6400000000000003,0.4682903373312331
0.5100000000000002,0.6300000000000003,0.4682813556083265
0.5100000000000002,0.6200000000000003,0.4682723720140572
0.5100000000000002,0.6100000000000003,0.4682633865617371
0.5100000000000002,0.6000000000000003,0.46825439926469375
0.5100000000000002,0.5900000000000003,0.4682454101362701
0.5100000000000002,0.5800000000000003,0.46823641918982445
0.5100000000000002,0.5700000000000003,0.46822742643873017
0.5100000000000002,0.5600000000000003,0.46821843189637574
0.5100000000000002,0.5500000000000003,0.4682094355761649
0.5100000000000002,0.5400000000000003,0.46820043749151574
0.5100000000000002,0.5300000000000002,0.46819143765586146
0.5100000000000002,0.5200000000000002,0.4681824360826498
0.5100000000000002,0.5100000000000002,0.46817343278534307
0.5100000000000002,0.5000000000000002,0.468164427777418
0.5100000000000002,0.49000000000000027,0.4681554210723657
0.5100000000000002,0.48000000000000026,0.4681464126836913
0.5100000000000002,0.47000000000000025,0.4681374026249141
0.5100000000000002,0.46000000000000024,0.4681283909095677
0.5100000000000002,0.45000000000000023,0.46811937755119915
0.5100000000000002,0.4400000000000002,0.46811036256336935
0.5100000000000002,0.4300000000000002,0.4681013459596533
0.5100000000000002,0.4200000000000002,0.46809232775363885
0.5100000000000002,0.4100000000000002,0.46808330795892766
0.5100000000000002,0.4000000000000002,0.46807428658913486
0.5100000000000002,0.3900000000000002,0.4680652636578885
0.5100000000000002,0.38000000000000017,0.4680562391788298
0.5100000000000002,0.37000000000000016,0.46804721316561315
0.5100000000000002,0.36000000000000015,0.4680381856319055
0.5100000000000002,0.35000000000000014,0.468029156591387
0.5100000000000002,0.34000000000000014,0.46802012605774973
0.5100000000000002,0.3300000000000001,0.46801109404469904
0.5100000000000002,0.3200000000000001,0.46800206056595245
0.5100000000000002,0.3100000000000001,0.46799302563523953
0.5100000000000002,0.3000000000000001,0.4679839892663022
0.5100000000000002,0.2900000000000001,0.4679749514728947
0.5100000000000002,0.2800000000000001,0.46796591226878276
0.5100000000000002,0.2700000000000001,0.4679568716677444
0.5100000000000002,0.26000000000000006,0.46794782968356907
0.5100000000000002,0.25000000000000006,0.4679387863300578
0.5100000000000002,0.24000000000000007,0.46792974162102347
0.5100000000000002,0.23000000000000007,0.46792069557028987
0.5100000000000002,0.22000000000000006,0.4679116481916924
0.5100000000000002,0.21000000000000005,0.46790259949907737
0.5100000000000002,0.20000000000000004,0.4678935495063023
0.5100000000000002,0.19000000000000003,0.46788449822723543
0.5100000000000002,0.18000000000000002,0.467875445675756
0.5100000000000002,0.17,0.46786639186575363
0.5100000000000002,0.16,0.4678573368111288
0.5100000000000002,0.15,0.4678482805257922
0.5100000000000002,0.13999999999999999,0.46783922302366493
0.5100000000000002,0.12999999999999998,0.4678301643186784
0.5100000000000002,0.11999999999999998,0.4678211044247738
0.5100000000000002,0.10999999999999999,0.4678120433559024
0.5100000000000002,0.09999999999999999,0.4678029811260255
0.5100000000000002,0.09,0.46779391774911383
0.5100000000000002,0.08,0.4677848532391479
0.5100000000000002,0.07,0.4677757876101177
0.5100000000000002,0.060000000000000005,0.46776672087602245
0.5100000000000002,0.05,0.4677576530508706
0.5100000000000002,0.04,0.46774858414867976
0.5100000000000002,0.03,0.46773951418347665
0.5100000000000002,0.02,0.46773044316929674
0.5100000000000002,0.01,0.46772137112018425
0.5100000000000002,0,0.46771229805019193
0.5000000000000002,1.0000000000000007,0.4686186459436986
0.5000000000000002,0.9900000000000007,0.46860974063515254
0.5000000000000002,0.9800000000000006,0.46860083298578176
0.5000000000000002,0.9700000000000006,0.4685919230082746
0.5000000000000002,0.9600000000000006,0.4685830107153389
0.5000000000000002,0.9500000000000006,0.4685740961197012
0.5000000000000002,0.9400000000000006,0.4685651792341068
0.5000000000000002,0.9300000000000006,0.4685562600713202
0.5000000000000002,0.9200000000000006,0.4685473386441244
0.5000000000000002,0.9100000000000006,0.4685384149653208
0.5000000000000002,0.9000000000000006,0.4685294890477296
0.5000000000000002,0.8900000000000006,0.4685205609041893
0.5000000000000002,0.8800000000000006,0.46851163054755685
0.5000000000000002,0.8700000000000006,0.4685026979907073
0.5000000000000002,0.8600000000000005,0.46849376324653375
0.5000000000000002,0.8500000000000005,0.4684848263279476
0.5000000000000002,0.8400000000000005,0.4684758872478778
0.5000000000000002,0.8300000000000005,0.4684669460192714
0.5000000000000002,0.8200000000000005,0.46845800265509346
0.5000000000000002,0.8100000000000005,0.46844905716832597
0.5000000000000002,0.8000000000000005,0.46844010957196897
0.5000000000000002,0.7900000000000005,0.4684311598790399
0.5000000000000002,0.7800000000000005,0.46842220810257346
0.5000000000000002,0.7700000000000005,0.4684132542556217
0.5000000000000002,0.7600000000000005,0.4684042983512535
0.5000000000000002,0.7500000000000004,0.4683953404025551
0.5000000000000002,0.7400000000000004,0.4683863804226297
0.5000000000000002,0.7300000000000004,0.4683774184245972
0.5000000000000002,0.7200000000000004,0.4683684544215942
0.5000000000000002,0.7100000000000004,0.46835948842677394
0.5000000000000002,0.7000000000000004,0.46835052045330644
0.5000000000000002,0.6900000000000004,0.46834155051437787
0.5000000000000002,0.6800000000000004,0.4683325786231909
0.5000000000000002,0.6700000000000004,0.46832360479296414
0.5000000000000002,0.6600000000000004,0.46831462903693283
0.5000000000000002,0.6500000000000004,0.4683056513683478
0.5000000000000002,0.6400000000000003,0.46829667180047585
0.5000000000000002,0.6300000000000003,0.46828769034659984
0.5000000000000002,0.6200000000000003,0.46827870702001817
0.5000000000000002,0.6100000000000003,0.4682697218340446
0.5000000000000002,0.6000000000000003,0.4682607348020088
0.5000000000000002,0.5900000000000003,0.46825174593725555
0.5000000000000002,0.5800000000000003,0.46824275525314507
0.5000000000000002,0.5700000000000003,0.4682337627630526
0.5000000000000002,0.5600000000000003,0.46822476848036854
0.5000000000000002,0.5500000000000003,0.4682157724184982
0.5000000000000002,0.5400000000000003,0.46820677459086185
0.5000000000000002,0.5300000000000002,0.4681977750108945
0.5000000000000002,0.5200000000000002,0.4681887736920453
0.5000000000000002,0.5100000000000002,0.4681797706477787
0.5000000000000002,0.5000000000000002,0.46817076589157325
0.5000000000000002,0.49000000000000027,0.4681617594369215
0.5000000000000002,0.48000000000000026,0.4681527512973307
0.5000000000000002,0.47000000000000025,0.46814374148632165
0.5000000000000002,0.46000000000000024,0.4681347300174297
0.5000000000000002,0.45000000000000023,0.4681257169042036
0.5000000000000002,0.4400000000000002,0.468116702160206
0.5000000000000002,0.4300000000000002,0.46810768579901346
0.5000000000000002,0.4200000000000002,0.4680986678342156
0.5000000000000002,0.4100000000000002,0.4680896482794158
0.5000000000000002,0.4000000000000002,0.46808062714823045
0.5000000000000002,0.3900000000000002,0.4680716044542896
0.5000000000000002,0.38000000000000017,0.4680625802112359
0.5000000000000002,0.37000000000000016,0.4680535544327254
0.5000000000000002,0.36000000000000015,0.4680445271324266
0.5000000000000002,0.35000000000000014,0.4680354983240209
0.5000000000000002,0.34000000000000014,0.4680264680212024
0.5000000000000002,0.3300000000000001,0.4680174362376777
0.5000000000000002,0.3200000000000001,0.46800840298716573
0.5000000000000002,0.3100000000000001,0.4679993682833977
0.5000000000000002,0.3000000000000001,0.4679903321401172
0.5000000000000002,0.2900000000000001,0.4679812945710795
0.5000000000000002,0.2800000000000001,0.4679722555900521
0.5000000000000002,0.2700000000000001,0.4679632152108143
0.5000000000000002,0.26000000000000006,0.46795417344715684
0.5000000000000002,0.25000000000000006,0.46794513031288243
0.5000000000000002,0.24000000000000007,0.46793608582180507
0.5000000000000002,0.23000000000000007,0.46792703998775004
0.5000000000000002,0.22000000000000006,0.467917992824554
0.5000000000000002,0.21000000000000005,0.46790894434606467
0.5000000000000002,0.20000000000000004,0.46789989456614073
0.5000000000000002,0.19000000000000003,0.4678908434986519
0.5000000000000002,0.18000000000000002,0.4678817911574786
0.5000000000000002,0.17,0.46787273755651165
0.5000000000000002,0.16,0.46786368270965295
0.5000000000000002,0.15,0.4678546266308144
0.5000000000000002,0.13999999999999999,0.46784556933391813
0.5000000000000002,0.12999999999999998,0.4678365108328967
0.5000000000000002,0.11999999999999998,0.4678274511416926
0.5000000000000002,0.10999999999999999,0.4678183902742585
0.5000000000000002,0.09999999999999999,0.46780932824455634
0.5000000000000002,0.09,0.4678002650665585
0.5000000000000002,0.08,0.46779120075424613
0.5000000000000002,0.07,0.46778213532161045
0.5000000000000002,0.060000000000000005,0.4677730687826519
0.5000000000000002,0.05,0.4677640011513799
0.5000000000000002,0.04,0.46775493244181315
0.5000000000000002,0.03,0.4677458626679793
0.5000000000000002,0.02,0.4677367918439149
0.5000000000000002,0.01,0.46772771998366497
0.5000000000000002,0,0.4677186471012835
0.49000000000000027,1.0000000000000007,0.46862496951340993
0.49000000000000027,0.9900000000000007,0.46861606452681276
0.49000000000000027,0.9800000000000006,0.4686071571979726
0.49000000000000027,0.9700000000000006,0.46859824753958057
0.49000000000000027,0.9600000000000006,0.4685893355643463
0.49000000000000027,0.9500000000000006,0.46858042128499894
0.49000000000000027,0.9400000000000006,0.4685715047142863
0.49000000000000027,0.9300000000000006,0.4685625858649749
0.49000000000000027,0.9200000000000006,0.46855366474985005
0.49000000000000027,0.9100000000000006,0.46854474138171576
0.49000000000000027,0.9000000000000006,0.4685358157733943
0.49000000000000027,0.8900000000000006,0.46852688793772646
0.49000000000000027,0.8800000000000006,0.46851795788757133
0.49000000000000027,0.8700000000000006,0.4685090256358063
0.49000000000000027,0.8600000000000005,0.4685000911953268
0.49000000000000027,0.8500000000000005,0.46849115457904644
0.49000000000000027,0.8400000000000005,0.4684822157998963
0.49000000000000027,0.8300000000000005,0.4684732748708257
0.49000000000000027,0.8200000000000005,0.4684643318048016
0.49000000000000027,0.8100000000000005,0.4684553866148087
0.49000000000000027,0.8000000000000005,0.4684464393138489
0.49000000000000027,0.7900000000000005,0.46843748991494183
0.49000000000000027,0.7800000000000005,0.46842853843112436
0.49000000000000027,0.7700000000000005,0.46841958487545043
0.49000000000000027,0.7600000000000005,0.4684106292609915
0.49000000000000027,0.7500000000000004,0.4684016716008355
0.49000000000000027,0.7400000000000004,0.4683927119080879
0.49000000000000027,0.7300000000000004,0.46838375019587064
0.49000000000000027,0.7200000000000004,0.4683747864773223
0.49000000000000027,0.7100000000000004,0.46836582076559846
0.49000000000000027,0.7000000000000004,0.4683568530738709
0.49000000000000027,0.6900000000000004,0.4683478834153279
0.49000000000000027,0.6800000000000004,0.46833891180317405
0.49000000000000027,0.6700000000000004,0.4683299382506303
0.49000000000000027,0.6600000000000004,0.4683209627709335
0.49000000000000027,0.6500000000000004,0.4683119853773365
0.49000000000000027,0.6400000000000003,0.46830300608310826
0.49000000000000027,0.6300000000000003,0.4682940249015333
0.49000000000000027,0.6200000000000003,0.4682850418459122
0.49000000000000027,0.6100000000000003,0.4682760569295606
0.49000000000000027,0.6000000000000003,0.46826707016581
0.49000000000000027,0.5900000000000003,0.468258081568007
0.49000000000000027,0.5800000000000003,0.46824909114951385
0.49000000000000027,0.5700000000000003,0.4682400989237076
0.49000000000000027,0.5600000000000003,0.4682311049039805
0.49000000000000027,0.5500000000000003,0.4682221091037397
0.49000000000000027,0.5400000000000003,0.46821311153640727
0.49000000000000027,0.5300000000000002,0.4682041122154198
0.49000000000000027,0.5200000000000002,0.4681951111542288
0.49000000000000027,0.5100000000000002,0.46818610836630004
0.49000000000000027,0.5000000000000002,0.46817710386511374
0.49000000000000027,0.49000000000000027,0.46816809766416456
0.49000000000000027,0.48000000000000026,0.46815908977696125
0.49000000000000027,0.47000000000000025,0.4681500802170264
0.49000000000000027,0.46000000000000024,0.468141068997897
0.49000000000000027,0.45000000000000023,0.46813205613312364
0.49000000000000027,0.4400000000000002,0.4681230416362706
0.49000000000000027,0.4300000000000002,0.4681140255209158
0.49000000000000027,0.4200000000000002,0.46810500780065084
0.49000000000000027,0.4100000000000002,0.4680959884890807
0.49000000000000027,0.4000000000000002,0.4680869675998232
0.49000000000000027,0.3900000000000002,0.4680779451465102
0.49000000000000027,0.38000000000000017,0.46806892114278587
0.49000000000000027,0.37000000000000016,0.4680598956023075
0.49000000000000027,0.36000000000000015,0.46805086853874556
0.49000000000000027,0.35000000000000014,0.46804183996578286
0.49000000000000027,0.34000000000000014,0.46803280989711493
0.49000000000000027,0.3300000000000001,0.46802377834645
0.49000000000000027,0.3200000000000001,0.4680147453275083
0.49000000000000027,0.3100000000000001,0.46800571085402276
0.49000000000000027,0.3000000000000001,0.4679966749397382
0.49000000000000027,0.2900000000000001,0.46798763759841155
0.49000000000000027,0.2800000000000001,0.46797859884381143
0.49000000000000027,0.2700000000000001,0.46796955868971873
0.49000000000000027,0.26000000000000006,0.4679605171499257
0.49000000000000027,0.25000000000000006,0.46795147423823624
0.49000000000000027,0.24000000000000007,0.4679424299684657
0.49000000000000027,0.23000000000000007,0.4679333843544408
0.49000000000000027,0.22000000000000006,0.4679243374099995
0.49000000000000027,0.21000000000000005,0.4679152891489907
0.49000000000000027,0.20000000000000004,0.4679062395852747
0.49000000000000027,0.19000000000000003,0.4678971887327222
0.49000000000000027,0.18000000000000002,0.46788813660521483
0.49000000000000027,0.17,0.467879083216645
0.49000000000000027,0.16,0.4678700285809155
0.49000000000000027,0.15,0.4678609727119394
0.49000000000000027,0.13999999999999999,0.46785191562364037
0.49000000000000027,0.12999999999999998,0.46784285732995196
0.49000000000000027,0.11999999999999998,0.4678337978448177
0.49000000000000027,0.10999999999999999,0.46782473718219164
0.49000000000000027,0.09999999999999999,0.4678156753560367
0.49000000000000027,0.09,0.46780661238032617
0.49000000000000027,0.08,0.46779754826904274
0.49000000000000027,0.07,0.46778848303617837
0.49000000000000027,0.060000000000000005,0.46777941669573464
0.49000000000000027,0.05,0.4677703492617221
0.49000000000000027,0.04,0.46776128074816026
0.49000000000000027,0.03,0.46775221116907795
0.49000000000000027,0.02,0.4677431405385127
0.49000000000000027,0.01,0.4677340688705104
0.49000000000000027,0,0.46772499617912605
0.48000000000000026,1.0000000000000007,0.46863129277591226
0.48000000000000026,0.9900000000000007,0.46862238811443974
0.48000000000000026,0.9800000000000006,0.4686134811093089
0.48000000000000026,0.9700000000000006,0.4686045717732132
0.48000000000000026,0.9600000000000006,0.4685956601188648
0.48000000000000026,0.9500000000000006,0.46858674615899487
0.48000000000000026,0.9400000000000006,0.46857782990635377
0.48000000000000026,0.9300000000000006,0.4685689113737104
0.48000000000000026,0.9200000000000006,0.468559990573852
0.48000000000000026,0.9100000000000006,0.4685510675195851
0.48000000000000026,0.9000000000000006,0.46854214222373436
0.48000000000000026,0.8900000000000006,0.4685332146991425
0.48000000000000026,0.8800000000000006,0.4685242849586713
0.48000000000000026,0.8700000000000006,0.4685153530152
0.48000000000000026,0.8600000000000005,0.46850641888162636
0.48000000000000026,0.8500000000000005,0.4684974825708662
0.48000000000000026,0.8400000000000005,0.4684885440958529
0.48000000000000026,0.8300000000000005,0.468479603469538
0.48000000000000026,0.8200000000000005,0.4684706607048904
0.48000000000000026,0.8100000000000005,0.46846171581489704
0.48000000000000026,0.8000000000000005,0.4684527688125622
0.48000000000000026,0.7900000000000005,0.46844381971090726
0.48000000000000026,0.7800000000000005,0.4684348685229715
0.48000000000000026,0.7700000000000005,0.46842591526181104
0.48000000000000026,0.7600000000000005,0.4684169599404992
0.48000000000000026,0.7500000000000004,0.46840800257212617
0.48000000000000026,0.7400000000000004,0.4683990431697993
0.48000000000000026,0.7300000000000004,0.4683900817466429
0.48000000000000026,0.7200000000000004,0.4683811183157973
0.48000000000000026,0.7100000000000004,0.46837215289042033
0.48000000000000026,0.7000000000000004,0.4683631854836856
0.48000000000000026,0.6900000000000004,0.4683542161087836
0.48000000000000026,0.6800000000000004,0.4683452447789207
0.48000000000000026,0.6700000000000004,0.46833627150732
0.48000000000000026,0.6600000000000004,0.4683272963072202
0.48000000000000026,0.6500000000000004,0.4683183191918764
0.48000000000000026,0.6400000000000003,0.4683093401745591
0.48000000000000026,0.6300000000000003,0.4683003592685551
0.48000000000000026,0.6200000000000003,0.4682913764871665
0.48000000000000026,0.6100000000000003,0.4682823918437111
0.48000000000000026,0.6000000000000003,0.46827340535152234
0.48000000000000026,0.5900000000000003,0.4682644170239488
0.48000000000000026,0.5800000000000003,0.46825542687435406
0.48000000000000026,0.5700000000000003,0.4682464349161176
0.48000000000000026,0.5600000000000003,0.46823744116263316
0.48000000000000026,0.5500000000000003,0.46822844562730975
0.48000000000000026,0.5400000000000003,0.4682194483235713
0.48000000000000026,0.5300000000000002,0.4682104492648563
0.48000000000000026,0.5200000000000002,0.46820144846461786
0.48000000000000026,0.5100000000000002,0.4681924459363237
0.48000000000000026,0.5000000000000002,0.46818344169345544
0.48000000000000026,0.49000000000000027,0.46817443574950984
0.48000000000000026,0.48000000000000026,0.4681654281179971
0.48000000000000026,0.47000000000000025,0.4681564188124418
0.48000000000000026,0.46000000000000024,0.46814740784638226
0.48000000000000026,0.45000000000000023,0.4681383952333709
0.48000000000000026,0.4400000000000002,0.46812938098697365
0.48000000000000026,0.4300000000000002,0.46812036512077027
0.48000000000000026,0.4200000000000002,0.46811134764835377
0.48000000000000026,0.4100000000000002,0.4681023285833305
0.48000000000000026,0.4000000000000002,0.4680933079393205
0.48000000000000026,0.3900000000000002,0.4680842857299567
0.48000000000000026,0.38000000000000017,0.46807526196888494
0.48000000000000026,0.37000000000000016,0.46806623666976427
0.48000000000000026,0.36000000000000015,0.4680572098462665
0.48000000000000026,0.35000000000000014,0.46804818151207583
0.48000000000000026,0.34000000000000014,0.4680391516808898
0.48000000000000026,0.3300000000000001,0.4680301203664175
0.48000000000000026,0.3200000000000001,0.468021087582381
0.48000000000000026,0.3100000000000001,0.46801205334251456
0.48000000000000026,0.3000000000000001,0.4680030176605644
0.48000000000000026,0.2900000000000001,0.4679939805502889
0.48000000000000026,0.2800000000000001,0.46798494202545843
0.48000000000000026,0.2700000000000001,0.4679759020998547
0.48000000000000026,0.26000000000000006,0.46796686078727173
0.48000000000000026,0.25000000000000006,0.46795781810151454
0.48000000000000026,0.24000000000000007,0.46794877405639995
0.48000000000000026,0.23000000000000007,0.467939728665756
0.48000000000000026,0.22000000000000006,0.467930681943422
0.48000000000000026,0.21000000000000005,0.4679216339032481
0.48000000000000026,0.20000000000000004,0.4679125845590958
0.48000000000000026,0.19000000000000003,0.46790353392483713
0.48000000000000026,0.18000000000000002,0.467894482014355
0.48000000000000026,0.17,0.46788542884154294
0.48000000000000026,0.16,0.46787637442030494
0.48000000000000026,0.15,0.46786731876455545
0.48000000000000026,0.13999999999999999,0.46785826188821905
0.48000000000000026,0.12999999999999998,0.4678492038052307
0.48000000000000026,0.11999999999999998,0.4678401445295351
0.48000000000000026,0.10999999999999999,0.467831084075087
0.48000000000000026,0.09999999999999999,0.46782202245585086
0.48000000000000026,0.09,0.46781295968580094
0.48000000000000026,0.08,0.46780389577892084
0.48000000000000026,0.07,0.46779483074920386
0.48000000000000026,0.060000000000000005,0.4677857646106524
0.48000000000000026,0.05,0.46777669737727806
0.48000000000000026,0.04,0.4677676290631016
0.48000000000000026,0.03,0.46775855968215246
0.48000000000000026,0.02,0.46774948924846926
0.48000000000000026,0.01,0.46774041777609904
0.48000000000000026,0,0.46773134527909754
0.47000000000000025,1.0000000000000007,0.4686376157266726
0.47000000000000025,0.9900000000000007,0.46862871139349915
0.47000000000000025,0.9800000000000006,0.46861980471525516
0.47000000000000025,0.9700000000000006,0.46861089570463604
0.47000000000000025,0.9600000000000006,0.46860198437435646
0.47000000000000025,0.9500000000000006,0.4685930707371501
0.47000000000000025,0.9400000000000006,0.4685841548057693
0.47000000000000025,0.9300000000000006,0.4685752365929852
0.47000000000000025,0.9200000000000006,0.4685663161115879
0.47000000000000025,0.9100000000000006,0.4685573933743855
0.47000000000000025,0.9000000000000006,0.4685484683942052
0.47000000000000025,0.8900000000000006,0.4685395411838921
0.47000000000000025,0.8800000000000006,0.46853061175631006
0.47000000000000025,0.8700000000000006,0.4685216801243406
0.47000000000000025,0.8600000000000005,0.46851274630088363
0.47000000000000025,0.8500000000000005,0.46850381029885707
0.47000000000000025,0.8400000000000005,0.4684948721311967
0.47000000000000025,0.8300000000000005,0.4684859318108562
0.47000000000000025,0.8200000000000005,0.46847698935080645
0.47000000000000025,0.8100000000000005,0.4684680447640368
0.47000000000000025,0.8000000000000005,0.4684590980635534
0.47000000000000025,0.7900000000000005,0.46845014926238004
0.47000000000000025,0.7800000000000005,0.46844119837355785
0.47000000000000025,0.7700000000000005,0.4684322454101451
0.47000000000000025,0.7600000000000005,0.4684232903852172
0.47000000000000025,0.7500000000000004,0.4684143333118666
0.47000000000000025,0.7400000000000004,0.4684053742032027
0.47000000000000025,0.7300000000000004,0.46839641307235136
0.47000000000000025,0.7200000000000004,0.4683874499324557
0.47000000000000025,0.7100000000000004,0.4683784847966748
0.47000000000000025,0.7000000000000004,0.46836951767818497
0.47000000000000025,0.6900000000000004,0.46836054859017817
0.47000000000000025,0.6800000000000004,0.4683515775458632
0.47000000000000025,0.6700000000000004,0.46834260455846477
0.47000000000000025,0.6600000000000004,0.4683336296412237
0.47000000000000025,0.6500000000000004,0.4683246528073969
0.47000000000000025,0.6400000000000003,0.46831567407025704
0.47000000000000025,0.6300000000000003,0.4683066934430925
0.47000000000000025,0.6200000000000003,0.46829771093920775
0.47000000000000025,0.6100000000000003,0.468288726571922
0.47000000000000025,0.6000000000000003,0.4682797403545709
0.47000000000000025,0.5900000000000003,0.46827075230050447
0.47000000000000025,0.5800000000000003,0.46826176242308865
0.47000000000000025,0.5700000000000003,0.46825277073570437
0.47000000000000025,0.5600000000000003,0.46824377725174743
0.47000000000000025,0.5500000000000003,0.46823478198462865
0.47000000000000025,0.5400000000000003,0.46822578494777345
0.47000000000000025,0.5300000000000002,0.4682167861546222
0.47000000000000025,0.5200000000000002,0.46820778561862997
0.47000000000000025,0.5100000000000002,0.468198783353266
0.47000000000000025,0.5000000000000002,0.46818977937201395
0.47000000000000025,0.49000000000000027,0.4681807736883719
0.47000000000000025,0.48000000000000026,0.468171766315852
0.47000000000000025,0.47000000000000025,0.46816275726798035
0.47000000000000025,0.46000000000000024,0.46815374655829717
0.47000000000000025,0.45000000000000023,0.4681447342003563
0.47000000000000025,0.4400000000000002,0.4681357202077256
0.47000000000000025,0.4300000000000002,0.4681267045939861
0.47000000000000025,0.4200000000000002,0.46811768737273246
0.47000000000000025,0.4100000000000002,0.4681086685575731
0.47000000000000025,0.4000000000000002,0.46809964816212907
0.47000000000000025,0.3900000000000002,0.468090626200035
0.47000000000000025,0.38000000000000017,0.46808160268493865
0.47000000000000025,0.37000000000000016,0.46807257763050003
0.47000000000000025,0.36000000000000015,0.46806355105039277
0.47000000000000025,0.35000000000000014,0.4680545229583027
0.47000000000000025,0.34000000000000014,0.46804549336792856
0.47000000000000025,0.3300000000000001,0.468036462292981
0.47000000000000025,0.3200000000000001,0.46802742974718375
0.47000000000000025,0.3100000000000001,0.4680183957442723
0.47000000000000025,0.3000000000000001,0.4680093602979942
0.47000000000000025,0.2900000000000001,0.4680003234221096
0.47000000000000025,0.2800000000000001,0.46799128513038984
0.47000000000000025,0.2700000000000001,0.46798224543661826
0.47000000000000025,0.26000000000000006,0.46797320435459006
0.47000000000000025,0.25000000000000006,0.46796416189811185
0.47000000000000025,0.24000000000000007,0.4679551180810018
0.47000000000000025,0.23000000000000007,0.46794607291708884
0.47000000000000025,0.22000000000000006,0.4679370264202138
0.47000000000000025,0.21000000000000005,0.4679279786042284
0.47000000000000025,0.20000000000000004,0.46791892948299485
0.47000000000000025,0.19000000000000003,0.4679098790703868
0.47000000000000025,0.18000000000000002,0.4679008273802883
0.47000000000000025,0.17,0.467891774426594
0.47000000000000025,0.16,0.4678827202232093
0.47000000000000025,0.15,0.4678736647840495
0.47000000000000025,0.13999999999999999,0.46786460812304087
0.47000000000000025,0.12999999999999998,0.46785555025411885
0.47000000000000025,0.11999999999999998,0.4678464911912296
0.47000000000000025,0.10999999999999999,0.467837430948329
0.47000000000000025,0.09999999999999999,0.46782836953938256
0.47000000000000025,0.09,0.46781930697836577
0.47000000000000025,0.08,0.46781024327926296
0.47000000000000025,0.07,0.4678011784560687
0.47000000000000025,0.060000000000000005,0.4677921125227863
0.47000000000000025,0.05,0.46778304549342836
0.47000000000000025,0.04,0.46777397738201665
0.47000000000000025,0.03,0.4677649082025818
0.47000000000000025,0.02,0.46775583796916304
0.47000000000000025,0.01,0.46774676669580856
0.47000000000000025,0,0.46773769439657503
0.46000000000000024,1.0000000000000007,0.46864393836115725
0.46000000000000024,0.9900000000000007,0.46863503435945647
0.46000000000000024,0.9800000000000006,0.4686261280112754
0.46000000000000024,0.9700000000000006,0.46861721932931205
0.46000000000000024,0.9600000000000006,0.4686083083262834
0.46000000000000024,0.9500000000000006,0.46859939501492537
0.46000000000000024,0.9400000000000006,0.4685904794079924
0.46000000000000024,0.9300000000000006,0.4685815615182582
0.46000000000000024,0.9200000000000006,0.46857264135851495
0.46000000000000024,0.9100000000000006,0.4685637189415732
0.46000000000000024,0.9000000000000006,0.46855479428026214
0.46000000000000024,0.8900000000000006,0.4685458673874293
0.46000000000000024,0.8800000000000006,0.46853693827594056
0.46000000000000024,0.8700000000000006,0.4685280069586799
0.46000000000000024,0.8600000000000005,0.46851907344854915
0.46000000000000024,0.8500000000000005,0.46851013775846867
0.46000000000000024,0.8400000000000005,0.4685011999013763
0.46000000000000024,0.8300000000000005,0.46849225989022775
0.46000000000000024,0.8200000000000005,0.46848331773799634
0.46000000000000024,0.8100000000000005,0.4684743734576733
0.46000000000000024,0.8000000000000005,0.4684654270622669
0.46000000000000024,0.7900000000000005,0.4684564785648032
0.46000000000000024,0.7800000000000005,0.46844752797832523
0.46000000000000024,0.7700000000000005,0.4684385753158936
0.46000000000000024,0.7600000000000005,0.46842962059058574
0.46000000000000024,0.7500000000000004,0.468420663815496
0.46000000000000024,0.7400000000000004,0.46841170500373575
0.46000000000000024,0.7300000000000004,0.46840274416843314
0.46000000000000024,0.7200000000000004,0.4683937813227332
0.46000000000000024,0.7100000000000004,0.4683848164797972
0.46000000000000024,0.7000000000000004,0.46837584965280293
0.46000000000000024,0.6900000000000004,0.4683668808549449
0.46000000000000024,0.6800000000000004,0.46835791009943356
0.46000000000000024,0.6700000000000004,0.4683489373994956
0.46000000000000024,0.6600000000000004,0.46833996276837386
0.46000000000000024,0.6500000000000004,0.4683309862193272
0.46000000000000024,0.6400000000000003,0.4683220077656301
0.46000000000000024,0.6300000000000003,0.468313027420573
0.46000000000000024,0.6200000000000003,0.46830404519746194
0.46000000000000024,0.6100000000000003,0.4682950611096184
0.46000000000000024,0.6000000000000003,0.4682860751703795
0.46000000000000024,0.5900000000000003,0.46827708739309737
0.46000000000000024,0.5800000000000003,0.46826809779113976
0.46000000000000024,0.5700000000000003,0.4682591063778894
0.46000000000000024,0.5600000000000003,0.4682501131667437
0.46000000000000024,0.5500000000000003,0.46824111817111536
0.46000000000000024,0.5400000000000003,0.4682321214044319
0.46000000000000024,0.5300000000000002,0.4682231228801351
0.46000000000000024,0.5200000000000002,0.46821412261168177
0.46000000000000024,0.5100000000000002,0.4682051206125428
0.46000000000000024,0.5000000000000002,0.46819611689620405
0.46000000000000024,0.49000000000000027,0.46818711147616476
0.46000000000000024,0.48000000000000026,0.46817810436593893
0.46000000000000024,0.47000000000000025,0.46816909557905445
0.46000000000000024,0.46000000000000024,0.46816008512905316
0.46000000000000024,0.45000000000000023,0.4681510730294906
0.46000000000000024,0.4400000000000002,0.46814205929393576
0.46000000000000024,0.4300000000000002,0.46813304393597194
0.46000000000000024,0.4200000000000002,0.4681240269691952
0.46000000000000024,0.4100000000000002,0.4681150084072151
0.46000000000000024,0.4000000000000002,0.468105988263655
0.46000000000000024,0.3900000000000002,0.4680969665521505
0.46000000000000024,0.38000000000000017,0.468087943286351
0.46000000000000024,0.37000000000000016,0.4680789184799183
0.46000000000000024,0.36000000000000015,0.4680698921465273
0.46000000000000024,0.35000000000000014,0.46806086429986515
0.46000000000000024,0.34000000000000014,0.46805183495363234
0.46000000000000024,0.3300000000000001,0.46804280412154103
0.46000000000000024,0.3200000000000001,0.4680337718173161
0.46000000000000024,0.3100000000000001,0.4680247380546947
0.46000000000000024,0.3000000000000001,0.4680157028474258
0.46000000000000024,0.2900000000000001,0.4680066662092706
0.46000000000000024,0.2800000000000001,0.4679976281540021
0.46000000000000024,0.2700000000000001,0.467988588695405
0.46000000000000024,0.26000000000000006,0.46797954784727586
0.46000000000000024,0.25000000000000006,0.46797050562342246
0.46000000000000024,0.24000000000000007,0.4679614620376642
0.46000000000000024,0.23000000000000007,0.46795241710383173
0.46000000000000024,0.22000000000000006,0.46794337083576676
0.46000000000000024,0.21000000000000005,0.46793432324732226
0.46000000000000024,0.20000000000000004,0.46792527435236203
0.46000000000000024,0.19000000000000003,0.4679162241647606
0.46000000000000024,0.18000000000000002,0.46790717269840343
0.46000000000000024,0.17,0.4678981199671863
0.46000000000000024,0.16,0.46788906598501584
0.46000000000000024,0.15,0.4678800107658085
0.46000000000000024,0.13999999999999999,0.46787095432349124
0.46000000000000024,0.12999999999999998,0.4678618966720014
0.46000000000000024,0.11999999999999998,0.46785283782528575
0.46000000000000024,0.10999999999999999,0.4678437777973014
0.46000000000000024,0.09999999999999999,0.4678347166020149
0.46000000000000024,0.09,0.4678256542534027
0.46000000000000024,0.08,0.4678165907654505
0.46000000000000024,0.07,0.4678075261521536
0.46000000000000024,0.060000000000000005,0.4677984604275163
0.46000000000000024,0.05,0.46778939360555244
0.46000000000000024,0.04,0.4677803257002845
0.46000000000000024,0.03,0.46777125672574416
0.46000000000000024,0.02,0.4677621866959716
0.46000000000000024,0.01,0.46775311562501604
0.46000000000000024,0,0.4677440435269347
0.45000000000000023,1.0000000000000007,0.46865026067483256
0.45000000000000023,0.9900000000000007,0.46864135700777654
0.45000000000000023,0.9800000000000006,0.4686324509928337
0.45000000000000023,0.9700000000000006,0.4686235426427041
0.45000000000000023,0.9600000000000006,0.46861463197010705
0.45000000000000023,0.9500000000000006,0.468605718987781
0.45000000000000023,0.9400000000000006,0.4685968037084824
0.45000000000000023,0.9300000000000006,0.46858788614498753
0.45000000000000023,0.9200000000000006,0.4685789663100904
0.45000000000000023,0.9100000000000006,0.468570044216604
0.45000000000000023,0.9000000000000006,0.46856111987736
0.45000000000000023,0.8900000000000006,0.46855219330520775
0.45000000000000023,0.8800000000000006,0.4685432645130154
0.45000000000000023,0.8700000000000006,0.4685343335136693
0.45000000000000023,0.8600000000000005,0.4685254003200735
0.45000000000000023,0.8500000000000005,0.46851646494515026
0.45000000000000023,0.8400000000000005,0.46850752740183976
0.45000000000000023,0.8300000000000005,0.4684985877030999
0.45000000000000023,0.8200000000000005,0.46848964586190595
0.45000000000000023,0.8100000000000005,0.46848070189125135
0.45000000000000023,0.8000000000000005,0.4684717558041466
0.45000000000000023,0.7900000000000005,0.4684628076136196
0.45000000000000023,0.7800000000000005,0.46845385733271566
0.45000000000000023,0.7700000000000005,0.46844490497449753
0.45000000000000023,0.7600000000000005,0.4684359505520444
0.45000000000000023,0.7500000000000004,0.4684269940784528
0.45000000000000023,0.7400000000000004,0.46841803556683625
0.45000000000000023,0.7300000000000004,0.468409075030325
0.45000000000000023,0.7200000000000004,0.46840011248206553
0.45000000000000023,0.7100000000000004,0.46839114793522174
0.45000000000000023,0.7000000000000004,0.46838218140297305
0.45000000000000023,0.6900000000000004,0.468373212898516
0.45000000000000023,0.6800000000000004,0.4683642424350632
0.45000000000000023,0.6700000000000004,0.468355270025843
0.45000000000000023,0.6600000000000004,0.46834629568410024
0.45000000000000023,0.6500000000000004,0.46833731942309575
0.45000000000000023,0.6400000000000003,0.4683283412561059
0.45000000000000023,0.6300000000000003,0.46831936119642287
0.45000000000000023,0.6200000000000003,0.4683103792573547
0.45000000000000023,0.6100000000000003,0.46830139545222477
0.45000000000000023,0.6000000000000003,0.4682924097943719
0.45000000000000023,0.5900000000000003,0.4682834222971503
0.45000000000000023,0.5800000000000003,0.46827443297392923
0.45000000000000023,0.5700000000000003,0.4682654418380934
0.45000000000000023,0.5600000000000003,0.4682564489030419
0.45000000000000023,0.5500000000000003,0.46824745418218927
0.45000000000000023,0.5400000000000003,0.4682384576889648
0.45000000000000023,0.5300000000000002,0.4682294594368119
0.45000000000000023,0.5200000000000002,0.46822045943918933
0.45000000000000023,0.5100000000000002,0.4682114577095697
0.45000000000000023,0.5000000000000002,0.46820245426143997
0.45000000000000023,0.49000000000000027,0.46819344910830185
0.45000000000000023,0.48000000000000026,0.4681844422636706
0.45000000000000023,0.47000000000000025,0.4681754337410759
0.45000000000000023,0.46000000000000024,0.46816642355406096
0.45000000000000023,0.45000000000000023,0.46815741171618314
0.45000000000000023,0.4400000000000002,0.46814839824101345
0.45000000000000023,0.4300000000000002,0.46813938314213593
0.45000000000000023,0.4200000000000002,0.46813036643314887
0.45000000000000023,0.4100000000000002,0.4681213481276633
0.45000000000000023,0.4000000000000002,0.4681123282393037
0.45000000000000023,0.3900000000000002,0.4681033067817078
0.45000000000000023,0.38000000000000017,0.4680942837685261
0.45000000000000023,0.37000000000000016,0.46808525921342203
0.45000000000000023,0.36000000000000015,0.46807623313007196
0.45000000000000023,0.35000000000000014,0.4680672055321647
0.45000000000000023,0.34000000000000014,0.46805817643340186
0.45000000000000023,0.3300000000000001,0.4680491458474972
0.45000000000000023,0.3200000000000001,0.4680401137881771
0.45000000000000023,0.3100000000000001,0.46803108026917983
0.45000000000000023,0.3000000000000001,0.4680220453042561
0.45000000000000023,0.2900000000000001,0.4680130089071683
0.45000000000000023,0.2800000000000001,0.4680039710916908
0.45000000000000023,0.2700000000000001,0.46799493187160973
0.45000000000000023,0.26000000000000006,0.46798589126072293
0.45000000000000023,0.25000000000000006,0.46797684927283933
0.45000000000000023,0.24000000000000007,0.4679678059217798
0.45000000000000023,0.23000000000000007,0.4679587612213762
0.45000000000000023,0.22000000000000006,0.46794971518547157
0.45000000000000023,0.21000000000000005,0.4679406678279201
0.45000000000000023,0.20000000000000004,0.46793161916258674
0.45000000000000023,0.19000000000000003,0.46792256920334735
0.45000000000000023,0.18000000000000002,0.4679135179640884
0.45000000000000023,0.17,0.4679044654587071
0.45000000000000023,0.16,0.4678954117011109
0.45000000000000023,0.15,0.4678863567052177
0.45000000000000023,0.13999999999999999,0.46787730048495546
0.45000000000000023,0.12999999999999998,0.46786824305426256
0.45000000000000023,0.11999999999999998,0.46785918442708707
0.45000000000000023,0.10999999999999999,0.46785012461738695
0.45000000000000023,0.09999999999999999,0.46784106363913
0.45000000000000023,0.09,0.46783200150629356
0.45000000000000023,0.08,0.4678229382328644
0.45000000000000023,0.07,0.4678138738328387
0.45000000000000023,0.060000000000000005,0.46780480832022214
0.45000000000000023,0.05,0.46779574170902904
0.45000000000000023,0.04,0.4677866740132832
0.45000000000000023,0.03,0.467777605247017
0.45000000000000023,0.02,0.4677685354242717
0.45000000000000023,0.01,0.4677594645590972
0.45000000000000023,0,0.46775039266555213
0.4400000000000002,1.0000000000000007,0.46865658266316446
0.4400000000000002,0.9900000000000007,0.46864767933392426
0.4400000000000002,0.9800000000000006,0.4686387736553934
0.4400000000000002,0.9700000000000006,0.4686298656402745
0.4400000000000002,0.9600000000000006,0.46862095530128883
0.4400000000000002,0.9500000000000006,0.46861204265117706
0.4400000000000002,0.9400000000000006,0.46860312770269835
0.4400000000000002,0.9300000000000006,0.4685942104686308
0.4400000000000002,0.9200000000000006,0.46858529096177076
0.4400000000000002,0.9100000000000006,0.4685763691949336
0.4400000000000002,0.9000000000000006,0.46856744518095295
0.4400000000000002,0.8900000000000006,0.46855851893268063
0.4400000000000002,0.8800000000000006,0.4685495904629869
0.4400000000000002,0.8700000000000006,0.46854065978476006
0.4400000000000002,0.8600000000000005,0.46853172691090667
0.4400000000000002,0.8500000000000005,0.46852279185435086
0.4400000000000002,0.8400000000000005,0.4685138546280351
0.4400000000000002,0.8300000000000005,0.4685049152449193
0.4400000000000002,0.8200000000000005,0.46849597371798113
0.4400000000000002,0.8100000000000005,0.4684870300602157
0.4400000000000002,0.8000000000000005,0.46847808428463594
0.4400000000000002,0.7900000000000005,0.46846913640427185
0.4400000000000002,0.7800000000000005,0.4684601864321706
0.4400000000000002,0.7700000000000005,0.468451234381397
0.4400000000000002,0.7600000000000005,0.4684422802650324
0.4400000000000002,0.7500000000000004,0.4684333240961754
0.4400000000000002,0.7400000000000004,0.46842436588794145
0.4400000000000002,0.7300000000000004,0.46841540565346274
0.4400000000000002,0.7200000000000004,0.4684064434058879
0.4400000000000002,0.7100000000000004,0.46839747915838253
0.4400000000000002,0.7000000000000004,0.46838851292412853
0.4400000000000002,0.6900000000000004,0.4683795447163239
0.4400000000000002,0.6800000000000004,0.4683705745481832
0.4400000000000002,0.6700000000000004,0.46836160243293695
0.4400000000000002,0.6600000000000004,0.4683526283838319
0.4400000000000002,0.6500000000000004,0.4683436524141305
0.4400000000000002,0.6400000000000003,0.4683346745371113
0.4400000000000002,0.6300000000000003,0.4683256947660683
0.4400000000000002,0.6200000000000003,0.46831671311431117
0.4400000000000002,0.6100000000000003,0.4683077295951653
0.4400000000000002,0.6000000000000003,0.4682987442219714
0.4400000000000002,0.5900000000000003,0.46828975700808523
0.4400000000000002,0.5800000000000003,0.46828076796687823
0.4400000000000002,0.5700000000000003,0.46827177711173656
0.4400000000000002,0.5600000000000003,0.46826278445606123
0.4400000000000002,0.5500000000000003,0.46825379001326867
0.4400000000000002,0.5400000000000003,0.4682447937967895
0.4400000000000002,0.5300000000000002,0.4682357958200694
0.4400000000000002,0.5200000000000002,0.4682267960965683
0.4400000000000002,0.5100000000000002,0.46821779463976093
0.4400000000000002,0.5000000000000002,0.4682087914631357
0.4400000000000002,0.49000000000000027,0.46819978658019595
0.4400000000000002,0.48000000000000026,0.4681907800044589
0.4400000000000002,0.47000000000000025,0.46818177174945547
0.4400000000000002,0.46000000000000024,0.4681727618287308
0.4400000000000002,0.45000000000000023,0.46816375025584384
0.4400000000000002,0.4400000000000002,0.4681547370443668
0.4400000000000002,0.4300000000000002,0.46814572220788586
0.4400000000000002,0.4200000000000002,0.4681367057600004
0.4400000000000002,0.4100000000000002,0.4681276877143232
0.4400000000000002,0.4000000000000002,0.4681186680844803
0.4400000000000002,0.3900000000000002,0.468109646884111
0.4400000000000002,0.38000000000000017,0.4681006241268671
0.4400000000000002,0.37000000000000016,0.46809159982641374
0.4400000000000002,0.36000000000000015,0.4680825739964285
0.4400000000000002,0.35000000000000014,0.46807354665060186
0.4400000000000002,0.34000000000000014,0.4680645178026368
0.4400000000000002,0.3300000000000001,0.4680554874662485
0.4400000000000002,0.3200000000000001,0.4680464556551646
0.4400000000000002,0.3100000000000001,0.4680374223831252
0.4400000000000002,0.3000000000000001,0.4680283876638818
0.4400000000000002,0.2900000000000001,0.4680193515111986
0.4400000000000002,0.2800000000000001,0.468010313938851
0.4400000000000002,0.2700000000000001,0.46800127496062666
0.4400000000000002,0.26000000000000006,0.4679922345903246
0.4400000000000002,0.25000000000000006,0.4679831928417552
0.4400000000000002,0.24000000000000007,0.46797414972874046
0.4400000000000002,0.23000000000000007,0.4679651052651136
0.4400000000000002,0.22000000000000006,0.4679560594647188
0.4400000000000002,0.21000000000000005,0.46794701234141145
0.4400000000000002,0.20000000000000004,0.4679379639090579
0.4400000000000002,0.19000000000000003,0.467928914181535
0.4400000000000002,0.18000000000000002,0.46791986317273054
0.4400000000000002,0.17,0.4679108108965428
0.4400000000000002,0.16,0.46790175736688033
0.4400000000000002,0.15,0.46789270259766225
0.4400000000000002,0.13999999999999999,0.4678836466028177
0.4400000000000002,0.12999999999999998,0.46787458939628607
0.4400000000000002,0.11999999999999998,0.4678655309920164
0.4400000000000002,0.10999999999999999,0.46785647140396797
0.4400000000000002,0.09999999999999999,0.4678474106461093
0.4400000000000002,0.09,0.4678383487324189
0.4400000000000002,0.08,0.46782928567688464
0.4400000000000002,0.07,0.46782022149350355
0.4400000000000002,0.060000000000000005,0.46781115619628233
0.4400000000000002,0.05,0.4678020897992362
0.4400000000000002,0.04,0.4677930223163901
0.4400000000000002,0.03,0.46778395376177706
0.4400000000000002,0.02,0.4677748841494394
0.4400000000000002,0.01,0.4677658134934279
0.4400000000000002,0,0.46775674180780175
0.4300000000000002,1.0000000000000007,0.46866290432161856
0.4300000000000002,0.9900000000000007,0.4686540013333641
0.4300000000000002,0.9800000000000006,0.46864509599441795
0.4300000000000002,0.9700000000000006,0.46863618831748527
0.4300000000000002,0.9600000000000006,0.4686272783152895
0.4300000000000002,0.9500000000000006,0.46861836600057355
0.4300000000000002,0.9400000000000006,0.46860945138609883
0.4300000000000002,0.9300000000000006,0.46860053448464556
0.4300000000000002,0.9200000000000006,0.46859161530901267
0.4300000000000002,0.9100000000000006,0.46858269387201723
0.4300000000000002,0.9000000000000006,0.46857377018649543
0.4300000000000002,0.8900000000000006,0.46856484426530115
0.4300000000000002,0.8800000000000006,0.4685559161213068
0.4300000000000002,0.8700000000000006,0.46854698576740295
0.4300000000000002,0.8600000000000005,0.46853805321649816
0.4300000000000002,0.8500000000000005,0.4685291184815189
0.4300000000000002,0.8400000000000005,0.46852018157540953
0.4300000000000002,0.8300000000000005,0.4685112425111324
0.4300000000000002,0.8200000000000005,0.4685023013016669
0.4300000000000002,0.8100000000000005,0.4684933579600105
0.4300000000000002,0.8000000000000005,0.46848441249917816
0.4300000000000002,0.7900000000000005,0.4684754649322018
0.4300000000000002,0.7800000000000005,0.468466515272131
0.4300000000000002,0.7700000000000005,0.46845756353203205
0.4300000000000002,0.7600000000000005,0.46844860972498886
0.4300000000000002,0.7500000000000004,0.4684396538641017
0.4300000000000002,0.7400000000000004,0.4684306959624882
0.4300000000000002,0.7300000000000004,0.46842173603328224
0.4300000000000002,0.7200000000000004,0.468412774089635
0.4300000000000002,0.7100000000000004,0.46840381014471355
0.4300000000000002,0.7000000000000004,0.4683948442117018
0.4300000000000002,0.6900000000000004,0.46838587630379996
0.4300000000000002,0.6800000000000004,0.4683769064342243
0.4300000000000002,0.6700000000000004,0.46836793461620724
0.4300000000000002,0.6600000000000004,0.4683589608629974
0.4300000000000002,0.6500000000000004,0.46834998518785925
0.4300000000000002,0.6400000000000003,0.4683410076040731
0.4300000000000002,0.6300000000000003,0.46833202812493474
0.4300000000000002,0.6200000000000003,0.468323046763756
0.4300000000000002,0.6100000000000003,0.46831406353386373
0.4300000000000002,0.6000000000000003,0.46830507844860064
0.4300000000000002,0.5900000000000003,0.46829609152132423
0.4300000000000002,0.5800000000000003,0.4682871027654077
0.4300000000000002,0.5700000000000003,0.46827811219423887
0.4300000000000002,0.5600000000000003,0.46826911982122094
0.4300000000000002,0.5500000000000003,0.46826012565977154
0.4300000000000002,0.5400000000000003,0.46825112972332333
0.4300000000000002,0.5300000000000002,0.4682421320253236
0.4300000000000002,0.5200000000000002,0.4682331325792341
0.4300000000000002,0.5100000000000002,0.4682241313985308
0.4300000000000002,0.5000000000000002,0.4682151284967045
0.4300000000000002,0.49000000000000027,0.4682061238872597
0.4300000000000002,0.48000000000000026,0.4681971175837154
0.4300000000000002,0.47000000000000025,0.46818810959960394
0.4300000000000002,0.46000000000000024,0.4681790999484724
0.4300000000000002,0.45000000000000023,0.46817008864388104
0.4300000000000002,0.4400000000000002,0.4681610756994037
0.4300000000000002,0.4300000000000002,0.4681520611286284
0.4300000000000002,0.4200000000000002,0.46814304494515563
0.4300000000000002,0.4100000000000002,0.4681340271626001
0.4300000000000002,0.4000000000000002,0.4681250077945892
0.4300000000000002,0.3900000000000002,0.4681159868547635
0.4300000000000002,0.38000000000000017,0.4681069643567766
0.4300000000000002,0.37000000000000016,0.468097940314295
0.4300000000000002,0.36000000000000015,0.46808891474099773
0.4300000000000002,0.35000000000000014,0.46807988765057684
0.4300000000000002,0.34000000000000014,0.46807085905673645
0.4300000000000002,0.3300000000000001,0.4680618289731934
0.4300000000000002,0.3200000000000001,0.4680527974136766
0.4300000000000002,0.3100000000000001,0.4680437643919274
0.4300000000000002,0.3000000000000001,0.46803472992169887
0.4300000000000002,0.2900000000000001,0.46802569401675653
0.4300000000000002,0.2800000000000001,0.468016656690877
0.4300000000000002,0.2700000000000001,0.46800761795784934
0.4300000000000002,0.26000000000000006,0.46799857783147375
0.4300000000000002,0.25000000000000006,0.467989536325562
0.4300000000000002,0.24000000000000007,0.4679804934539373
0.4300000000000002,0.23000000000000007,0.467971449230434
0.4300000000000002,0.22000000000000006,0.4679624036688979
0.4300000000000002,0.21000000000000005,0.46795335678318506
0.4300000000000002,0.20000000000000004,0.46794430858716335
0.4300000000000002,0.19000000000000003,0.46793525909471073
0.4300000000000002,0.18000000000000002,0.4679262083197163
0.4300000000000002,0.17,0.4679171562760792
0.4300000000000002,0.16,0.4679081029777093
0.4300000000000002,0.15,0.4678990484385267
0.4300000000000002,0.13999999999999999,0.4678899926724618
0.4300000000000002,0.12999999999999998,0.46788093569345485
0.4300000000000002,0.11999999999999998,0.4678718775154561
0.4300000000000002,0.10999999999999999,0.46786281815242575
0.4300000000000002,0.09999999999999999,0.4678537576183336
0.4300000000000002,0.09,0.4678446959271588
0.4300000000000002,0.08,0.46783563309289045
0.4300000000000002,0.07,0.46782656912952664
0.4300000000000002,0.060000000000000005,0.4678175040510748
0.4300000000000002,0.05,0.46780843787155124
0.4300000000000002,0.04,0.4677993706049817
0.4300000000000002,0.03,0.46779030226540014
0.4300000000000002,0.02,0.46778123286684986
0.4300000000000002,0.01,0.4677721624233824
0.4300000000000002,0,0.4677630909490578
0.4200000000000002,1.0000000000000007,0.4686692256456601
0.4200000000000002,0.9900000000000007,0.46866032300156
0.4200000000000002,0.9800000000000006,0.4686514180053704
0.4200000000000002,0.9700000000000006,0.46864251066979834
0.4200000000000002,0.9600000000000006,0.46863360100756996
0.4200000000000002,0.9500000000000006,0.4686246890314299
0.4200000000000002,0.9400000000000006,0.46861577475414223
0.4200000000000002,0.9300000000000006,0.4686068581884893
0.4200000000000002,0.9200000000000006,0.46859793934727184
0.4200000000000002,0.9100000000000006,0.46858901824330984
0.4200000000000002,0.9000000000000006,0.4685800948894411
0.4200000000000002,0.8900000000000006,0.46857116929852183
0.4200000000000002,0.8800000000000006,0.4685622414834267
0.4200000000000002,0.8700000000000006,0.4685533114570483
0.4200000000000002,0.8600000000000005,0.46854437923229747
0.4200000000000002,0.8500000000000005,0.46853544482210274
0.4200000000000002,0.8400000000000005,0.4685265082394105
0.4200000000000002,0.8300000000000005,0.4685175694971852
0.4200000000000002,0.8200000000000005,0.4685086286084085
0.4200000000000002,0.8100000000000005,0.46849968558607985
0.4200000000000002,0.8000000000000005,0.46849074044321604
0.4200000000000002,0.7900000000000005,0.46848179319285144
0.4200000000000002,0.7800000000000005,0.4684728438480374
0.4200000000000002,0.7700000000000005,0.46846389242184233
0.4200000000000002,0.7600000000000005,0.468454938927352
0.4200000000000002,0.7500000000000004,0.46844598337766896
0.4200000000000002,0.7400000000000004,0.4684370257859127
0.4200000000000002,0.7300000000000004,0.4684280661652191
0.4200000000000002,0.7200000000000004,0.46841910452874114
0.4200000000000002,0.7100000000000004,0.468410140889648
0.4200000000000002,0.7000000000000004,0.46840117526112546
0.4200000000000002,0.6900000000000004,0.46839220765637557
0.4200000000000002,0.6800000000000004,0.4683832380886167
0.4200000000000002,0.6700000000000004,0.46837426657108305
0.4200000000000002,0.6600000000000004,0.46836529311702507
0.4200000000000002,0.6500000000000004,0.4683563177397092
0.4200000000000002,0.6400000000000003,0.46834734045241755
0.4200000000000002,0.6300000000000003,0.46833836126844786
0.4200000000000002,0.6200000000000003,0.4683293802011135
0.4200000000000002,0.6100000000000003,0.4683203972637434
0.4200000000000002,0.6000000000000003,0.4683114124696819
0.4200000000000002,0.5900000000000003,0.4683024258322885
0.4200000000000002,0.5800000000000003,0.46829343736493784
0.4200000000000002,0.5700000000000003,0.4682844470810199
0.4200000000000002,0.5600000000000003,0.468275454993939
0.4200000000000002,0.5500000000000003,0.46826646111711523
0.4200000000000002,0.5400000000000003,0.46825746546398256
0.4200000000000002,0.5300000000000002,0.46824846804799003
0.4200000000000002,0.5200000000000002,0.4682394688826009
0.4200000000000002,0.5100000000000002,0.4682304679812933
0.4200000000000002,0.5000000000000002,0.4682214653575591
0.4200000000000002,0.49000000000000027,0.4682124610249048
0.4200000000000002,0.48000000000000026,0.4682034549968507
0.4200000000000002,0.47000000000000025,0.4681944472869314
0.4200000000000002,0.46000000000000024,0.46818543790869466
0.4200000000000002,0.45000000000000023,0.46817642687570304
0.4200000000000002,0.4400000000000002,0.46816741420153174
0.4200000000000002,0.4300000000000002,0.46815839989977004
0.4200000000000002,0.4200000000000002,0.46814938398402045
0.4200000000000002,0.4100000000000002,0.4681403664678988
0.4200000000000002,0.4000000000000002,0.46813134736503415
0.4200000000000002,0.3900000000000002,0.46812232668906845
0.4200000000000002,0.38000000000000017,0.46811330445365684
0.4200000000000002,0.37000000000000016,0.4681042806724673
0.4200000000000002,0.36000000000000015,0.4680952553591803
0.4200000000000002,0.35000000000000014,0.4680862285274891
0.4200000000000002,0.34000000000000014,0.46807720019109955
0.4200000000000002,0.3300000000000001,0.4680681703637297
0.4200000000000002,0.3200000000000001,0.4680591390591099
0.4200000000000002,0.3100000000000001,0.4680501062909827
0.4200000000000002,0.3000000000000001,0.46804107207310275
0.4200000000000002,0.2900000000000001,0.4680320364192367
0.4200000000000002,0.2800000000000001,0.4680229993431626
0.4200000000000002,0.2700000000000001,0.46801396085867064
0.4200000000000002,0.26000000000000006,0.4680049209795624
0.4200000000000002,0.25000000000000006,0.4679958797196511
0.4200000000000002,0.24000000000000007,0.46798683709276095
0.4200000000000002,0.23000000000000007,0.4679777931127275
0.4200000000000002,0.22000000000000006,0.4679687477933978
0.4200000000000002,0.21000000000000005,0.46795970114862934
0.4200000000000002,0.20000000000000004,0.4679506531922908
0.4200000000000002,0.19000000000000003,0.46794160393826156
0.4200000000000002,0.18000000000000002,0.46793255340043166
0.4200000000000002,0.17,0.4679235015927015
0.4200000000000002,0.16,0.4679144485289821
0.4200000000000002,0.15,0.46790539422319466
0.4200000000000002,0.13999999999999999,0.46789633868927044
0.4200000000000002,0.12999999999999998,0.46788728194115103
0.4200000000000002,0.11999999999999998,0.4678782239927875
0.4200000000000002,0.10999999999999999,0.46786916485814123
0.4200000000000002,0.09999999999999999,0.4678601045511827
0.4200000000000002,0.09,0.46785104308589276
0.4200000000000002,0.08,0.4678419804762607
0.4200000000000002,0.07,0.4678329167362861
0.4200000000000002,0.060000000000000005,0.4678238518799768
0.4200000000000002,0.05,0.4678147859213506
0.4200000000000002,0.04,0.4678057188744338
0.4200000000000002,0.03,0.4677966507532615
0.4200000000000002,0.02,0.4677875815718775
0.4200000000000002,0.01,0.4677785113443344
0.4200000000000002,0,0.46776944008469334
0.4100000000000002,1.0000000000000007,0.46867554663075417
0.4100000000000002,0.9900000000000007,0.4686666443339761
0.4100000000000002,0.9800000000000006,0.46865773968371344
0.4100000000000002,0.9700000000000006,0.4686488326926754
0.4100000000000002,0.9600000000000006,0.46863992337359034
0.4100000000000002,0.9500000000000006,0.4686310117392055
0.4100000000000002,0.9400000000000006,0.4686220978022867
0.4100000000000002,0.9300000000000006,0.46861318157561854
0.4100000000000002,0.9200000000000006,0.4686042630720045
0.4100000000000002,0.9100000000000006,0.4685953423042661
0.4100000000000002,0.9000000000000006,0.4685864192852435
0.4100000000000002,0.8900000000000006,0.46857749402779525
0.4100000000000002,0.8800000000000006,0.46856856654479784
0.4100000000000002,0.8700000000000006,0.4685596368491465
0.4100000000000002,0.8600000000000005,0.46855070495375367
0.4100000000000002,0.8500000000000005,0.46854177087155013
0.4100000000000002,0.8400000000000005,0.4685328346154847
0.4100000000000002,0.8300000000000005,0.4685238961985234
0.4100000000000002,0.8200000000000005,0.46851495563365037
0.4100000000000002,0.8100000000000005,0.46850601293386684
0.4100000000000002,0.8000000000000005,0.4684970681121921
0.4100000000000002,0.7900000000000005,0.46848812118166194
0.4100000000000002,0.7800000000000005,0.4684791721553301
0.4100000000000002,0.7700000000000005,0.4684702210462669
0.4100000000000002,0.7600000000000005,0.4684612678675602
0.4100000000000002,0.7500000000000004,0.4684523126323145
0.4100000000000002,0.7400000000000004,0.4684433553536511
0.4100000000000002,0.7300000000000004,0.4684343960447081
0.4100000000000002,0.7200000000000004,0.4684254347186402
0.4100000000000002,0.7100000000000004,0.46841647138861875
0.4100000000000002,0.7000000000000004,0.46840750606783116
0.4100000000000002,0.6900000000000004,0.46839853876948156
0.4100000000000002,0.6800000000000004,0.46838956950679017
0.4100000000000002,0.6700000000000004,0.4683805982929931
0.4100000000000002,0.6600000000000004,0.46837162514134273
0.4100000000000002,0.6500000000000004,0.46836265006510713
0.4100000000000002,0.6400000000000003,0.46835367307757036
0.4100000000000002,0.6300000000000003,0.46834469419203206
0.4100000000000002,0.6200000000000003,0.46833571342180746
0.4100000000000002,0.6100000000000003,0.4683267307802271
0.4100000000000002,0.6000000000000003,0.4683177462806371
0.4100000000000002,0.5900000000000003,0.46830875993639876
0.4100000000000002,0.5800000000000003,0.46829977176088866
0.4100000000000002,0.5700000000000003,0.46829078176749817
0.4100000000000002,0.5600000000000003,0.46828178996963393
0.4100000000000002,0.5500000000000003,0.46827279638071695
0.4100000000000002,0.5400000000000003,0.46826380101418336
0.4100000000000002,0.5300000000000002,0.4682548038834838
0.4100000000000002,0.5200000000000002,0.4682458050020833
0.4100000000000002,0.5100000000000002,0.4682368043834614
0.4100000000000002,0.5000000000000002,0.46822780204111186
0.4100000000000002,0.49000000000000027,0.4682187979885426
0.4100000000000002,0.48000000000000026,0.4682097922392757
0.4100000000000002,0.47000000000000025,0.4682007848068471
0.4100000000000002,0.46000000000000024,0.4681917757048066
0.4100000000000002,0.45000000000000023,0.4681827649467177
0.4100000000000002,0.4400000000000002,0.46817375254615756
0.4100000000000002,0.4300000000000002,0.4681647385167169
0.4100000000000002,0.4200000000000002,0.46815572287199975
0.4100000000000002,0.4100000000000002,0.4681467056256234
0.4100000000000002,0.4000000000000002,0.4681376867912182
0.4100000000000002,0.3900000000000002,0.4681286663824281
0.4100000000000002,0.38000000000000017,0.4681196444129093
0.4100000000000002,0.37000000000000016,0.46811062089633115
0.4100000000000002,0.36000000000000015,0.4681015958463758
0.4100000000000002,0.35000000000000014,0.46809256927673776
0.4100000000000002,0.34000000000000014,0.4680835412011243
0.4100000000000002,0.3300000000000001,0.4680745116332548
0.4100000000000002,0.3200000000000001,0.4680654805868609
0.4100000000000002,0.3100000000000001,0.4680564480756868
0.4100000000000002,0.3000000000000001,0.4680474141134882
0.4100000000000002,0.2900000000000001,0.4680383787140331
0.4100000000000002,0.2800000000000001,0.4680293418911009
0.4100000000000002,0.2700000000000001,0.4680203036584831
0.4100000000000002,0.26000000000000006,0.4680112640299824
0.4100000000000002,0.25000000000000006,0.4680022230194133
0.4100000000000002,0.24000000000000007,0.4679931806406012
0.4100000000000002,0.23000000000000007,0.46798413690738316
0.4100000000000002,0.22000000000000006,0.4679750918336071
0.4100000000000002,0.21000000000000005,0.4679660454331317
0.4100000000000002,0.20000000000000004,0.46795699771982696
0.4100000000000002,0.19000000000000003,0.4679479487075733
0.4100000000000002,0.18000000000000002,0.46793889841026187
0.4100000000000002,0.17,0.4679298468417943
0.4100000000000002,0.16,0.46792079401608266
0.4100000000000002,0.15,0.4679117399470491
0.4100000000000002,0.13999999999999999,0.46790268464862605
0.4100000000000002,0.12999999999999998,0.46789362813475605
0.4100000000000002,0.11999999999999998,0.46788457041939135
0.4100000000000002,0.10999999999999999,0.4678755115164943
0.4100000000000002,0.09999999999999999,0.46786645144003636
0.4100000000000002,0.09,0.4678573902039991
0.4100000000000002,0.08,0.4678483278223732
0.4100000000000002,0.07,0.46783926430915873
0.4100000000000002,0.060000000000000005,0.4678301996783649
0.4100000000000002,0.05,0.46782113394401015
0.4100000000000002,0.04,0.4678120671201216
0.4100000000000002,0.03,0.4678029992207353
0.4100000000000002,0.02,0.46779393025989613
0.4100000000000002,0.01,0.4677848602516574
0.4100000000000002,0,0.4677757892100807
0.4000000000000002,1.0000000000000007,0.46868186727236594
0.4000000000000002,0.9900000000000007,0.46867296532607605
0.4000000000000002,0.9800000000000006,0.46866406102490954
0.4000000000000002,0.9700000000000006,0.4686551543815777
0.4000000000000002,0.9600000000000006,0.4686462454088111
0.4000000000000002,0.9500000000000006,0.4686373341193591
0.4000000000000002,0.9400000000000006,0.4686284205259899
0.4000000000000002,0.9300000000000006,0.4686195046414904
0.4000000000000002,0.9200000000000006,0.4686105864786659
0.4000000000000002,0.9100000000000006,0.4686016660503403
0.4000000000000002,0.9000000000000006,0.4685927433693558
0.4000000000000002,0.8900000000000006,0.46858381844857333
0.4000000000000002,0.8800000000000006,0.4685748913008714
0.4000000000000002,0.8700000000000006,0.4685659619391471
0.4000000000000002,0.8600000000000005,0.46855703037631535
0.4000000000000002,0.8500000000000005,0.4685480966253089
0.4000000000000002,0.8400000000000005,0.4685391606990786
0.4000000000000002,0.8300000000000005,0.46853022261059246
0.4000000000000002,0.8200000000000005,0.4685212823728369
0.4000000000000002,0.8100000000000005,0.46851233999881514
0.4000000000000002,0.8000000000000005,0.4685033955015483
0.4000000000000002,0.7900000000000005,0.46849444889407443
0.4000000000000002,0.7800000000000005,0.468485500189449
0.4000000000000002,0.7700000000000005,0.4684765494007448
0.4000000000000002,0.7600000000000005,0.4684675965410513
0.4000000000000002,0.7500000000000004,0.468458641623475
0.4000000000000002,0.7400000000000004,0.46844968466113923
0.4000000000000002,0.7300000000000004,0.4684407256671839
0.4000000000000002,0.7200000000000004,0.46843176465476605
0.4000000000000002,0.7100000000000004,0.46842280163705824
0.4000000000000002,0.7000000000000004,0.46841383662725056
0.4000000000000002,0.6900000000000004,0.46840486963854855
0.4000000000000002,0.6800000000000004,0.4683959006841743
0.4000000000000002,0.6700000000000004,0.4683869297773659
0.4000000000000002,0.6600000000000004,0.4683779569313777
0.4000000000000002,0.6500000000000004,0.4683689821594795
0.4000000000000002,0.6400000000000003,0.46836000547495704
0.4000000000000002,0.6300000000000003,0.46835102689111197
0.4000000000000002,0.6200000000000003,0.46834204642126115
0.4000000000000002,0.6100000000000003,0.46833306407873704
0.4000000000000002,0.6000000000000003,0.46832407987688746
0.4000000000000002,0.5900000000000003,0.46831509382907566
0.4000000000000002,0.5800000000000003,0.4683061059486795
0.4000000000000002,0.5700000000000003,0.46829711624909254
0.4000000000000002,0.5600000000000003,0.4682881247437227
0.4000000000000002,0.5500000000000003,0.46827913144599304
0.4000000000000002,0.5400000000000003,0.4682701363693413
0.4000000000000002,0.5300000000000002,0.4682611395272196
0.4000000000000002,0.5200000000000002,0.4682521409330948
0.4000000000000002,0.5100000000000002,0.46824314060044797
0.4000000000000002,0.5000000000000002,0.46823413854277457
0.4000000000000002,0.49000000000000027,0.46822513477358413
0.4000000000000002,0.48000000000000026,0.46821612930640033
0.4000000000000002,0.47000000000000025,0.46820712215476035
0.4000000000000002,0.46000000000000024,0.46819811333221606
0.4000000000000002,0.45000000000000023,0.4681891028523323
0.4000000000000002,0.4400000000000002,0.46818009072868755
0.4000000000000002,0.4300000000000002,0.4681710769748744
0.4000000000000002,0.4200000000000002,0.4681620616044981
0.4000000000000002,0.4100000000000002,0.4681530446311775
0.4000000000000002,0.4000000000000002,0.46814402606854455
0.4000000000000002,0.3900000000000002,0.4681350059302445
0.4000000000000002,0.38000000000000017,0.468125984229935
0.4000000000000002,0.37000000000000016,0.46811696098128686
0.4000000000000002,0.36000000000000015,0.4681079361979836
0.4000000000000002,0.35000000000000014,0.4680989098937211
0.4000000000000002,0.34000000000000014,0.4680898820822081
0.4000000000000002,0.3300000000000001,0.4680808527771652
0.4000000000000002,0.3200000000000001,0.4680718219923258
0.4000000000000002,0.3100000000000001,0.46806278974143467
0.4000000000000002,0.3000000000000001,0.46805375603824945
0.4000000000000002,0.2900000000000001,0.46804472089653915
0.4000000000000002,0.2800000000000001,0.4680356843300846
0.4000000000000002,0.2700000000000001,0.4680266463526782
0.4000000000000002,0.26000000000000006,0.46801760697812445
0.4000000000000002,0.25000000000000006,0.46800856622023856
0.4000000000000002,0.24000000000000007,0.46799952409284756
0.4000000000000002,0.23000000000000007,0.46799048060978937
0.4000000000000002,0.22000000000000006,0.4679814357849132
0.4000000000000002,0.21000000000000005,0.46797238963207916
0.4000000000000002,0.20000000000000004,0.46796334216515795
0.4000000000000002,0.19000000000000003,0.46795429339803146
0.4000000000000002,0.18000000000000002,0.4679452433445917
0.4000000000000002,0.17,0.4679361920187414
0.4000000000000002,0.16,0.4679271394343939
0.4000000000000002,0.15,0.4679180856054724
0.4000000000000002,0.13999999999999999,0.4679090305459102
0.4000000000000002,0.12999999999999998,0.467899974269651
0.4000000000000002,0.11999999999999998,0.46789091679064804
0.4000000000000002,0.10999999999999999,0.4678818581228644
0.4000000000000002,0.09999999999999999,0.46787279828027295
0.4000000000000002,0.09,0.467863737276856
0.4000000000000002,0.08,0.46785467512660506
0.4000000000000002,0.07,0.4678456118435214
0.4000000000000002,0.060000000000000005,0.4678365474416149
0.4000000000000002,0.05,0.4678274819349049
0.4000000000000002,0.04,0.4678184153374195
0.4000000000000002,0.03,0.46780934766319576
0.4000000000000002,0.02,0.467800278926279
0.4000000000000002,0.01,0.46779120914072336
0.4000000000000002,0,0.46778213832059157
0.3900000000000002,1.0000000000000007,0.4686881875659597
0.3900000000000002,0.9900000000000007,0.4686792859733234
0.3900000000000002,0.9800000000000006,0.46867038202442096
0.3900000000000002,0.9700000000000006,0.4686614757319663
0.3900000000000002,0.9600000000000006,0.46865256710869196
0.3900000000000002,0.9500000000000006,0.4686436561673496
0.3900000000000002,0.9400000000000006,0.4686347429207097
0.3900000000000002,0.9300000000000006,0.46862582738156106
0.3900000000000002,0.9200000000000006,0.46861690956271124
0.3900000000000002,0.9100000000000006,0.4686079894769865
0.3900000000000002,0.9000000000000006,0.46859906713723115
0.3900000000000002,0.8900000000000006,0.46859014255630793
0.3900000000000002,0.8800000000000006,0.4685812157470979
0.3900000000000002,0.8700000000000006,0.46857228672249984
0.3900000000000002,0.8600000000000005,0.4685633554954311
0.3900000000000002,0.8500000000000005,0.46855442207882636
0.3900000000000002,0.8400000000000005,0.4685454864856383
0.3900000000000002,0.8300000000000005,0.4685365487288376
0.3900000000000002,0.8200000000000005,0.46852760882141214
0.3900000000000002,0.8100000000000005,0.46851866677636744
0.3900000000000002,0.8000000000000005,0.4685097226067265
0.3900000000000002,0.7900000000000005,0.46850077632552944
0.3900000000000002,0.7800000000000005,0.468491827945834
0.3900000000000002,0.7700000000000005,0.4684828774807145
0.3900000000000002,0.7600000000000005,0.4684739249432627
0.3900000000000002,0.7500000000000004,0.4684649703465868
0.3900000000000002,0.7400000000000004,0.46845601370381224
0.3900000000000002,0.7300000000000004,0.4684470550280809
0.3900000000000002,0.7200000000000004,0.46843809433255146
0.3900000000000002,0.7100000000000004,0.4684291316303989
0.3900000000000002,0.7000000000000004,0.46842016693481464
0.3900000000000002,0.6900000000000004,0.4684112002590064
0.3900000000000002,0.6800000000000004,0.468402231616198
0.3900000000000002,0.6700000000000004,0.4683932610196296
0.3900000000000002,0.6600000000000004,0.46838428848255703
0.3900000000000002,0.6500000000000004,0.4683753140182522
0.3900000000000002,0.6400000000000003,0.4683663376400025
0.3900000000000002,0.6300000000000003,0.4683573593611115
0.3900000000000002,0.6200000000000003,0.4683483791948977
0.3900000000000002,0.6100000000000003,0.4683393971546954
0.3900000000000002,0.6000000000000003,0.46833041325385427
0.3900000000000002,0.5900000000000003,0.46832142750573896
0.3900000000000002,0.5800000000000003,0.4683124399237295
0.3900000000000002,0.5700000000000003,0.4683034505212208
0.3900000000000002,0.5600000000000003,0.4682944593116226
0.3900000000000002,0.5500000000000003,0.4682854663083598
0.3900000000000002,0.5400000000000003,0.46827647152487145
0.3900000000000002,0.5300000000000002,0.4682674749746116
0.3900000000000002,0.5200000000000002,0.46825847667104875
0.3900000000000002,0.5100000000000002,0.4682494766276654
0.3900000000000002,0.5000000000000002,0.4682404748579587
0.3900000000000002,0.49000000000000027,0.4682314713754398
0.3900000000000002,0.48000000000000026,0.46822246619363367
0.3900000000000002,0.47000000000000025,0.4682134593260798
0.3900000000000002,0.46000000000000024,0.46820445078633066
0.3900000000000002,0.45000000000000023,0.46819544058795337
0.3900000000000002,0.4400000000000002,0.4681864287445276
0.3900000000000002,0.4300000000000002,0.4681774152696473
0.3900000000000002,0.4200000000000002,0.46816840017691935
0.3900000000000002,0.4100000000000002,0.4681593834799643
0.3900000000000002,0.4000000000000002,0.46815036519241526
0.3900000000000002,0.3900000000000002,0.4681413453279188
0.3900000000000002,0.38000000000000017,0.4681323239001343
0.3900000000000002,0.37000000000000016,0.4681233009227339
0.3900000000000002,0.36000000000000015,0.4681142764094024
0.3900000000000002,0.35000000000000014,0.46810525037383727
0.3900000000000002,0.34000000000000014,0.46809622282974817
0.3900000000000002,0.3300000000000001,0.46808719379085745
0.3900000000000002,0.3200000000000001,0.46807816327089957
0.3900000000000002,0.3100000000000001,0.468069131283621
0.3900000000000002,0.3000000000000001,0.46806009784278013
0.3900000000000002,0.2900000000000001,0.4680510629621476
0.3900000000000002,0.2800000000000001,0.4680420266555055
0.3900000000000002,0.2700000000000001,0.4680329889366474
0.3900000000000002,0.26000000000000006,0.4680239498193789
0.3900000000000002,0.25000000000000006,0.46801490931751677
0.3900000000000002,0.24000000000000007,0.46800586744488876
0.3900000000000002,0.23000000000000007,0.46799682421533434
0.3900000000000002,0.22000000000000006,0.46798777964270366
0.3900000000000002,0.21000000000000005,0.46797873374085813
0.3900000000000002,0.20000000000000004,0.46796968652366944
0.3900000000000002,0.19000000000000003,0.4679606380050207
0.3900000000000002,0.18000000000000002,0.46795158819880495
0.3900000000000002,0.17,0.46794253711892625
0.3900000000000002,0.16,0.4679334847792986
0.3900000000000002,0.15,0.46792443119384625
0.3900000000000002,0.13999999999999999,0.4679153763765038
0.3900000000000002,0.12999999999999998,0.467906320341216
0.3900000000000002,0.11999999999999998,0.46789726310193674
0.3900000000000002,0.10999999999999999,0.4678882046726304
0.3900000000000002,0.09999999999999999,0.4678791450672706
0.3900000000000002,0.09,0.4678700842998406
0.3900000000000002,0.08,0.46786102238433297
0.3900000000000002,0.07,0.4678519593347498
0.3900000000000002,0.060000000000000005,0.4678428951651019
0.3900000000000002,0.05,0.46783382988940947
0.3900000000000002,0.04,0.4678247635217013
0.3900000000000002,0.03,0.4678156960760154
0.3900000000000002,0.02,0.4678066275663979
0.3900000000000002,0.01,0.4677975580069041
0.3900000000000002,0,0.46778848741159695
0.38000000000000017,1.0000000000000007,0.4686945075070001
0.38000000000000017,0.9900000000000007,0.46868560627118117
0.38000000000000017,0.9800000000000006,0.4686767026777098
0.38000000000000017,0.9700000000000006,0.46866779673930203
0.38000000000000017,0.9600000000000006,0.46865888846869275
0.38000000000000017,0.9500000000000006,0.46864997787863555
0.38000000000000017,0.9400000000000006,0.4686410649819031
0.38000000000000017,0.9300000000000006,0.4686321497912867
0.38000000000000017,0.9200000000000006,0.46862323231959585
0.38000000000000017,0.9100000000000006,0.46861431257965874
0.38000000000000017,0.9000000000000006,0.4686053905843221
0.38000000000000017,0.8900000000000006,0.46859646634645086
0.38000000000000017,0.8800000000000006,0.46858753987892776
0.38000000000000017,0.8700000000000006,0.468578611194654
0.38000000000000017,0.8600000000000005,0.4685696803065489
0.38000000000000017,0.8500000000000005,0.4685607472275492
0.38000000000000017,0.8400000000000005,0.46855181197060997
0.38000000000000017,0.8300000000000005,0.4685428745487033
0.38000000000000017,0.8200000000000005,0.4685339349748196
0.38000000000000017,0.8100000000000005,0.4685249932619662
0.38000000000000017,0.8000000000000005,0.46851604942316816
0.38000000000000017,0.7900000000000005,0.4685071034714677
0.38000000000000017,0.7800000000000005,0.4684981554199242
0.38000000000000017,0.7700000000000005,0.4684892052816143
0.38000000000000017,0.7600000000000005,0.4684802530696315
0.38000000000000017,0.7500000000000004,0.468471298797086
0.38000000000000017,0.7400000000000004,0.4684623424771052
0.38000000000000017,0.7300000000000004,0.468453384122833
0.38000000000000017,0.7200000000000004,0.4684444237474297
0.38000000000000017,0.7100000000000004,0.4684354613640723
0.38000000000000017,0.7000000000000004,0.4684264969859542
0.38000000000000017,0.6900000000000004,0.46841753062628494
0.38000000000000017,0.6800000000000004,0.46840856229829003
0.38000000000000017,0.6700000000000004,0.46839959201521164
0.38000000000000017,0.6600000000000004,0.4683906197903074
0.38000000000000017,0.6500000000000004,0.4683816456368508
0.38000000000000017,0.6400000000000003,0.4683726695681314
0.38000000000000017,0.6300000000000003,0.4683636915974542
0.38000000000000017,0.6200000000000003,0.46835471173813964
0.38000000000000017,0.6100000000000003,0.4683457300035237
0.38000000000000017,0.6000000000000003,0.4683367464069578
0.38000000000000017,0.5900000000000003,0.46832776096180845
0.38000000000000017,0.5800000000000003,0.46831877368145713
0.38000000000000017,0.5700000000000003,0.46830978457930067
0.38000000000000017,0.5600000000000003,0.46830079366875044
0.38000000000000017,0.5500000000000003,0.4682918009632328
0.38000000000000017,0.5400000000000003,0.46828280647618864
0.38000000000000017,0.5300000000000002,0.46827381022107367
0.38000000000000017,0.5200000000000002,0.46826481221135785
0.38000000000000017,0.5100000000000002,0.4682558124605254
0.38000000000000017,0.5000000000000002,0.46824681098207493
0.38000000000000017,0.49000000000000027,0.46823780778951946
0.38000000000000017,0.48000000000000026,0.4682288028963853
0.38000000000000017,0.47000000000000025,0.46821979631621335
0.38000000000000017,0.46000000000000024,0.46821078806255795
0.38000000000000017,0.45000000000000023,0.46820177814898734
0.38000000000000017,0.4400000000000002,0.46819276658908293
0.38000000000000017,0.4300000000000002,0.46818375339644014
0.38000000000000017,0.4200000000000002,0.46817473858466735
0.38000000000000017,0.4100000000000002,0.4681657221673865
0.38000000000000017,0.4000000000000002,0.46815670415823196
0.38000000000000017,0.3900000000000002,0.46814768457085215
0.38000000000000017,0.38000000000000017,0.4681386634189075
0.38000000000000017,0.37000000000000016,0.4681296407160715
0.38000000000000017,0.36000000000000015,0.4681206164760305
0.38000000000000017,0.35000000000000014,0.4681115907124832
0.38000000000000017,0.34000000000000014,0.4681025634391409
0.38000000000000017,0.3300000000000001,0.468093534669727
0.38000000000000017,0.3200000000000001,0.4680845044179772
0.38000000000000017,0.3100000000000001,0.4680754726976394
0.38000000000000017,0.3000000000000001,0.4680664395224734
0.38000000000000017,0.2900000000000001,0.4680574049062508
0.38000000000000017,0.2800000000000001,0.4680483688627551
0.38000000000000017,0.2700000000000001,0.4680393314057811
0.38000000000000017,0.26000000000000006,0.4680302925491356
0.38000000000000017,0.25000000000000006,0.46802125230663644
0.38000000000000017,0.24000000000000007,0.4680122106921128
0.38000000000000017,0.23000000000000007,0.4680031677194052
0.38000000000000017,0.22000000000000006,0.46799412340236485
0.38000000000000017,0.21000000000000005,0.4679850777548542
0.38000000000000017,0.20000000000000004,0.46797603079074646
0.38000000000000017,0.19000000000000003,0.46796698252392527
0.38000000000000017,0.18000000000000002,0.4679579329682853
0.38000000000000017,0.17,0.46794888213773117
0.38000000000000017,0.16,0.46793983004617823
0.38000000000000017,0.15,0.4679307767075518
0.38000000000000017,0.13999999999999999,0.4679217221357874
0.38000000000000017,0.12999999999999998,0.46791266634483053
0.38000000000000017,0.11999999999999998,0.46790360934863645
0.38000000000000017,0.10999999999999999,0.46789455116117024
0.38000000000000017,0.09999999999999999,0.4678854917964066
0.38000000000000017,0.09,0.4678764312683297
0.38000000000000017,0.08,0.467867369590933
0.38000000000000017,0.07,0.4678583067782191
0.38000000000000017,0.060000000000000005,0.46784924284420043
0.38000000000000017,0.05,0.4678401778028974
0.38000000000000017,0.04,0.46783111166834
0.38000000000000017,0.03,0.4678220444545668
0.38000000000000017,0.02,0.4678129761756252
0.38000000000000017,0.01,0.4678039068455705
0.38000000000000017,0,0.4677948364784671
0.37000000000000016,1.0000000000000007,0.46870082709095134
0.37000000000000016,0.9900000000000007,0.46869192621511263
0.37000000000000016,0.9800000000000006,0.4686830229802379
0.37000000000000016,0.9700000000000006,0.4686741173990457
0.37000000000000016,0.9600000000000006,0.46866520948427287
0.37000000000000016,0.9500000000000006,0.46865629924867525
0.37000000000000016,0.9400000000000006,0.46864738670502765
0.37000000000000016,0.9300000000000006,0.4686384718661234
0.37000000000000016,0.9200000000000006,0.4686295547447743
0.37000000000000016,0.9100000000000006,0.46862063535381077
0.37000000000000016,0.9000000000000006,0.46861171370608135
0.37000000000000016,0.8900000000000006,0.46860278981445314
0.37000000000000016,0.8800000000000006,0.46859386369181116
0.37000000000000016,0.8700000000000006,0.4685849353510587
0.37000000000000016,0.8600000000000005,0.46857600480511685
0.37000000000000016,0.8500000000000005,0.4685670720669247
0.37000000000000016,0.8400000000000005,0.4685581371494391
0.37000000000000016,0.8300000000000005,0.46854920006563444
0.37000000000000016,0.8200000000000005,0.4685402608285028
0.37000000000000016,0.8100000000000005,0.468531319451054
0.37000000000000016,0.8000000000000005,0.46852237594631463
0.37000000000000016,0.7900000000000005,0.46851343032732906
0.37000000000000016,0.7800000000000005,0.46850448260715877
0.37000000000000016,0.7700000000000005,0.46849553279888206
0.37000000000000016,0.7600000000000005,0.46848658091559453
0.37000000000000016,0.7500000000000004,0.46847762697040846
0.37000000000000016,0.7400000000000004,0.468468670976453
0.37000000000000016,0.7300000000000004,0.4684597129468737
0.37000000000000016,0.7200000000000004,0.4684507528948333
0.37000000000000016,0.7100000000000004,0.4684417908335103
0.37000000000000016,0.7000000000000004,0.46843282677609993
0.37000000000000016,0.6900000000000004,0.46842386073581366
0.37000000000000016,0.6800000000000004,0.4684148927258789
0.37000000000000016,0.6700000000000004,0.46840592275953963
0.37000000000000016,0.6600000000000004,0.46839695085005506
0.37000000000000016,0.6500000000000004,0.4683879770107008
0.37000000000000016,0.6400000000000003,0.468379001254768
0.37000000000000016,0.6300000000000003,0.4683700235955634
0.37000000000000016,0.6200000000000003,0.4683610440464092
0.37000000000000016,0.6100000000000003,0.4683520626206433
0.37000000000000016,0.6000000000000003,0.4683430793316186
0.37000000000000016,0.5900000000000003,0.4683340941927033
0.37000000000000016,0.5800000000000003,0.4683251072172809
0.37000000000000016,0.5700000000000003,0.4683161184187495
0.37000000000000016,0.5600000000000003,0.4683071278105224
0.37000000000000016,0.5500000000000003,0.4682981354060274
0.37000000000000016,0.5400000000000003,0.46828914121870724
0.37000000000000016,0.5300000000000002,0.4682801452620191
0.37000000000000016,0.5200000000000002,0.4682711475494345
0.37000000000000016,0.5100000000000002,0.4682621480944395
0.37000000000000016,0.5000000000000002,0.46825314691053416
0.37000000000000016,0.49000000000000027,0.46824414401123277
0.37000000000000016,0.48000000000000026,0.46823513941006356
0.37000000000000016,0.47000000000000025,0.4682261331205688
0.37000000000000016,0.46000000000000024,0.4682171251563043
0.37000000000000016,0.45000000000000023,0.4682081155308399
0.37000000000000016,0.4400000000000002,0.4681991042577586
0.37000000000000016,0.4300000000000002,0.4681900913506571
0.37000000000000016,0.4200000000000002,0.4681810768231451
0.37000000000000016,0.4100000000000002,0.4681720606888461
0.37000000000000016,0.4000000000000002,0.46816304296139616
0.37000000000000016,0.3900000000000002,0.4681540236544447
0.37000000000000016,0.38000000000000017,0.4681450027816537
0.37000000000000016,0.37000000000000016,0.4681359803566981
0.37000000000000016,0.36000000000000015,0.4681269563932656
0.37000000000000016,0.35000000000000014,0.4681179309050561
0.37000000000000016,0.34000000000000014,0.4681089039057823
0.37000000000000016,0.3300000000000001,0.468099875409169
0.37000000000000016,0.3200000000000001,0.46809084542895296
0.37000000000000016,0.3100000000000001,0.4680818139788835
0.37000000000000016,0.3000000000000001,0.4680727810727217
0.37000000000000016,0.2900000000000001,0.46806374672424045
0.37000000000000016,0.2800000000000001,0.4680547109472243
0.37000000000000016,0.2700000000000001,0.4680456737554695
0.37000000000000016,0.26000000000000006,0.4680366351627838
0.37000000000000016,0.25000000000000006,0.46802759518298637
0.37000000000000016,0.24000000000000007,0.46801855382990754
0.37000000000000016,0.23000000000000007,0.4680095111173887
0.37000000000000016,0.22000000000000006,0.4680004670592828
0.37000000000000016,0.21000000000000005,0.46799142166945285
0.37000000000000016,0.20000000000000004,0.46798237496177325
0.37000000000000016,0.19000000000000003,0.46797332695012883
0.37000000000000016,0.18000000000000002,0.4679642776484154
0.37000000000000016,0.17,0.46795522707053844
0.37000000000000016,0.16,0.4679461752304144
0.37000000000000016,0.15,0.4679371221419695
0.37000000000000016,0.13999999999999999,0.4679280678191406
0.37000000000000016,0.12999999999999998,0.46791901227587374
0.37000000000000016,0.11999999999999998,0.46790995552612535
0.37000000000000016,0.10999999999999999,0.4679008975838615
0.37000000000000016,0.09999999999999999,0.4678918384630578
0.37000000000000016,0.09,0.4678827781776991
0.37000000000000016,0.08,0.46787371674178
0.37000000000000016,0.07,0.46786465416930406
0.37000000000000016,0.060000000000000005,0.46785559047428404
0.37000000000000016,0.05,0.4678465256707419
0.37000000000000016,0.04,0.46783745977270796
0.37000000000000016,0.03,0.4678283927942218
0.37000000000000016,0.02,0.4678193247493313
0.37000000000000016,0.01,0.46781025565209294
0.37000000000000016,0,0.4678011855165716
0.36000000000000015,1.0000000000000007,0.4687071463132775
0.36000000000000015,0.9900000000000007,0.46869824580058045
0.36000000000000015,0.9800000000000006,0.4686893429274671
0.36000000000000015,0.9700000000000006,0.4686804377066577
0.36000000000000015,0.9600000000000006,0.4686715301508914
0.36000000000000015,0.9500000000000006,0.4686626202729266
0.36000000000000015,0.9400000000000006,0.4686537080855399
0.36000000000000015,0.9300000000000006,0.4686447936015268
0.36000000000000015,0.9200000000000006,0.4686358768337012
0.36000000000000015,0.9100000000000006,0.4686269577948956
0.36000000000000015,0.9000000000000006,0.4686180364979609
0.36000000000000015,0.8900000000000006,0.46860911295576596
0.36000000000000015,0.8800000000000006,0.4686001871811982
0.36000000000000015,0.8700000000000006,0.46859125918716255
0.36000000000000015,0.8600000000000005,0.4685823289865825
0.36000000000000015,0.8500000000000005,0.46857339659239905
0.36000000000000015,0.8400000000000005,0.46856446201757107
0.36000000000000015,0.8300000000000005,0.4685555252750751
0.36000000000000015,0.8200000000000005,0.468546586377905
0.36000000000000015,0.8100000000000005,0.46853764533907266
0.36000000000000015,0.8000000000000005,0.4685287021716068
0.36000000000000015,0.7900000000000005,0.46851975688855346
0.36000000000000015,0.7800000000000005,0.4685108095029763
0.36000000000000015,0.7700000000000005,0.4685018600279554
0.36000000000000015,0.7600000000000005,0.46849290847658853
0.36000000000000015,0.7500000000000004,0.4684839548619896
0.36000000000000015,0.7400000000000004,0.46847499919728974
0.36000000000000015,0.7300000000000004,0.46846604149563653
0.36000000000000015,0.7200000000000004,0.46845708177019435
0.36000000000000015,0.7100000000000004,0.4684481200341438
0.36000000000000015,0.7000000000000004,0.4684391563006817
0.36000000000000015,0.6900000000000004,0.4684301905830215
0.36000000000000015,0.6800000000000004,0.46842122289439253
0.36000000000000015,0.6700000000000004,0.4684122532480403
0.36000000000000015,0.6600000000000004,0.46840328165722606
0.36000000000000015,0.6500000000000004,0.468394308135227
0.36000000000000015,0.6400000000000003,0.46838533269533605
0.36000000000000015,0.6300000000000003,0.4683763553508619
0.36000000000000015,0.6200000000000003,0.4683673761151284
0.36000000000000015,0.6100000000000003,0.4683583950014749
0.36000000000000015,0.6000000000000003,0.4683494120232563
0.36000000000000015,0.5900000000000003,0.46834042719384245
0.36000000000000015,0.5800000000000003,0.4683314405266184
0.36000000000000015,0.5700000000000003,0.46832245203498396
0.36000000000000015,0.5600000000000003,0.46831346173235416
0.36000000000000015,0.5500000000000003,0.46830446963215844
0.36000000000000015,0.5400000000000003,0.4682954757478411
0.36000000000000015,0.5300000000000002,0.4682864800928609
0.36000000000000015,0.5200000000000002,0.46827748268069086
0.36000000000000015,0.5100000000000002,0.46826848352481876
0.36000000000000015,0.5000000000000002,0.4682594826387461
0.36000000000000015,0.49000000000000027,0.46825048003598874
0.36000000000000015,0.48000000000000026,0.4682414757300767
0.36000000000000015,0.47000000000000025,0.46823246973455335
0.36000000000000015,0.46000000000000024,0.4682234620629763
0.36000000000000015,0.45000000000000023,0.46821445272891665
0.36000000000000015,0.4400000000000002,0.46820544174595896
0.36000000000000015,0.4300000000000002,0.46819642912770143
0.36000000000000015,0.4200000000000002,0.46818741488775517
0.36000000000000015,0.4100000000000002,0.46817839903974495
0.36000000000000015,0.4000000000000002,0.4681693815973086
0.36000000000000015,0.3900000000000002,0.4681603625740964
0.36000000000000015,0.38000000000000017,0.46815134198377223
0.36000000000000015,0.37000000000000016,0.46814231984001203
0.36000000000000015,0.36000000000000015,0.46813329615650495
0.36000000000000015,0.35000000000000014,0.46812427094695236
0.36000000000000015,0.34000000000000014,0.46811524422506784
0.36000000000000015,0.3300000000000001,0.4681062160045779
0.36000000000000015,0.3200000000000001,0.46809718629922054
0.36000000000000015,0.3100000000000001,0.46808815512274626
0.36000000000000015,0.3000000000000001,0.4680791224889173
0.36000000000000015,0.2900000000000001,0.4680700884115077
0.36000000000000015,0.2800000000000001,0.4680610529043036
0.36000000000000015,0.2700000000000001,0.4680520159811021
0.36000000000000015,0.26000000000000006,0.4680429776557123
0.36000000000000015,0.25000000000000006,0.4680339379419543
0.36000000000000015,0.24000000000000007,0.4680248968536599
0.36000000000000015,0.23000000000000007,0.46801585440467136
0.36000000000000015,0.22000000000000006,0.46800681060884275
0.36000000000000015,0.21000000000000005,0.46799776548003846
0.36000000000000015,0.20000000000000004,0.4679887190321337
0.36000000000000015,0.19000000000000003,0.46797967127901446
0.36000000000000015,0.18000000000000002,0.46797062223457736
0.36000000000000015,0.17,0.4679615719127293
0.36000000000000015,0.16,0.4679525203273876
0.36000000000000015,0.15,0.46794346749247945
0.36000000000000015,0.13999999999999999,0.4679344134219425
0.36000000000000015,0.12999999999999998,0.46792535812972397
0.36000000000000015,0.11999999999999998,0.46791630162978115
0.36000000000000015,0.10999999999999999,0.4679072439360811
0.36000000000000015,0.09999999999999999,0.46789818506260006
0.36000000000000015,0.09,0.4678891250233243
0.36000000000000015,0.08,0.4678800638322489
0.36000000000000015,0.07,0.46787100150337824
0.36000000000000015,0.060000000000000005,0.46786193805072634
0.36000000000000015,0.05,0.46785287348831534
0.36000000000000015,0.04,0.4678438078301769
0.36000000000000015,0.03,0.467834741090351
0.36000000000000015,0.02,0.46782567328288666
0.36000000000000015,0.01,0.4678166044218409
0.36000000000000015,0,0.4678075345212794
0.35000000000000014,1.0000000000000007,0.46871346516944246
0.35000000000000014,0.9900000000000007,0.4687045650230476
0.35000000000000014,0.9800000000000006,0.4686956625148586
0.35000000000000014,0.9700000000000006,0.4686867576575982
0.35000000000000014,0.9600000000000006,0.4686778504640079
0.35000000000000014,0.9500000000000006,0.46866894094684775
0.35000000000000014,0.9400000000000006,0.46866002911889665
0.35000000000000014,0.9300000000000006,0.46865111499295237
0.35000000000000014,0.9200000000000006,0.468642198581831
0.35000000000000014,0.9100000000000006,0.46863327989836673
0.35000000000000014,0.9000000000000006,0.4686243589554128
0.35000000000000014,0.8900000000000006,0.4686154357658403
0.35000000000000014,0.8800000000000006,0.46860651034253836
0.35000000000000014,0.8700000000000006,0.46859758269841423
0.35000000000000014,0.8600000000000005,0.4685886528463934
0.35000000000000014,0.8500000000000005,0.4685797207994188
0.35000000000000014,0.8400000000000005,0.4685707865704512
0.35000000000000014,0.8300000000000005,0.4685618501724693
0.35000000000000014,0.8200000000000005,0.46855291161846907
0.35000000000000014,0.8100000000000005,0.4685439709214641
0.35000000000000014,0.8000000000000005,0.46853502809448516
0.35000000000000014,0.7900000000000005,0.46852608315058053
0.35000000000000014,0.7800000000000005,0.4685171361028153
0.35000000000000014,0.7700000000000005,0.46850818696427193
0.35000000000000014,0.7600000000000005,0.46849923574804975
0.35000000000000014,0.7500000000000004,0.4684902824672646
0.35000000000000014,0.7400000000000004,0.4684813271350498
0.35000000000000014,0.7300000000000004,0.46847236976455453
0.35000000000000014,0.7200000000000004,0.468463410368945
0.35000000000000014,0.7100000000000004,0.4684544489614038
0.35000000000000014,0.7000000000000004,0.46844548555512955
0.35000000000000014,0.6900000000000004,0.4684365201633375
0.35000000000000014,0.6800000000000004,0.4684275527992587
0.35000000000000014,0.6700000000000004,0.4684185834761405
0.35000000000000014,0.6600000000000004,0.468409612207246
0.35000000000000014,0.6500000000000004,0.468400639005854
0.35000000000000014,0.6400000000000003,0.4683916638852595
0.35000000000000014,0.6300000000000003,0.4683826868587723
0.35000000000000014,0.6200000000000003,0.4683737079397185
0.35000000000000014,0.6100000000000003,0.4683647271414391
0.35000000000000014,0.6000000000000003,0.46835574447729056
0.35000000000000014,0.5900000000000003,0.46834675996064434
0.35000000000000014,0.5800000000000003,0.46833777360488726
0.35000000000000014,0.5700000000000003,0.4683287854234208
0.35000000000000014,0.5600000000000003,0.4683197954296615
0.35000000000000014,0.5500000000000003,0.4683108036370406
0.35000000000000014,0.5400000000000003,0.46830181005900373
0.35000000000000014,0.5300000000000002,0.46829281470901135
0.35000000000000014,0.5200000000000002,0.4682838176005384
0.35000000000000014,0.5100000000000002,0.46827481874707366
0.35000000000000014,0.5000000000000002,0.4682658181621205
0.35000000000000014,0.49000000000000027,0.46825681585919626
0.35000000000000014,0.48000000000000026,0.4682478118518324
0.35000000000000014,0.47000000000000025,0.4682388061535739
0.35000000000000014,0.46000000000000024,0.4682297987779797
0.35000000000000014,0.45000000000000023,0.46822078973862236
0.35000000000000014,0.4400000000000002,0.4682117790490881
0.35000000000000014,0.4300000000000002,0.4682027667229762
0.35000000000000014,0.4200000000000002,0.4681937527738997
0.35000000000000014,0.4100000000000002,0.4681847372154844
0.35000000000000014,0.4000000000000002,0.4681757200613695
0.35000000000000014,0.3900000000000002,0.4681667013252068
0.35000000000000014,0.38000000000000017,0.4681576810206614
0.35000000000000014,0.37000000000000016,0.4681486591614109
0.35000000000000014,0.36000000000000015,0.4681396357611453
0.35000000000000014,0.35000000000000014,0.4681306108335676
0.35000000000000014,0.34000000000000014,0.4681215843923927
0.35000000000000014,0.3300000000000001,0.46811255645134814
0.35000000000000014,0.3200000000000001,0.4681035270241733
0.35000000000000014,0.3100000000000001,0.46809449612461995
0.35000000000000014,0.3000000000000001,0.46808546376645166
0.35000000000000014,0.2900000000000001,0.4680764299634435
0.35000000000000014,0.2800000000000001,0.46806739472938275
0.35000000000000014,0.2700000000000001,0.46805835807806784
0.35000000000000014,0.26000000000000006,0.46804932002330896
0.35000000000000014,0.25000000000000006,0.46804028057892766
0.35000000000000014,0.24000000000000007,0.46803123975875627
0.35000000000000014,0.23000000000000007,0.4680221975766388
0.35000000000000014,0.22000000000000006,0.4680131540464298
0.35000000000000014,0.21000000000000005,0.4680041091819951
0.35000000000000014,0.20000000000000004,0.467995062997211
0.35000000000000014,0.19000000000000003,0.4679860155059645
0.35000000000000014,0.18000000000000002,0.46797696672215316
0.35000000000000014,0.17,0.467967916659685
0.35000000000000014,0.16,0.467958865332478
0.35000000000000014,0.15,0.4679498127544607
0.35000000000000014,0.13999999999999999,0.4679407589395716
0.35000000000000014,0.12999999999999998,0.4679317039017589
0.35000000000000014,0.11999999999999998,0.4679226476549808
0.35000000000000014,0.10999999999999999,0.46791359021320506
0.35000000000000014,0.09999999999999999,0.4679045315904093
0.35000000000000014,0.09,0.46789547180058
0.35000000000000014,0.08,0.4678864108577135
0.35000000000000014,0.07,0.46787734877581527
0.35000000000000014,0.060000000000000005,0.4678682855688995
0.35000000000000014,0.05,0.4678592212509896
0.35000000000000014,0.04,0.4678501558361179
0.35000000000000014,0.03,0.46784108933832524
0.35000000000000014,0.02,0.467832021771661
0.35000000000000014,0.01,0.4678229531501834
0.35000000000000014,0,0.46781388348795866
0.34000000000000014,1.0000000000000007,0.46871978365490996
0.34000000000000014,0.9900000000000007,0.4687108838779762
0.34000000000000014,0.9800000000000006,0.4687019817378738
0.34000000000000014,0.9700000000000006,0.46869307724732756
0.34000000000000014,0.9600000000000006,0.4686841704190809
0.34000000000000014,0.9500000000000006,0.4686752612658962
0.34000000000000014,0.9400000000000006,0.4686663498005546
0.34000000000000014,0.9300000000000006,0.46865743603585563
0.34000000000000014,0.9200000000000006,0.46864851998461765
0.34000000000000014,0.9100000000000006,0.46863960165967716
0.34000000000000014,0.9000000000000006,0.46863068107388905
0.34000000000000014,0.8900000000000006,0.46862175824012686
0.34000000000000014,0.8800000000000006,0.4686128331712813
0.34000000000000014,0.8700000000000006,0.4686039058802622
0.34000000000000014,0.8600000000000005,0.46859497637999664
0.34000000000000014,0.8500000000000005,0.46858604468342974
0.34000000000000014,0.8400000000000005,0.4685771108035244
0.34000000000000014,0.8300000000000005,0.46856817475326107
0.34000000000000014,0.8200000000000005,0.4685592365456376
0.34000000000000014,0.8100000000000005,0.4685502961936699
0.34000000000000014,0.8000000000000005,0.46854135371039046
0.34000000000000014,0.7900000000000005,0.4685324091088495
0.34000000000000014,0.7800000000000005,0.46852346240211407
0.34000000000000014,0.7700000000000005,0.4685145136032685
0.34000000000000014,0.7600000000000005,0.468505562725414
0.34000000000000014,0.7500000000000004,0.4684966097816685
0.34000000000000014,0.7400000000000004,0.46848765478516685
0.34000000000000014,0.7300000000000004,0.4684786977490603
0.34000000000000014,0.7200000000000004,0.4684697386865169
0.34000000000000014,0.7100000000000004,0.46846077761072097
0.34000000000000014,0.7000000000000004,0.4684518145348729
0.34000000000000014,0.6900000000000004,0.4684428494721899
0.34000000000000014,0.6800000000000004,0.4684338824359047
0.34000000000000014,0.6700000000000004,0.4684249134392665
0.34000000000000014,0.6600000000000004,0.46841594249554014
0.34000000000000014,0.6500000000000004,0.46840696961800615
0.34000000000000014,0.6400000000000003,0.46839799481996114
0.34000000000000014,0.6300000000000003,0.46838901811471684
0.34000000000000014,0.6200000000000003,0.4683800395156009
0.34000000000000014,0.6100000000000003,0.46837105903595605
0.34000000000000014,0.6000000000000003,0.4683620766891403
0.34000000000000014,0.5900000000000003,0.4683530924885271
0.34000000000000014,0.5800000000000003,0.4683441064475046
0.34000000000000014,0.5700000000000003,0.468335118579476
0.34000000000000014,0.5600000000000003,0.4683261288978595
0.34000000000000014,0.5500000000000003,0.4683171374160879
0.34000000000000014,0.5400000000000003,0.4683081441476084
0.34000000000000014,0.5300000000000002,0.46829914910588316
0.34000000000000014,0.5200000000000002,0.46829015230438825
0.34000000000000014,0.5100000000000002,0.4682811537566146
0.34000000000000014,0.5000000000000002,0.4682721534760668
0.34000000000000014,0.49000000000000027,0.4682631514762637
0.34000000000000014,0.48000000000000026,0.46825414777073815
0.34000000000000014,0.47000000000000025,0.4682451423730367
0.34000000000000014,0.46000000000000024,0.4682361352967199
0.34000000000000014,0.45000000000000023,0.4682271265553617
0.34000000000000014,0.4400000000000002,0.46821811616254955
0.34000000000000014,0.4300000000000002,0.46820910413188443
0.34000000000000014,0.4200000000000002,0.4682000904769805
0.34000000000000014,0.4100000000000002,0.4681910752114652
0.34000000000000014,0.4000000000000002,0.4681820583489788
0.34000000000000014,0.3900000000000002,0.4681730399031749
0.34000000000000014,0.38000000000000017,0.4681640198877197
0.34000000000000014,0.37000000000000016,0.4681549983162919
0.34000000000000014,0.36000000000000015,0.46814597520258316
0.34000000000000014,0.35000000000000014,0.46813695056029747
0.34000000000000014,0.34000000000000014,0.46812792440315126
0.34000000000000014,0.3300000000000001,0.46811889674487317
0.34000000000000014,0.3200000000000001,0.4681098675992041
0.34000000000000014,0.3100000000000001,0.46810083697989663
0.34000000000000014,0.3000000000000001,0.4680918049007158
0.34000000000000014,0.2900000000000001,0.4680827713754378
0.34000000000000014,0.2800000000000001,0.46807373641785105
0.34000000000000014,0.2700000000000001,0.46806470004175543
0.34000000000000014,0.26000000000000006,0.46805566226096185
0.34000000000000014,0.25000000000000006,0.46804662308929307
0.34000000000000014,0.24000000000000007,0.46803758254058286
0.34000000000000014,0.23000000000000007,0.46802854062867605
0.34000000000000014,0.22000000000000006,0.4680194973674283
0.34000000000000014,0.21000000000000005,0.4680104527707065
0.34000000000000014,0.20000000000000004,0.46800140685238806
0.34000000000000014,0.19000000000000003,0.46799235962636093
0.34000000000000014,0.18000000000000002,0.4679833111065238
0.34000000000000014,0.17,0.46797426130678543
0.34000000000000014,0.16,0.46796521024106513
0.34000000000000014,0.15,0.4679561579232922
0.34000000000000014,0.13999999999999999,0.467947104367406
0.34000000000000014,0.12999999999999998,0.4679380495873559
0.34000000000000014,0.11999999999999998,0.4679289935971008
0.34000000000000014,0.10999999999999999,0.46791993641060936
0.34000000000000014,0.09999999999999999,0.46791087804186005
0.34000000000000014,0.09,0.46790181850484036
0.34000000000000014,0.08,0.46789275781354756
0.34000000000000014,0.07,0.4678836959819875
0.34000000000000014,0.060000000000000005,0.4678746330241756
0.34000000000000014,0.05,0.46786556895413584
0.34000000000000014,0.04,0.4678565037859014
0.34000000000000014,0.03,0.4678474375335138
0.34000000000000014,0.02,0.4678383702110235
0.34000000000000014,0.01,0.4678293018324888
0.34000000000000014,0,0.4678202324119771
0.3300000000000001,1.0000000000000007,0.4687261017651437
0.3300000000000001,0.9900000000000007,0.4687172023608291
0.3300000000000001,0.9800000000000006,0.4687083005919741
0.3300000000000001,0.9700000000000006,0.46869939647130565
0.3300000000000001,0.9600000000000006,0.46869049001156937
0.3300000000000001,0.9500000000000006,0.4686815812255298
0.3300000000000001,0.9400000000000006,0.4686726701259699
0.3300000000000001,0.9300000000000006,0.4686637567256917
0.3300000000000001,0.9200000000000006,0.4686548410375154
0.3300000000000001,0.9100000000000006,0.46864592307427966
0.3300000000000001,0.9000000000000006,0.46863700284884136
0.3300000000000001,0.8900000000000006,0.4686280803740758
0.3300000000000001,0.8800000000000006,0.46861915566287654
0.3300000000000001,0.8700000000000006,0.46861022872815444
0.3300000000000001,0.8600000000000005,0.46860129958283936
0.3300000000000001,0.8500000000000005,0.46859236823987793
0.3300000000000001,0.8400000000000005,0.46858343471223524
0.3300000000000001,0.8300000000000005,0.46857449901289366
0.3300000000000001,0.8200000000000005,0.46856556115485315
0.3300000000000001,0.8100000000000005,0.46855662115113134
0.3300000000000001,0.8000000000000005,0.46854767901476274
0.3300000000000001,0.7900000000000005,0.46853873475879937
0.3300000000000001,0.7800000000000005,0.46852978839631043
0.3300000000000001,0.7700000000000005,0.4685208399403821
0.3300000000000001,0.7600000000000005,0.4685118894041172
0.3300000000000001,0.7500000000000004,0.46850293680063587
0.3300000000000001,0.7400000000000004,0.46849398214307447
0.3300000000000001,0.7300000000000004,0.4684850254445864
0.3300000000000001,0.7200000000000004,0.4684760667183413
0.3300000000000001,0.7100000000000004,0.46846710597752544
0.3300000000000001,0.7000000000000004,0.4684581432353412
0.3300000000000001,0.6900000000000004,0.468449178505007
0.3300000000000001,0.6800000000000004,0.4684402117997579
0.3300000000000001,0.6700000000000004,0.46843124313284457
0.3300000000000001,0.6600000000000004,0.46842227251753366
0.3300000000000001,0.6500000000000004,0.46841329996710745
0.3300000000000001,0.6400000000000003,0.46840432549486416
0.3300000000000001,0.6300000000000003,0.46839534911411745
0.3300000000000001,0.6200000000000003,0.4683863708381964
0.3300000000000001,0.6100000000000003,0.46837739068044554
0.3300000000000001,0.6000000000000003,0.46836840865422463
0.3300000000000001,0.5900000000000003,0.4683594247729085
0.3300000000000001,0.5800000000000003,0.4683504390498872
0.3300000000000001,0.5700000000000003,0.46834145149856543
0.3300000000000001,0.5600000000000003,0.46833246213236296
0.3300000000000001,0.5500000000000003,0.4683234709647141
0.3300000000000001,0.5400000000000003,0.4683144780090679
0.3300000000000001,0.5300000000000002,0.4683054832788877
0.3300000000000001,0.5200000000000002,0.46829648678765157
0.3300000000000001,0.5100000000000002,0.4682874885488515
0.3300000000000001,0.5000000000000002,0.46827848857599375
0.3300000000000001,0.49000000000000027,0.46826948688259884
0.3300000000000001,0.48000000000000026,0.4682604834822008
0.3300000000000001,0.47000000000000025,0.46825147838834796
0.3300000000000001,0.46000000000000024,0.46824247161460214
0.3300000000000001,0.45000000000000023,0.4682334631745386
0.3300000000000001,0.4400000000000002,0.46822445308174665
0.3300000000000001,0.4300000000000002,0.4682154413498281
0.3300000000000001,0.4200000000000002,0.46820642799239887
0.3300000000000001,0.4100000000000002,0.4681974130230877
0.3300000000000001,0.4000000000000002,0.4681883964555363
0.3300000000000001,0.3900000000000002,0.46817937830339934
0.3300000000000001,0.38000000000000017,0.4681703585803444
0.3300000000000001,0.37000000000000016,0.4681613373000517
0.3300000000000001,0.36000000000000015,0.4681523144762141
0.3300000000000001,0.35000000000000014,0.4681432901225369
0.3300000000000001,0.34000000000000014,0.4681342642527377
0.3300000000000001,0.3300000000000001,0.46812523688054636
0.3300000000000001,0.3200000000000001,0.4681162080197051
0.3300000000000001,0.3100000000000001,0.46810717768396776
0.3300000000000001,0.3000000000000001,0.46809814588710025
0.3300000000000001,0.2900000000000001,0.46808911264288044
0.3300000000000001,0.2800000000000001,0.46808007796509754
0.3300000000000001,0.2700000000000001,0.4680710418675527
0.3300000000000001,0.26000000000000006,0.4680620043640579
0.3300000000000001,0.25000000000000006,0.4680529654684372
0.3300000000000001,0.24000000000000007,0.4680439251945252
0.3300000000000001,0.23000000000000007,0.4680348835561678
0.3300000000000001,0.22000000000000006,0.4680258405672221
0.3300000000000001,0.21000000000000005,0.46801679624155573
0.3300000000000001,0.20000000000000004,0.46800775059304706
0.3300000000000001,0.19000000000000003,0.46799870363558527
0.3300000000000001,0.18000000000000002,0.4679896553830698
0.3300000000000001,0.17,0.4679806058494107
0.3300000000000001,0.16,0.46797155504852805
0.3300000000000001,0.15,0.4679625029943521
0.3300000000000001,0.13999999999999999,0.46795344970082314
0.3300000000000001,0.12999999999999998,0.46794439518189135
0.3300000000000001,0.11999999999999998,0.4679353394515167
0.3300000000000001,0.10999999999999999,0.46792628252366886
0.3300000000000001,0.09999999999999999,0.4679172244123268
0.3300000000000001,0.09,0.46790816513147915
0.3300000000000001,0.08,0.46789910469512364
0.3300000000000001,0.07,0.46789004311726723
0.3300000000000001,0.060000000000000005,0.46788098041192594
0.3300000000000001,0.05,0.46787191659312477
0.3300000000000001,0.04,0.46786285167489744
0.3300000000000001,0.03,0.4678537856712862
0.3300000000000001,0.02,0.46784471859634225
0.3300000000000001,0.01,0.46783565046412473
0.3300000000000001,0,0.4678265812887015
0.3200000000000001,1.0000000000000007,0.468732419495607
0.3200000000000001,0.9900000000000007,0.46872352046706817
0.3200000000000001,0.9800000000000006,0.46871461907262024
0.3200000000000001,0.9700000000000006,0.4687057153249923
0.3200000000000001,0.9600000000000006,0.4686968092369318
0.3200000000000001,0.9500000000000006,0.46868790082120576
0.3200000000000001,0.9400000000000006,0.468678990090599
0.3200000000000001,0.9300000000000006,0.46867007705791575
0.3200000000000001,0.9200000000000006,0.468661161735978
0.3200000000000001,0.9100000000000006,0.46865224413762685
0.3200000000000001,0.9000000000000006,0.46864332427572103
0.3200000000000001,0.8900000000000006,0.46863440216313795
0.3200000000000001,0.8800000000000006,0.46862547781277275
0.3200000000000001,0.8700000000000006,0.4686165512375391
0.3200000000000001,0.8600000000000005,0.4686076224503682
0.3200000000000001,0.8500000000000005,0.46859869146420896
0.3200000000000001,0.8400000000000005,0.4685897582920283
0.3200000000000001,0.8300000000000005,0.4685808229468108
0.3200000000000001,0.8200000000000005,0.4685718854415579
0.3200000000000001,0.8100000000000005,0.46856294578928953
0.3200000000000001,0.8000000000000005,0.4685540040030421
0.3200000000000001,0.7900000000000005,0.46854506009586927
0.3200000000000001,0.7800000000000005,0.4685361140808424
0.3200000000000001,0.7700000000000005,0.4685271659710493
0.3200000000000001,0.7600000000000005,0.46851821577959496
0.3200000000000001,0.7500000000000004,0.46850926351960104
0.3200000000000001,0.7400000000000004,0.46850030920420616
0.3200000000000001,0.7300000000000004,0.4684913528465651
0.3200000000000001,0.7200000000000004,0.46848239445984957
0.3200000000000001,0.7100000000000004,0.4684734340572475
0.3200000000000001,0.7000000000000004,0.4684644716519631
0.3200000000000001,0.6900000000000004,0.4684555072572168
0.3200000000000001,0.6800000000000004,0.46844654088624504
0.3200000000000001,0.6700000000000004,0.4684375725523004
0.3200000000000001,0.6600000000000004,0.46842860226865113
0.3200000000000001,0.6500000000000004,0.4684196300485814
0.3200000000000001,0.6400000000000003,0.46841065590539127
0.3200000000000001,0.6300000000000003,0.46840167985239556
0.3200000000000001,0.6200000000000003,0.4683927019029257
0.3200000000000001,0.6100000000000003,0.46838372207032725
0.3200000000000001,0.6000000000000003,0.4683747403679619
0.3200000000000001,0.5900000000000003,0.46836575680920617
0.3200000000000001,0.5800000000000003,0.46835677140745163
0.3200000000000001,0.5700000000000003,0.4683477841761045
0.3200000000000001,0.5600000000000003,0.4683387951285863
0.3200000000000001,0.5500000000000003,0.4683298042783328
0.3200000000000001,0.5400000000000003,0.46832081163879463
0.3200000000000001,0.5300000000000002,0.46831181722343673
0.3200000000000001,0.5200000000000002,0.46830282104573845
0.3200000000000001,0.5100000000000002,0.4682938231191937
0.3200000000000001,0.5000000000000002,0.46828482345731
0.3200000000000001,0.49000000000000027,0.46827582207360924
0.3200000000000001,0.48000000000000026,0.4682668189816272
0.3200000000000001,0.47000000000000025,0.46825781419491336
0.3200000000000001,0.46000000000000024,0.4682488077270311
0.3200000000000001,0.45000000000000023,0.46823979959155715
0.3200000000000001,0.4400000000000002,0.46823078980208194
0.3200000000000001,0.4300000000000002,0.46822177837220924
0.3200000000000001,0.4200000000000002,0.4682127653155559
0.3200000000000001,0.4100000000000002,0.46820375064575204
0.3200000000000001,0.4000000000000002,0.4681947343764408
0.3200000000000001,0.3900000000000002,0.4681857165212781
0.3200000000000001,0.38000000000000017,0.468176697093933
0.3200000000000001,0.37000000000000016,0.4681676761080868
0.3200000000000001,0.36000000000000015,0.46815865357743386
0.3200000000000001,0.35000000000000014,0.46814962951568045
0.3200000000000001,0.34000000000000014,0.4681406039365456
0.3200000000000001,0.3300000000000001,0.46813157685376044
0.3200000000000001,0.3200000000000001,0.4681225482810683
0.3200000000000001,0.3100000000000001,0.4681135182322242
0.3200000000000001,0.3000000000000001,0.4681044867209954
0.3200000000000001,0.2900000000000001,0.46809545376116074
0.3200000000000001,0.2800000000000001,0.46808641936651063
0.3200000000000001,0.2700000000000001,0.46807738355084727
0.3200000000000001,0.26000000000000006,0.468068346327984
0.3200000000000001,0.25000000000000006,0.46805930771174564
0.3200000000000001,0.24000000000000007,0.4680502677159682
0.3200000000000001,0.23000000000000007,0.46804122635449846
0.3200000000000001,0.22000000000000006,0.46803218364119453
0.3200000000000001,0.21000000000000005,0.4680231395899251
0.3200000000000001,0.20000000000000004,0.4680140942145696
0.3200000000000001,0.19000000000000003,0.4680050475290182
0.3200000000000001,0.18000000000000002,0.4679959995471714
0.3200000000000001,0.17,0.46798695028294
0.3200000000000001,0.16,0.46797789975024523
0.3200000000000001,0.15,0.46796884796301796
0.3200000000000001,0.13999999999999999,0.46795979493519985
0.3200000000000001,0.12999999999999998,0.46795074068074166
0.3200000000000001,0.11999999999999998,0.46794168521360424
0.3200000000000001,0.10999999999999999,0.4679326285477583
0.3200000000000001,0.09999999999999999,0.4679235706971833
0.3200000000000001,0.09,0.467914511675869
0.3200000000000001,0.08,0.4679054514978139
0.3200000000000001,0.07,0.46789639017702583
0.3200000000000001,0.060000000000000005,0.4678873277275213
0.3200000000000001,0.05,0.46787826416332623
0.3200000000000001,0.04,0.467869199498475
0.3200000000000001,0.03,0.46786013374701085
0.3200000000000001,0.02,0.4678510669229853
0.3200000000000001,0.01,0.4678419990404583
0.3200000000000001,0,0.4678329301134986
0.3100000000000001,1.0000000000000007,0.4687387368417634
0.3100000000000001,0.9900000000000007,0.46872983819215586
0.3100000000000001,0.9800000000000006,0.4687209371752733
0.3100000000000001,0.9700000000000006,0.468712033803847
0.3100000000000001,0.9600000000000006,0.46870312809062686
0.3100000000000001,0.9500000000000006,0.46869422004838124
0.3100000000000001,0.9400000000000006,0.46868530968989786
0.3100000000000001,0.9300000000000006,0.46867639702798236
0.3100000000000001,0.9200000000000006,0.4686674820754593
0.3100000000000001,0.9100000000000006,0.4686585648451712
0.3100000000000001,0.9000000000000006,0.4686496453499794
0.3100000000000001,0.8900000000000006,0.46864072360276304
0.3100000000000001,0.8800000000000006,0.4686317996164194
0.3100000000000001,0.8700000000000006,0.46862287340386405
0.3100000000000001,0.8600000000000005,0.46861394497803
0.3100000000000001,0.8500000000000005,0.4686050143518685
0.3100000000000001,0.8400000000000005,0.4685960815383482
0.3100000000000001,0.8300000000000005,0.46858714655045536
0.3100000000000001,0.8200000000000005,0.468578209401194
0.3100000000000001,0.8100000000000005,0.46856927010358534
0.3100000000000001,0.8000000000000005,0.46856032867066805
0.3100000000000001,0.7900000000000005,0.46855138511549765
0.3100000000000001,0.7800000000000005,0.4685424394511472
0.3100000000000001,0.7700000000000005,0.4685334916907066
0.3100000000000001,0.7600000000000005,0.4685245418472825
0.3100000000000001,0.7500000000000004,0.46851558993399856
0.3100000000000001,0.7400000000000004,0.46850663596399483
0.3100000000000001,0.7300000000000004,0.46849767995042846
0.3100000000000001,0.7200000000000004,0.46848872190647256
0.3100000000000001,0.7100000000000004,0.46847976184531703
0.3100000000000001,0.7000000000000004,0.4684707997801677
0.3100000000000001,0.6900000000000004,0.4684618357242468
0.3100000000000001,0.6800000000000004,0.4684528696907927
0.3100000000000001,0.6700000000000004,0.4684439016930594
0.3100000000000001,0.6600000000000004,0.46843493174431716
0.3100000000000001,0.6500000000000004,0.46842595985785185
0.3100000000000001,0.6400000000000003,0.46841698604696463
0.3100000000000001,0.6300000000000003,0.46840801032497287
0.3100000000000001,0.6200000000000003,0.46839903270520883
0.3100000000000001,0.6100000000000003,0.46839005320102034
0.3100000000000001,0.6000000000000003,0.46838107182577043
0.3100000000000001,0.5900000000000003,0.46837208859283724
0.3100000000000001,0.5800000000000003,0.4683631035156139
0.3100000000000001,0.5700000000000003,0.4683541166075085
0.3100000000000001,0.5600000000000003,0.46834512788194377
0.3100000000000001,0.5500000000000003,0.46833613735235713
0.3100000000000001,0.5400000000000003,0.46832714503220085
0.3100000000000001,0.5300000000000002,0.4683181509349414
0.3100000000000001,0.5200000000000002,0.4683091550740595
0.3100000000000001,0.5100000000000002,0.46830015746305054
0.3100000000000001,0.5000000000000002,0.4682911581154237
0.3100000000000001,0.49000000000000027,0.46828215704470233
0.3100000000000001,0.48000000000000026,0.46827315426442334
0.3100000000000001,0.47000000000000025,0.46826414978813813
0.3100000000000001,0.46000000000000024,0.46825514362941106
0.3100000000000001,0.45000000000000023,0.46824613580182045
0.3100000000000001,0.4400000000000002,0.4682371263189582
0.3100000000000001,0.4300000000000002,0.46822811519442936
0.3100000000000001,0.4200000000000002,0.4682191024418519
0.3100000000000001,0.4100000000000002,0.46821008807485776
0.3100000000000001,0.4000000000000002,0.468201072107091
0.3100000000000001,0.3900000000000002,0.46819205455220914
0.3100000000000001,0.38000000000000017,0.4681830354238822
0.3100000000000001,0.37000000000000016,0.4681740147357931
0.3100000000000001,0.36000000000000015,0.46816499250163723
0.3100000000000001,0.35000000000000014,0.4681559687351222
0.3100000000000001,0.34000000000000014,0.4681469434499683
0.3100000000000001,0.3300000000000001,0.4681379166599078
0.3100000000000001,0.3200000000000001,0.46812888837868516
0.3100000000000001,0.3100000000000001,0.46811985862005673
0.3100000000000001,0.3000000000000001,0.4681108273977908
0.3100000000000001,0.2900000000000001,0.4681017947256674
0.3100000000000001,0.2800000000000001,0.4680927606174782
0.3100000000000001,0.2700000000000001,0.4680837250870262
0.3100000000000001,0.26000000000000006,0.4680746881481263
0.3100000000000001,0.25000000000000006,0.46806564981460397
0.3100000000000001,0.24000000000000007,0.4680566101002963
0.3100000000000001,0.23000000000000007,0.46804756901905153
0.3100000000000001,0.22000000000000006,0.4680385265847284
0.3100000000000001,0.21000000000000005,0.46802948281119666
0.3100000000000001,0.20000000000000004,0.46802043771233715
0.3100000000000001,0.19000000000000003,0.46801139130204034
0.3100000000000001,0.18000000000000002,0.468002343594208
0.3100000000000001,0.17,0.4679932946027521
0.3100000000000001,0.16,0.46798424434159447
0.3100000000000001,0.15,0.4679751928246672
0.3100000000000001,0.13999999999999999,0.46796614006591253
0.3100000000000001,0.12999999999999998,0.4679570860792823
0.3100000000000001,0.11999999999999998,0.46794803087873815
0.3100000000000001,0.10999999999999999,0.46793897447825145
0.3100000000000001,0.09999999999999999,0.46792991689180297
0.3100000000000001,0.09,0.46792085813338274
0.3100000000000001,0.08,0.46791179821699036
0.3100000000000001,0.07,0.4679027371566342
0.3100000000000001,0.060000000000000005,0.4678936749663319
0.3100000000000001,0.05,0.4678846116601098
0.3100000000000001,0.04,0.46787554725200303
0.3100000000000001,0.03,0.4678664817560556
0.3100000000000001,0.02,0.46785741518631974
0.3100000000000001,0.01,0.4678483475568561
0.3100000000000001,0,0.46783927888173377
0.3000000000000001,1.0000000000000007,0.4687450537990761
0.3000000000000001,0.9900000000000007,0.46873615553155396
0.3000000000000001,0.9800000000000006,0.46872725489539413
0.3000000000000001,0.9700000000000006,0.4687183519033297
0.3000000000000001,0.9600000000000006,0.4687094465681127
0.3000000000000001,0.9500000000000006,0.4687005389025139
0.3000000000000001,0.9400000000000006,0.4686916289193225
0.3000000000000001,0.9300000000000006,0.46868271663134653
0.3000000000000001,0.9200000000000006,0.4686738020514125
0.3000000000000001,0.9100000000000006,0.46866488519236527
0.3000000000000001,0.9000000000000006,0.4686559660670677
0.3000000000000001,0.8900000000000006,0.4686470446884012
0.3000000000000001,0.8800000000000006,0.468638121069265
0.3000000000000001,0.8700000000000006,0.4686291952225766
0.3000000000000001,0.8600000000000005,0.4686202671612712
0.3000000000000001,0.8500000000000005,0.4686113368983016
0.3000000000000001,0.8400000000000005,0.4686024044466387
0.3000000000000001,0.8300000000000005,0.4685934698192706
0.3000000000000001,0.8200000000000005,0.4685845330292032
0.3000000000000001,0.8100000000000005,0.46857559408945965
0.3000000000000001,0.8000000000000005,0.4685666530130805
0.3000000000000001,0.7900000000000005,0.4685577098131231
0.3000000000000001,0.7800000000000005,0.4685487645026625
0.3000000000000001,0.7700000000000005,0.46853981709479026
0.3000000000000001,0.7600000000000005,0.468530867602615
0.3000000000000001,0.7500000000000004,0.468521916039262
0.3000000000000001,0.7400000000000004,0.46851296241787355
0.3000000000000001,0.7300000000000004,0.4685040067516082
0.3000000000000001,0.7200000000000004,0.4684950490536409
0.3000000000000001,0.7100000000000004,0.4684860893371635
0.3000000000000001,0.7000000000000004,0.4684771276153834
0.3000000000000001,0.6900000000000004,0.4684681639015247
0.3000000000000001,0.6800000000000004,0.46845919820882725
0.3000000000000001,0.6700000000000004,0.4684502305505472
0.3000000000000001,0.6600000000000004,0.4684412609399561
0.3000000000000001,0.6500000000000004,0.4684322893903414
0.3000000000000001,0.6400000000000003,0.4684233159150066
0.3000000000000001,0.6300000000000003,0.46841434052727005
0.3000000000000001,0.6200000000000003,0.46840536324046594
0.3000000000000001,0.6100000000000003,0.46839638406794387
0.3000000000000001,0.6000000000000003,0.46838740302306814
0.3000000000000001,0.5900000000000003,0.46837842011921854
0.3000000000000001,0.5800000000000003,0.4683694353697901
0.3000000000000001,0.5700000000000003,0.4683604487881921
0.3000000000000001,0.5600000000000003,0.468351460387849
0.3000000000000001,0.5500000000000003,0.4683424701821999
0.3000000000000001,0.5400000000000003,0.4683334781846983
0.3000000000000001,0.5300000000000002,0.4683244844088123
0.3000000000000001,0.5200000000000002,0.4683154888680243
0.3000000000000001,0.5100000000000002,0.4683064915758309
0.3000000000000001,0.5000000000000002,0.4682974925457428
0.3000000000000001,0.49000000000000027,0.4682884917912847
0.3000000000000001,0.48000000000000026,0.4682794893259953
0.3000000000000001,0.47000000000000025,0.46827048516342706
0.3000000000000001,0.46000000000000024,0.468261479317146
0.3000000000000001,0.45000000000000023,0.46825247180073165
0.3000000000000001,0.4400000000000002,0.4682434626277774
0.3000000000000001,0.4300000000000002,0.46823445181188933
0.3000000000000001,0.4200000000000002,0.4682254393666873
0.3000000000000001,0.4100000000000002,0.46821642530580415
0.3000000000000001,0.4000000000000002,0.46820740964288526
0.3000000000000001,0.3900000000000002,0.4681983923915897
0.3000000000000001,0.38000000000000017,0.4681893735655886
0.3000000000000001,0.37000000000000016,0.46818035317856627
0.3000000000000001,0.36000000000000015,0.468171331244219
0.3000000000000001,0.35000000000000014,0.468162307776256
0.3000000000000001,0.34000000000000014,0.46815328278839863
0.3000000000000001,0.3300000000000001,0.46814425629438033
0.3000000000000001,0.3200000000000001,0.4681352283079466
0.3000000000000001,0.3100000000000001,0.4681261988428554
0.3000000000000001,0.3000000000000001,0.4681171679128757
0.3000000000000001,0.2900000000000001,0.4681081355317889
0.3000000000000001,0.2800000000000001,0.4680991017133877
0.3000000000000001,0.2700000000000001,0.46809006647147633
0.3000000000000001,0.26000000000000006,0.46808102981987043
0.3000000000000001,0.25000000000000006,0.46807199177239694
0.3000000000000001,0.24000000000000007,0.46806295234289386
0.3000000000000001,0.23000000000000007,0.46805391154521025
0.3000000000000001,0.22000000000000006,0.46804486939320605
0.3000000000000001,0.21000000000000005,0.4680358259007522
0.3000000000000001,0.20000000000000004,0.46802678108172996
0.3000000000000001,0.19000000000000003,0.4680177349500313
0.3000000000000001,0.18000000000000002,0.4680086875195589
0.3000000000000001,0.17,0.46799963880422524
0.3000000000000001,0.16,0.46799058881795347
0.3000000000000001,0.15,0.46798153757467625
0.3000000000000001,0.13999999999999999,0.467972485088337
0.3000000000000001,0.12999999999999998,0.46796343137288815
0.3000000000000001,0.11999999999999998,0.4679543764422925
0.3000000000000001,0.10999999999999999,0.46794532031052194
0.3000000000000001,0.09999999999999999,0.46793626299155816
0.3000000000000001,0.09,0.4679272044993921
0.3000000000000001,0.08,0.467918144848024
0.3000000000000001,0.07,0.46790908405146286
0.3000000000000001,0.060000000000000005,0.4679000221237273
0.3000000000000001,0.05,0.46789095907884426
0.3000000000000001,0.04,0.4678818949308497
0.3000000000000001,0.03,0.4678728296937879
0.3000000000000001,0.02,0.46786376338171237
0.3000000000000001,0.01,0.4678546960086839
0.3000000000000001,0,0.4678456275887725
0.2900000000000001,1.0000000000000007,0.46875137036300835
0.2900000000000001,0.9900000000000007,0.46874247248072465
0.2900000000000001,0.9800000000000006,0.4687335722284434
0.2900000000000001,0.9700000000000006,0.46872466961889975
0.2900000000000001,0.9600000000000006,0.46871576466484777
0.2900000000000001,0.9500000000000006,0.4687068573790603
0.2900000000000001,0.9400000000000006,0.46869794777432866
0.2900000000000001,0.9300000000000006,0.46868903586346283
0.2900000000000001,0.9200000000000006,0.46868012165929146
0.2900000000000001,0.9100000000000006,0.4686712051746611
0.2900000000000001,0.9000000000000006,0.468662286422437
0.2900000000000001,0.8900000000000006,0.46865336541550234
0.2900000000000001,0.8800000000000006,0.46864444216675855
0.2900000000000001,0.8700000000000006,0.46863551668912473
0.2900000000000001,0.8600000000000005,0.4686265889955381
0.2900000000000001,0.8500000000000005,0.46861765909895364
0.2900000000000001,0.8400000000000005,0.468608727012344
0.2900000000000001,0.8300000000000005,0.46859979274869945
0.2900000000000001,0.8200000000000005,0.4685908563210273
0.2900000000000001,0.8100000000000005,0.468581917742353
0.2900000000000001,0.8000000000000005,0.46857297702571865
0.2900000000000001,0.7900000000000005,0.4685640341841839
0.2900000000000001,0.7800000000000005,0.4685550892308252
0.2900000000000001,0.7700000000000005,0.46854614217873625
0.2900000000000001,0.7600000000000005,0.46853719304102726
0.2900000000000001,0.7500000000000004,0.4685282418308255
0.2900000000000001,0.7400000000000004,0.4685192885612749
0.2900000000000001,0.7300000000000004,0.46851033324553576
0.2900000000000001,0.7200000000000004,0.4685013758967852
0.2900000000000001,0.7100000000000004,0.46849241652821627
0.2900000000000001,0.7000000000000004,0.4684834551530385
0.2900000000000001,0.6900000000000004,0.46847449178447753
0.2900000000000001,0.6800000000000004,0.46846552643577494
0.2900000000000001,0.6700000000000004,0.46845655912018846
0.2900000000000001,0.6600000000000004,0.4684475898509916
0.2900000000000001,0.6500000000000004,0.46843861864147346
0.2900000000000001,0.6400000000000003,0.4684296455049389
0.2900000000000001,0.6300000000000003,0.4684206704547081
0.2900000000000001,0.6200000000000003,0.46841169350411693
0.2900000000000001,0.6100000000000003,0.4684027146665164
0.2900000000000001,0.6000000000000003,0.4683937339552726
0.2900000000000001,0.5900000000000003,0.46838475138376695
0.2900000000000001,0.5800000000000003,0.4683757669653958
0.2900000000000001,0.5700000000000003,0.4683667807135701
0.2900000000000001,0.5600000000000003,0.46835779264171584
0.2900000000000001,0.5500000000000003,0.4683488027632737
0.2900000000000001,0.5400000000000003,0.46833981109169864
0.2900000000000001,0.5300000000000002,0.46833081764046025
0.2900000000000001,0.5200000000000002,0.46832182242304243
0.2900000000000001,0.5100000000000002,0.4683128254529431
0.2900000000000001,0.5000000000000002,0.4683038267436747
0.2900000000000001,0.49000000000000027,0.4682948263087633
0.2900000000000001,0.48000000000000026,0.4682858241617487
0.2900000000000001,0.47000000000000025,0.4682768203161851
0.2900000000000001,0.46000000000000024,0.4682678147856396
0.2900000000000001,0.45000000000000023,0.46825880758369354
0.2900000000000001,0.4400000000000002,0.46824979872394107
0.2900000000000001,0.4300000000000002,0.4682407882199902
0.2900000000000001,0.4200000000000002,0.46823177608546185
0.2900000000000001,0.4100000000000002,0.4682227623339899
0.2900000000000001,0.4000000000000002,0.46821374697922163
0.2900000000000001,0.3900000000000002,0.4682047300348169
0.2900000000000001,0.38000000000000017,0.4681957115144483
0.2900000000000001,0.37000000000000016,0.4681866914318013
0.2900000000000001,0.36000000000000015,0.46817766980057335
0.2900000000000001,0.35000000000000014,0.4681686466344751
0.2900000000000001,0.34000000000000014,0.4681596219472289
0.2900000000000001,0.3300000000000001,0.46815059575256945
0.2900000000000001,0.3200000000000001,0.4681415680642435
0.2900000000000001,0.3100000000000001,0.4681325388960099
0.2900000000000001,0.3000000000000001,0.46812350826163907
0.2900000000000001,0.2900000000000001,0.46811447617491314
0.2900000000000001,0.2800000000000001,0.4681054426496263
0.2900000000000001,0.2700000000000001,0.4680964076995837
0.2900000000000001,0.26000000000000006,0.46808737133860195
0.2900000000000001,0.25000000000000006,0.4680783335805092
0.2900000000000001,0.24000000000000007,0.46806929443914425
0.2900000000000001,0.23000000000000007,0.46806025392835743
0.2900000000000001,0.22000000000000006,0.4680512120620096
0.2900000000000001,0.21000000000000005,0.4680421688539726
0.2900000000000001,0.20000000000000004,0.4680331243181287
0.2900000000000001,0.19000000000000003,0.46802407846837085
0.2900000000000001,0.18000000000000002,0.46801503131860245
0.2900000000000001,0.17,0.4680059828827372
0.2900000000000001,0.16,0.467996933174699
0.2900000000000001,0.15,0.4679878822084215
0.2900000000000001,0.13999999999999999,0.4679788299978487
0.2900000000000001,0.12999999999999998,0.4679697765569341
0.2900000000000001,0.11999999999999998,0.46796072189964116
0.2900000000000001,0.10999999999999999,0.4679516660399428
0.2900000000000001,0.09999999999999999,0.46794260899182144
0.2900000000000001,0.09,0.4679335507692687
0.2900000000000001,0.08,0.46792449138628534
0.2900000000000001,0.07,0.46791543085688175
0.2900000000000001,0.060000000000000005,0.46790636919507667
0.2900000000000001,0.05,0.467897306414898
0.2900000000000001,0.04,0.46788824253038236
0.2900000000000001,0.03,0.4678791775555748
0.2900000000000001,0.02,0.4678701115045291
0.2900000000000001,0.01,0.46786104439130716
0.2900000000000001,0,0.4678519762299793
0.2800000000000001,1.0000000000000007,0.46875768652902305
0.2800000000000001,0.9900000000000007,0.4687487890351297
0.2800000000000001,0.9800000000000006,0.4687398891698818
0.2800000000000001,0.9700000000000006,0.4687309869460166
0.2800000000000001,0.9600000000000006,0.4687220823762902
0.2800000000000001,0.9500000000000006,0.46871317547347774
0.2800000000000001,0.9400000000000006,0.4687042662503722
0.2800000000000001,0.9300000000000006,0.46869535471978596
0.2800000000000001,0.9200000000000006,0.4686864408945493
0.2800000000000001,0.9100000000000006,0.46867752478751107
0.2800000000000001,0.9000000000000006,0.46866860641153835
0.2800000000000001,0.8900000000000006,0.4686596857795163
0.2800000000000001,0.8800000000000006,0.4686507629043483
0.2800000000000001,0.8700000000000006,0.4686418377989554
0.2800000000000001,0.8600000000000005,0.468632910476277
0.2800000000000001,0.8500000000000005,0.46862398094926966
0.2800000000000001,0.8400000000000005,0.46861504923090813
0.2800000000000001,0.8300000000000005,0.46860611533418434
0.2800000000000001,0.8200000000000005,0.46859717927210787
0.2800000000000001,0.8100000000000005,0.46858824105770575
0.2800000000000001,0.8000000000000005,0.4685793007040221
0.2800000000000001,0.7900000000000005,0.4685703582241182
0.2800000000000001,0.7800000000000005,0.4685614136310724
0.2800000000000001,0.7700000000000005,0.46855246693798025
0.2800000000000001,0.7600000000000005,0.4685435181579539
0.2800000000000001,0.7500000000000004,0.4685345673041225
0.2800000000000001,0.7400000000000004,0.4685256143896315
0.2800000000000001,0.7300000000000004,0.46851665942764287
0.2800000000000001,0.7200000000000004,0.46850770243133555
0.2800000000000001,0.7100000000000004,0.4684987434139046
0.2800000000000001,0.7000000000000004,0.468489782388561
0.2800000000000001,0.6900000000000004,0.46848081936853225
0.2800000000000001,0.6800000000000004,0.4684718543670615
0.2800000000000001,0.6700000000000004,0.4684628873974083
0.2800000000000001,0.6600000000000004,0.46845391847284773
0.2800000000000001,0.6500000000000004,0.4684449476066705
0.2800000000000001,0.6400000000000003,0.4684359748121832
0.2800000000000001,0.6300000000000003,0.46842700010270766
0.2800000000000001,0.6200000000000003,0.46841802349158124
0.2800000000000001,0.6100000000000003,0.46840904499215646
0.2800000000000001,0.6000000000000003,0.46840006461780137
0.2800000000000001,0.5900000000000003,0.46839108238189864
0.2800000000000001,0.5800000000000003,0.46838209829784616
0.2800000000000001,0.5700000000000003,0.46837311237905666
0.2800000000000001,0.5600000000000003,0.4683641246389575
0.2800000000000001,0.5500000000000003,0.46835513509099075
0.2800000000000001,0.5400000000000003,0.46834614374861305
0.2800000000000001,0.5300000000000002,0.46833715062529535
0.2800000000000001,0.5200000000000002,0.46832815573452313
0.2800000000000001,0.5100000000000002,0.46831915908979577
0.2800000000000001,0.5000000000000002,0.4683101607046268
0.2800000000000001,0.49000000000000027,0.46830116059254406
0.2800000000000001,0.48000000000000026,0.46829215876708874
0.2800000000000001,0.47000000000000025,0.46828315524181624
0.2800000000000001,0.46000000000000024,0.46827415003029516
0.2800000000000001,0.45000000000000023,0.46826514314610823
0.2800000000000001,0.4400000000000002,0.4682561346028508
0.2800000000000001,0.4300000000000002,0.4682471244141324
0.2800000000000001,0.4200000000000002,0.46823811259357484
0.2800000000000001,0.4100000000000002,0.4682290991548139
0.2800000000000001,0.4000000000000002,0.46822008411149774
0.2800000000000001,0.3900000000000002,0.46821106747728736
0.2800000000000001,0.38000000000000017,0.468202049265857
0.2800000000000001,0.37000000000000016,0.4681930294908929
0.2800000000000001,0.36000000000000015,0.4681840081660942
0.2800000000000001,0.35000000000000014,0.4681749853051725
0.2800000000000001,0.34000000000000014,0.46816596092185125
0.2800000000000001,0.3300000000000001,0.46815693502986644
0.2800000000000001,0.3200000000000001,0.468147907642966
0.2800000000000001,0.3100000000000001,0.4681388787749097
0.2800000000000001,0.3000000000000001,0.46812984843946914
0.2800000000000001,0.2900000000000001,0.4681208166504278
0.2800000000000001,0.2800000000000001,0.4681117834215807
0.2800000000000001,0.2700000000000001,0.46810274876673413
0.2800000000000001,0.26000000000000006,0.46809371269970573
0.2800000000000001,0.25000000000000006,0.4680846752343247
0.2800000000000001,0.24000000000000007,0.4680756363844309
0.2800000000000001,0.23000000000000007,0.46806659616387547
0.2800000000000001,0.22000000000000006,0.4680575545865205
0.2800000000000001,0.21000000000000005,0.4680485116662385
0.2800000000000001,0.20000000000000004,0.46803946741691294
0.2800000000000001,0.19000000000000003,0.4680304218524377
0.2800000000000001,0.18000000000000002,0.4680213749867171
0.2800000000000001,0.17,0.4680123268336654
0.2800000000000001,0.16,0.46800327740720754
0.2800000000000001,0.15,0.4679942267212784
0.2800000000000001,0.13999999999999999,0.46798517478982227
0.2800000000000001,0.12999999999999998,0.4679761216267939
0.2800000000000001,0.11999999999999998,0.46796706724615744
0.2800000000000001,0.10999999999999999,0.4679580116618864
0.2800000000000001,0.09999999999999999,0.4679489548879642
0.2800000000000001,0.09,0.4679398969383831
0.2800000000000001,0.08,0.46793083782714484
0.2800000000000001,0.07,0.4679217775682601
0.2800000000000001,0.060000000000000005,0.4679127161757486
0.2800000000000001,0.05,0.46790365366363895
0.2800000000000001,0.04,0.4678945900459682
0.2800000000000001,0.03,0.46788552533678235
0.2800000000000001,0.02,0.4678764595501356
0.2800000000000001,0.01,0.4678673927000907
0.2800000000000001,0,0.46785832480071826
0.2700000000000001,1.0000000000000007,0.4687640022925836
0.2700000000000001,0.9900000000000007,0.46875510519023095
0.2700000000000001,0.9800000000000006,0.4687462057151699
0.2700000000000001,0.9700000000000006,0.4687373038801395
0.2700000000000001,0.9600000000000006,0.46872839969789837
0.2700000000000001,0.9500000000000006,0.4687194931812229
0.2700000000000001,0.9400000000000006,0.46871058434290885
0.2700000000000001,0.9300000000000006,0.46870167319577016
0.2700000000000001,0.9200000000000006,0.46869275975263935
0.2700000000000001,0.9100000000000006,0.46868384402636704
0.2700000000000001,0.9000000000000006,0.4686749260298224
0.2700000000000001,0.8900000000000006,0.4686660057758926
0.2700000000000001,0.8800000000000006,0.46865708327748284
0.2700000000000001,0.8700000000000006,0.46864815854751624
0.2700000000000001,0.8600000000000005,0.46863923159893395
0.2700000000000001,0.8500000000000005,0.4686303024446945
0.2700000000000001,0.8400000000000005,0.4686213710977747
0.2700000000000001,0.8300000000000005,0.46861243757116805
0.2700000000000001,0.8200000000000005,0.4686035018778863
0.2700000000000001,0.8100000000000005,0.4685945640309581
0.2700000000000001,0.8000000000000005,0.46858562404342957
0.2700000000000001,0.7900000000000005,0.46857668192836377
0.2700000000000001,0.7800000000000005,0.468567737698841
0.2700000000000001,0.7700000000000005,0.4685587913679583
0.2700000000000001,0.7600000000000005,0.46854984294882995
0.2700000000000001,0.7500000000000004,0.4685408924545864
0.2700000000000001,0.7400000000000004,0.4685319398983754
0.2700000000000001,0.7300000000000004,0.4685229852933605
0.2700000000000001,0.7200000000000004,0.46851402865272235
0.2700000000000001,0.7100000000000004,0.4685050699896575
0.2700000000000001,0.7000000000000004,0.46849610931737895
0.2700000000000001,0.6900000000000004,0.4684871466491157
0.2700000000000001,0.6800000000000004,0.46847818199811286
0.2700000000000001,0.6700000000000004,0.46846921537763137
0.2700000000000001,0.6600000000000004,0.46846024680094794
0.2700000000000001,0.6500000000000004,0.46845127628135513
0.2700000000000001,0.6400000000000003,0.4684423038321609
0.2700000000000001,0.6300000000000003,0.46843332946668886
0.2700000000000001,0.6200000000000003,0.468424353198278
0.2700000000000001,0.6100000000000003,0.46841537504028247
0.2700000000000001,0.6000000000000003,0.46840639500607156
0.2700000000000001,0.5900000000000003,0.4683974131090298
0.2700000000000001,0.5800000000000003,0.46838842936255654
0.2700000000000001,0.5700000000000003,0.46837944378006585
0.2700000000000001,0.5600000000000003,0.4683704563749868
0.2700000000000001,0.5500000000000003,0.46836146716076305
0.2700000000000001,0.5400000000000003,0.46835247615085257
0.2700000000000001,0.5300000000000002,0.4683434833587278
0.2700000000000001,0.5200000000000002,0.4683344887978754
0.2700000000000001,0.5100000000000002,0.46832549248179656
0.2700000000000001,0.5000000000000002,0.46831649442400614
0.2700000000000001,0.49000000000000027,0.4683074946380332
0.2700000000000001,0.48000000000000026,0.4682984931374205
0.2700000000000001,0.47000000000000025,0.46828948993572467
0.2700000000000001,0.46000000000000024,0.4682804850465159
0.2700000000000001,0.45000000000000023,0.46827147848337797
0.2700000000000001,0.4400000000000002,0.4682624702599077
0.2700000000000001,0.4300000000000002,0.4682534603897158
0.2700000000000001,0.4200000000000002,0.4682444488864258
0.2700000000000001,0.4100000000000002,0.46823543576367416
0.2700000000000001,0.4000000000000002,0.46822642103511064
0.2700000000000001,0.3900000000000002,0.46821740471439743
0.2700000000000001,0.38000000000000017,0.46820838681521004
0.2700000000000001,0.37000000000000016,0.4681993673512358
0.2700000000000001,0.36000000000000015,0.46819034633617523
0.2700000000000001,0.35000000000000014,0.4681813237837408
0.2700000000000001,0.34000000000000014,0.4681722997076574
0.2700000000000001,0.3300000000000001,0.468163274121662
0.2700000000000001,0.3200000000000001,0.4681542470395037
0.2700000000000001,0.3100000000000001,0.4681452184749436
0.2700000000000001,0.3000000000000001,0.46813618844175425
0.2700000000000001,0.2900000000000001,0.46812715695372004
0.2700000000000001,0.2800000000000001,0.4681181240246372
0.2700000000000001,0.2700000000000001,0.46810908966831305
0.2700000000000001,0.26000000000000006,0.4681000538985664
0.2700000000000001,0.25000000000000006,0.4680910167292271
0.2700000000000001,0.24000000000000007,0.4680819781741364
0.2700000000000001,0.23000000000000007,0.4680729382471463
0.2700000000000001,0.22000000000000006,0.46806389696211975
0.2700000000000001,0.21000000000000005,0.4680548543329303
0.2700000000000001,0.20000000000000004,0.4680458103734623
0.2700000000000001,0.19000000000000003,0.46803676509761055
0.2700000000000001,0.18000000000000002,0.46802771851928016
0.2700000000000001,0.17,0.46801867065238667
0.2700000000000001,0.16,0.46800962151085534
0.2700000000000001,0.15,0.46800057110862214
0.2700000000000001,0.13999999999999999,0.4679915194596324
0.2700000000000001,0.12999999999999998,0.4679824665778413
0.2700000000000001,0.11999999999999998,0.467973412477214
0.2700000000000001,0.10999999999999999,0.4679643571717248
0.2700000000000001,0.09999999999999999,0.46795530067535773
0.2700000000000001,0.09,0.4679462430021059
0.2700000000000001,0.08,0.4679371841659718
0.2700000000000001,0.07,0.4679281241809667
0.2700000000000001,0.060000000000000005,0.4679190630611111
0.2700000000000001,0.05,0.46791000082043416
0.2700000000000001,0.04,0.46790093747297384
0.2700000000000001,0.03,0.46789187303277646
0.2700000000000001,0.02,0.46788280751389694
0.2700000000000001,0.01,0.4678737409303987
0.2700000000000001,0,0.46786467329635295
0.26000000000000006,1.0000000000000007,0.4687703176491529
0.26000000000000006,0.9900000000000007,0.46876142094149026
0.26000000000000006,0.9800000000000006,0.4687525218597682
0.26000000000000006,0.9700000000000006,0.46874362041672796
0.26000000000000006,0.9600000000000006,0.46873471662512983
0.26000000000000006,0.9500000000000006,0.46872581049775275
0.26000000000000006,0.9400000000000006,0.4687169020473942
0.26000000000000006,0.9300000000000006,0.46870799128686996
0.26000000000000006,0.9200000000000006,0.4686990782290147
0.26000000000000006,0.9100000000000006,0.468690162886681
0.26000000000000006,0.9000000000000006,0.46868124527274013
0.26000000000000006,0.8900000000000006,0.46867232540008086
0.26000000000000006,0.8800000000000006,0.4686634032816105
0.26000000000000006,0.8700000000000006,0.4686544789302543
0.26000000000000006,0.8600000000000005,0.46864555235895494
0.26000000000000006,0.8500000000000005,0.46863662358067315
0.26000000000000006,0.8400000000000005,0.46862769260838727
0.26000000000000006,0.8300000000000005,0.4686187594550931
0.26000000000000006,0.8200000000000005,0.468609824133804
0.26000000000000006,0.8100000000000005,0.46860088665755034
0.26000000000000006,0.8000000000000005,0.46859194703938034
0.26000000000000006,0.7900000000000005,0.4685830052923587
0.26000000000000006,0.7800000000000005,0.4685740614295676
0.26000000000000006,0.7700000000000005,0.4685651154641059
0.26000000000000006,0.7600000000000005,0.4685561674090895
0.26000000000000006,0.7500000000000004,0.46854721727765075
0.26000000000000006,0.7400000000000004,0.4685382650829391
0.26000000000000006,0.7300000000000004,0.4685293108381199
0.26000000000000006,0.7200000000000004,0.46852035455637525
0.26000000000000006,0.7100000000000004,0.4685113962509038
0.26000000000000006,0.7000000000000004,0.46850243593492
0.26000000000000006,0.6900000000000004,0.46849347362165467
0.26000000000000006,0.6800000000000004,0.4684845093243544
0.26000000000000006,0.6700000000000004,0.46847554305628186
0.26000000000000006,0.6600000000000004,0.46846657483071547
0.26000000000000006,0.6500000000000004,0.46845760466094943
0.26000000000000006,0.6400000000000003,0.46844863256029323
0.26000000000000006,0.6300000000000003,0.46843965854207203
0.26000000000000006,0.6200000000000003,0.46843068261962645
0.26000000000000006,0.6100000000000003,0.46842170480631223
0.26000000000000006,0.6000000000000003,0.46841272511550025
0.26000000000000006,0.5900000000000003,0.46840374356057635
0.26000000000000006,0.5800000000000003,0.46839476015494164
0.26000000000000006,0.5700000000000003,0.4683857749120116
0.26000000000000006,0.5600000000000003,0.4683767878452169
0.26000000000000006,0.5500000000000003,0.4683677989680025
0.26000000000000006,0.5400000000000003,0.46835880829382787
0.26000000000000006,0.5300000000000002,0.4683498158361669
0.26000000000000006,0.5200000000000002,0.46834082160850793
0.26000000000000006,0.5100000000000002,0.4683318256243532
0.26000000000000006,0.5000000000000002,0.4683228278972192
0.26000000000000006,0.49000000000000027,0.4683138284406362
0.26000000000000006,0.48000000000000026,0.4683048272681486
0.26000000000000006,0.47000000000000025,0.46829582439331413
0.26000000000000006,0.46000000000000024,0.46828681982970444
0.26000000000000006,0.45000000000000023,0.4682778135909043
0.26000000000000006,0.4400000000000002,0.46826880569051255
0.26000000000000006,0.4300000000000002,0.4682597961421406
0.26000000000000006,0.4200000000000002,0.46825078495941325
0.26000000000000006,0.4100000000000002,0.4682417721559686
0.26000000000000006,0.4000000000000002,0.4682327577454573
0.26000000000000006,0.3900000000000002,0.46822374174154313
0.26000000000000006,0.38000000000000017,0.46821472415790233
0.26000000000000006,0.37000000000000016,0.4682057050082239
0.26000000000000006,0.36000000000000015,0.46819668430620925
0.26000000000000006,0.35000000000000014,0.46818766206557205
0.26000000000000006,0.34000000000000014,0.4681786383000384
0.26000000000000006,0.3300000000000001,0.46816961302334653
0.26000000000000006,0.3200000000000001,0.46816058624924645
0.26000000000000006,0.3100000000000001,0.46815155799150027
0.26000000000000006,0.3000000000000001,0.46814252826388186
0.26000000000000006,0.2900000000000001,0.46813349708017665
0.26000000000000006,0.2800000000000001,0.4681244644541816
0.26000000000000006,0.2700000000000001,0.4681154303997055
0.26000000000000006,0.26000000000000006,0.4681063949305679
0.26000000000000006,0.25000000000000006,0.46809735806059977
0.26000000000000006,0.24000000000000007,0.46808831980364324
0.26000000000000006,0.23000000000000007,0.46807928017355144
0.26000000000000006,0.22000000000000006,0.46807023918418794
0.26000000000000006,0.21000000000000005,0.46806119684942765
0.26000000000000006,0.20000000000000004,0.4680521531831556
0.26000000000000006,0.19000000000000003,0.46804310819926737
0.26000000000000006,0.18000000000000002,0.4680340619116692
0.26000000000000006,0.17,0.46802501433427723
0.26000000000000006,0.16,0.468015965481018
0.26000000000000006,0.15,0.4680069153658277
0.26000000000000006,0.13999999999999999,0.467997864002653
0.26000000000000006,0.12999999999999998,0.46798881140544946
0.26000000000000006,0.11999999999999998,0.46797975758818333
0.26000000000000006,0.10999999999999999,0.46797070256482953
0.26000000000000006,0.09999999999999999,0.4679616463493728
0.26000000000000006,0.09,0.46795258895580716
0.26000000000000006,0.08,0.4679435303981354
0.26000000000000006,0.07,0.4679344706903699
0.26000000000000006,0.060000000000000005,0.46792540984653175
0.26000000000000006,0.05,0.4679163478806505
0.26000000000000006,0.04,0.46790728480676513
0.26000000000000006,0.03,0.46789822063892234
0.26000000000000006,0.02,0.46788915539117765
0.26000000000000006,0.01,0.4678800890775949
0.26000000000000006,0,0.4678710217122462
0.25000000000000006,1.0000000000000007,0.46877663259419383
0.25000000000000006,0.9900000000000007,0.4687677362843692
0.25000000000000006,0.9800000000000006,0.46875883759913717
0.25000000000000006,0.9700000000000006,0.4687499365512411
0.25000000000000006,0.9600000000000006,0.46874103315344307
0.25000000000000006,0.9500000000000006,0.46873212741852405
0.25000000000000006,0.9400000000000006,0.4687232193592836
0.25000000000000006,0.9300000000000006,0.46871430898853966
0.25000000000000006,0.9200000000000006,0.46870539631912855
0.25000000000000006,0.9100000000000006,0.46869648136390496
0.25000000000000006,0.9000000000000006,0.468687564135742
0.25000000000000006,0.8900000000000006,0.4686786446475305
0.25000000000000006,0.8800000000000006,0.4686697229121798
0.25000000000000006,0.8700000000000006,0.4686607989426166
0.25000000000000006,0.8600000000000005,0.4686518727517859
0.25000000000000006,0.8500000000000005,0.46864294435265014
0.25000000000000006,0.8400000000000005,0.4686340137581895
0.25000000000000006,0.8300000000000005,0.46862508098140176
0.25000000000000006,0.8200000000000005,0.46861614603530194
0.25000000000000006,0.8100000000000005,0.4686072089329225
0.25000000000000006,0.8000000000000005,0.4685982696873131
0.25000000000000006,0.7900000000000005,0.4685893283115406
0.25000000000000006,0.7800000000000005,0.4685803848186888
0.25000000000000006,0.7700000000000005,0.4685714392218583
0.25000000000000006,0.7600000000000005,0.46856249153416685
0.25000000000000006,0.7500000000000004,0.4685535417687486
0.25000000000000006,0.7400000000000004,0.46854458993875436
0.25000000000000006,0.7300000000000004,0.4685356360573517
0.25000000000000006,0.7200000000000004,0.4685266801377243
0.25000000000000006,0.7100000000000004,0.46851772219307214
0.25000000000000006,0.7000000000000004,0.46850876223661175
0.25000000000000006,0.6900000000000004,0.46849980028157545
0.25000000000000006,0.6800000000000004,0.46849083634121164
0.25000000000000006,0.6700000000000004,0.46848187042878425
0.25000000000000006,0.6600000000000004,0.4684729025575738
0.25000000000000006,0.6500000000000004,0.4684639327408756
0.25000000000000006,0.6400000000000003,0.46845496099200107
0.25000000000000006,0.6300000000000003,0.468445987324277
0.25000000000000006,0.6200000000000003,0.4684370117510454
0.25000000000000006,0.6100000000000003,0.4684280342856636
0.25000000000000006,0.6000000000000003,0.46841905494150393
0.25000000000000006,0.5900000000000003,0.468410073731954
0.25000000000000006,0.5800000000000003,0.4684010906704161
0.25000000000000006,0.5700000000000003,0.4683921057703076
0.25000000000000006,0.5600000000000003,0.46838311904506025
0.25000000000000006,0.5500000000000003,0.46837413050812055
0.25000000000000006,0.5400000000000003,0.46836514017294956
0.25000000000000006,0.5300000000000002,0.4683561480530226
0.25000000000000006,0.5200000000000002,0.4683471541618292
0.25000000000000006,0.5100000000000002,0.46833815851287325
0.25000000000000006,0.5000000000000002,0.46832916111967254
0.25000000000000006,0.49000000000000027,0.46832016199575877
0.25000000000000006,0.48000000000000026,0.46831116115467747
0.25000000000000006,0.47000000000000025,0.4683021586099879
0.25000000000000006,0.46000000000000024,0.468293154375263
0.25000000000000006,0.45000000000000023,0.46828414846408906
0.25000000000000006,0.4400000000000002,0.46827514089006567
0.25000000000000006,0.4300000000000002,0.468266131666806
0.25000000000000006,0.4200000000000002,0.46825712080793597
0.25000000000000006,0.4100000000000002,0.4682481083270948
0.25000000000000006,0.4000000000000002,0.46823909423793464
0.25000000000000006,0.3900000000000002,0.46823007855412013
0.25000000000000006,0.38000000000000017,0.4682210612893289
0.25000000000000006,0.37000000000000016,0.4682120424572511
0.25000000000000006,0.36000000000000015,0.4682030220715894
0.25000000000000006,0.35000000000000014,0.4681940001460585
0.25000000000000006,0.34000000000000014,0.4681849766943857
0.25000000000000006,0.3300000000000001,0.4681759517303102
0.25000000000000006,0.3200000000000001,0.4681669252675832
0.25000000000000006,0.3100000000000001,0.468157897319968
0.25000000000000006,0.3000000000000001,0.4681488679012393
0.25000000000000006,0.2900000000000001,0.4681398370251839
0.25000000000000006,0.2800000000000001,0.4681308047055996
0.25000000000000006,0.2700000000000001,0.4681217709562961
0.25000000000000006,0.26000000000000006,0.46811273579109414
0.25000000000000006,0.25000000000000006,0.4681036992238255
0.25000000000000006,0.24000000000000007,0.46809466126833343
0.25000000000000006,0.23000000000000007,0.4680856219384719
0.25000000000000006,0.22000000000000006,0.4680765812481056
0.25000000000000006,0.21000000000000005,0.46806753921111
0.25000000000000006,0.20000000000000004,0.46805849584137127
0.25000000000000006,0.19000000000000003,0.46804945115278584
0.25000000000000006,0.18000000000000002,0.468040405159261
0.25000000000000006,0.17,0.46803135787471334
0.25000000000000006,0.16,0.4680223093130703
0.25000000000000006,0.15,0.46801325948826933
0.25000000000000006,0.13999999999999999,0.46800420841425733
0.25000000000000006,0.12999999999999998,0.4679951561049911
0.25000000000000006,0.11999999999999998,0.46798610257443723
0.25000000000000006,0.10999999999999999,0.46797704783657157
0.25000000000000006,0.09999999999999999,0.46796799190537963
0.25000000000000006,0.09,0.46795893479485606
0.25000000000000006,0.08,0.4679498765190045
0.25000000000000006,0.07,0.4679408170918377
0.25000000000000006,0.060000000000000005,0.4679317565273777
0.25000000000000006,0.05,0.4679226948396546
0.25000000000000006,0.04,0.46791363204270764
0.25000000000000006,0.03,0.4679045681505846
0.25000000000000006,0.02,0.4678955031773416
0.25000000000000006,0.01,0.4678864371370427
0.25000000000000006,0,0.46787737004376073
0.24000000000000007,1.0000000000000007,0.4687829471231697
0.24000000000000007,0.9900000000000007,0.4687740512143297
0.24000000000000007,0.9800000000000006,0.4687651529287375
0.24000000000000007,0.9700000000000006,0.46875625227913803
0.24000000000000007,0.9600000000000006,0.46874734927829587
0.24000000000000007,0.9500000000000006,0.46873844393899367
0.24000000000000007,0.9400000000000006,0.46872953627403285
0.24000000000000007,0.9300000000000006,0.46872062629623346
0.24000000000000007,0.9200000000000006,0.4687117140184339
0.24000000000000007,0.9100000000000006,0.4687027994534908
0.24000000000000007,0.9000000000000006,0.46869388261427886
0.24000000000000007,0.8900000000000006,0.4686849635136911
0.24000000000000007,0.8800000000000006,0.46867604216463865
0.24000000000000007,0.8700000000000006,0.4686671185800502
0.24000000000000007,0.8600000000000005,0.46865819277287263
0.24000000000000007,0.8500000000000005,0.46864926475607016
0.24000000000000007,0.8400000000000005,0.4686403345426249
0.24000000000000007,0.8300000000000005,0.4686314021455362
0.24000000000000007,0.8200000000000005,0.4686224675778214
0.24000000000000007,0.8100000000000005,0.46861353085251445
0.24000000000000007,0.8000000000000005,0.46860459198266685
0.24000000000000007,0.7900000000000005,0.46859565098134726
0.24000000000000007,0.7800000000000005,0.4685867078616411
0.24000000000000007,0.7700000000000005,0.46857776263665096
0.24000000000000007,0.7600000000000005,0.46856881531949623
0.24000000000000007,0.7500000000000004,0.4685598659233128
0.24000000000000007,0.7400000000000004,0.4685509144612533
0.24000000000000007,0.7300000000000004,0.46854196094648687
0.24000000000000007,0.7200000000000004,0.46853300539219883
0.24000000000000007,0.7100000000000004,0.4685240478115911
0.24000000000000007,0.7000000000000004,0.46851508821788157
0.24000000000000007,0.6900000000000004,0.46850612662430446
0.24000000000000007,0.6800000000000004,0.4684971630441095
0.24000000000000007,0.6700000000000004,0.46848819749056264
0.24000000000000007,0.6600000000000004,0.4684792299769455
0.24000000000000007,0.6500000000000004,0.4684702605165556
0.24000000000000007,0.6400000000000003,0.4684612891227055
0.24000000000000007,0.6300000000000003,0.46845231580872365
0.24000000000000007,0.6200000000000003,0.46844334058795356
0.24000000000000007,0.6100000000000003,0.46843436347375417
0.24000000000000007,0.6000000000000003,0.46842538447949933
0.24000000000000007,0.5900000000000003,0.46841640361857817
0.24000000000000007,0.5800000000000003,0.4684074209043945
0.24000000000000007,0.5700000000000003,0.468398436350367
0.24000000000000007,0.5600000000000003,0.468389449969929
0.24000000000000007,0.5500000000000003,0.4683804617765284
0.24000000000000007,0.5400000000000003,0.46837147178362787
0.24000000000000007,0.5300000000000002,0.4683624800047038
0.24000000000000007,0.5200000000000002,0.46835348645324754
0.24000000000000007,0.5100000000000002,0.4683444911427639
0.24000000000000007,0.5000000000000002,0.4683354940867724
0.24000000000000007,0.49000000000000027,0.4683264952988059
0.24000000000000007,0.48000000000000026,0.4683174947924113
0.24000000000000007,0.47000000000000025,0.4683084925811493
0.24000000000000007,0.46000000000000024,0.4682994886785941
0.24000000000000007,0.45000000000000023,0.46829048309833304
0.24000000000000007,0.4400000000000002,0.4682814758539674
0.24000000000000007,0.4300000000000002,0.46827246695911134
0.24000000000000007,0.4200000000000002,0.4682634564273921
0.24000000000000007,0.4100000000000002,0.4682544442724501
0.24000000000000007,0.4000000000000002,0.46824543050793865
0.24000000000000007,0.3900000000000002,0.4682364151475237
0.24000000000000007,0.38000000000000017,0.46822739820488396
0.24000000000000007,0.37000000000000016,0.4682183796937109
0.24000000000000007,0.36000000000000015,0.46820935962770804
0.24000000000000007,0.35000000000000014,0.4682003380205915
0.24000000000000007,0.34000000000000014,0.46819131488608956
0.24000000000000007,0.3300000000000001,0.4681822902379425
0.24000000000000007,0.3200000000000001,0.4681732640899028
0.24000000000000007,0.3100000000000001,0.4681642364557345
0.24000000000000007,0.3000000000000001,0.46815520734921373
0.24000000000000007,0.2900000000000001,0.46814617678412795
0.24000000000000007,0.2800000000000001,0.46813714477427615
0.24000000000000007,0.2700000000000001,0.46812811133346904
0.24000000000000007,0.26000000000000006,0.4681190764755283
0.24000000000000007,0.25000000000000006,0.46811004021428676
0.24000000000000007,0.24000000000000007,0.46810100256358855
0.24000000000000007,0.23000000000000007,0.4680919635372885
0.24000000000000007,0.22000000000000006,0.4680829231492523
0.24000000000000007,0.21000000000000005,0.4680738814133563
0.24000000000000007,0.20000000000000004,0.4680648383434876
0.24000000000000007,0.19000000000000003,0.4680557939535435
0.24000000000000007,0.18000000000000002,0.4680467482574318
0.24000000000000007,0.17,0.4680377012690704
0.24000000000000007,0.16,0.46802865300238744
0.24000000000000007,0.15,0.468019603471321
0.24000000000000007,0.13999999999999999,0.4680105526898187
0.24000000000000007,0.12999999999999998,0.46800150067183827
0.24000000000000007,0.11999999999999998,0.46799244743134705
0.24000000000000007,0.10999999999999999,0.4679833929823216
0.24000000000000007,0.09999999999999999,0.4679743373387481
0.24000000000000007,0.09,0.4679652805146217
0.24000000000000007,0.08,0.46795622252394714
0.24000000000000007,0.07,0.4679471633807375
0.24000000000000007,0.060000000000000005,0.4679381030990154
0.24000000000000007,0.05,0.4679290416928119
0.24000000000000007,0.04,0.46791997917616657
0.24000000000000007,0.03,0.4679109155631278
0.24000000000000007,0.02,0.4679018508677523
0.24000000000000007,0.01,0.4678927851041048
0.24000000000000007,0,0.46788371828625847
0.23000000000000007,1.0000000000000007,0.46878926123154313
0.23000000000000007,0.9900000000000007,0.46878036572683357
0.23000000000000007,0.9800000000000006,0.46877146784402934
0.23000000000000007,0.9700000000000006,0.46876256759587825
0.23000000000000007,0.9600000000000006,0.46875366499514626
0.23000000000000007,0.9500000000000006,0.46874476005461807
0.23000000000000007,0.9400000000000006,0.46873585278709734
0.23000000000000007,0.9300000000000006,0.46872694320540575
0.23000000000000007,0.9200000000000006,0.4687180313223838
0.23000000000000007,0.9100000000000006,0.46870911715089003
0.23000000000000007,0.9000000000000006,0.46870020070380114
0.23000000000000007,0.8900000000000006,0.46869128199401194
0.23000000000000007,0.8800000000000006,0.4686823610344354
0.23000000000000007,0.8700000000000006,0.46867343783800225
0.23000000000000007,0.8600000000000005,0.4686645124176609
0.23000000000000007,0.8500000000000005,0.46865558478637775
0.23000000000000007,0.8400000000000005,0.46864665495713675
0.23000000000000007,0.8300000000000005,0.46863772294293904
0.23000000000000007,0.8200000000000005,0.4686287887568034
0.23000000000000007,0.8100000000000005,0.468619852411766
0.23000000000000007,0.8000000000000005,0.46861091392088006
0.23000000000000007,0.7900000000000005,0.4686019732972158
0.23000000000000007,0.7800000000000005,0.4685930305538608
0.23000000000000007,0.7700000000000005,0.468584085703919
0.23000000000000007,0.7600000000000005,0.46857513876051166
0.23000000000000007,0.7500000000000004,0.4685661897367765
0.23000000000000007,0.7400000000000004,0.4685572386458677
0.23000000000000007,0.7300000000000004,0.46854828550095595
0.23000000000000007,0.7200000000000004,0.46853933031522854
0.23000000000000007,0.7100000000000004,0.468530373101889
0.23000000000000007,0.7000000000000004,0.46852141387415686
0.23000000000000007,0.6900000000000004,0.4685124526452677
0.23000000000000007,0.6800000000000004,0.4685034894284732
0.23000000000000007,0.6700000000000004,0.4684945242370408
0.23000000000000007,0.6600000000000004,0.4684855570842538
0.23000000000000007,0.6500000000000004,0.4684765879834111
0.23000000000000007,0.6400000000000003,0.46846761694782707
0.23000000000000007,0.6300000000000003,0.4684586439908314
0.23000000000000007,0.6200000000000003,0.4684496691257694
0.23000000000000007,0.6100000000000003,0.46844069236600144
0.23000000000000007,0.6000000000000003,0.46843171372490294
0.23000000000000007,0.5900000000000003,0.46842273321586425
0.23000000000000007,0.5800000000000003,0.46841375085229103
0.23000000000000007,0.5700000000000003,0.46840476664760305
0.23000000000000007,0.5600000000000003,0.46839578061523546
0.23000000000000007,0.5500000000000003,0.46838679276863737
0.23000000000000007,0.5400000000000003,0.46837780312127264
0.23000000000000007,0.5300000000000002,0.46836881168661965
0.23000000000000007,0.5200000000000002,0.46835981847817065
0.23000000000000007,0.5100000000000002,0.46835082350943213
0.23000000000000007,0.5000000000000002,0.4683418267939246
0.23000000000000007,0.49000000000000027,0.46833282834518253
0.23000000000000007,0.48000000000000026,0.46832382817675416
0.23000000000000007,0.47000000000000025,0.4683148263022013
0.23000000000000007,0.46000000000000024,0.46830582273509946
0.23000000000000007,0.45000000000000023,0.46829681748903756
0.23000000000000007,0.4400000000000002,0.4682878105776177
0.23000000000000007,0.4300000000000002,0.46827880201445554
0.23000000000000007,0.4200000000000002,0.4682697918131797
0.23000000000000007,0.4100000000000002,0.46826077998743143
0.23000000000000007,0.4000000000000002,0.46825176655086553
0.23000000000000007,0.3900000000000002,0.46824275151714895
0.23000000000000007,0.38000000000000017,0.46823373489996184
0.23000000000000007,0.37000000000000016,0.4682247167129963
0.23000000000000007,0.36000000000000015,0.4682156969699575
0.23000000000000007,0.35000000000000014,0.4682066756845625
0.23000000000000007,0.34000000000000014,0.46819765287054055
0.23000000000000007,0.3300000000000001,0.4681886285416332
0.23000000000000007,0.3200000000000001,0.46817960271159387
0.23000000000000007,0.3100000000000001,0.46817057539418766
0.23000000000000007,0.3000000000000001,0.46816154660319176
0.23000000000000007,0.2900000000000001,0.4681525163523946
0.23000000000000007,0.2800000000000001,0.46814348465559635
0.23000000000000007,0.2700000000000001,0.4681344515266085
0.23000000000000007,0.26000000000000006,0.46812541697925364
0.23000000000000007,0.25000000000000006,0.4681163810273659
0.23000000000000007,0.24000000000000007,0.46810734368478985
0.23000000000000007,0.23000000000000007,0.46809830496538163
0.23000000000000007,0.22000000000000006,0.4680892648830078
0.23000000000000007,0.21000000000000005,0.4680802234515453
0.23000000000000007,0.20000000000000004,0.4680711806848824
0.23000000000000007,0.19000000000000003,0.468062136596917
0.23000000000000007,0.18000000000000002,0.46805309120155797
0.23000000000000007,0.17,0.4680440445127239
0.23000000000000007,0.16,0.46803499654434366
0.23000000000000007,0.15,0.46802594731035607
0.23000000000000007,0.13999999999999999,0.4680168968247097
0.23000000000000007,0.12999999999999998,0.46800784510136306
0.23000000000000007,0.11999999999999998,0.467998792154284
0.23000000000000007,0.10999999999999999,0.46798973799744986
0.23000000000000007,0.09999999999999999,0.4679806826448475
0.23000000000000007,0.09,0.46797162611047294
0.23000000000000007,0.08,0.467962568408331
0.23000000000000007,0.07,0.46795350955243625
0.23000000000000007,0.060000000000000005,0.46794444955681136
0.23000000000000007,0.05,0.467935388435488
0.23000000000000007,0.04,0.4679263262025065
0.23000000000000007,0.03,0.46791726287191576
0.23000000000000007,0.02,0.467908198457773
0.23000000000000007,0.01,0.4678991329741435
0.23000000000000007,0,0.4678900664351009
0.22000000000000006,1.0000000000000007,0.46879557491477736
0.22000000000000006,0.9900000000000007,0.46878667981734223
0.22000000000000006,0.9800000000000006,0.46877778234047357
0.22000000000000006,0.9700000000000006,0.4687688824969208
0.22000000000000006,0.9600000000000006,0.4687599802994521
0.22000000000000006,0.9500000000000006,0.46875107576085423
0.22000000000000006,0.9400000000000006,0.46874216889393244
0.22000000000000006,0.9300000000000006,0.4687332597115108
0.22000000000000006,0.9200000000000006,0.46872434822643144
0.22000000000000006,0.9100000000000006,0.4687154344515548
0.22000000000000006,0.9000000000000006,0.46870651839975946
0.22000000000000006,0.8900000000000006,0.46869760008394235
0.22000000000000006,0.8800000000000006,0.46868867951701804
0.22000000000000006,0.8700000000000006,0.46867975671191936
0.22000000000000006,0.8600000000000005,0.46867083168159646
0.22000000000000006,0.8500000000000005,0.4686619044390177
0.22000000000000006,0.8400000000000005,0.4686529749971684
0.22000000000000006,0.8300000000000005,0.468644043369052
0.22000000000000006,0.8200000000000005,0.4686351095676889
0.22000000000000006,0.8100000000000005,0.468626173606117
0.22000000000000006,0.8000000000000005,0.4686172354973915
0.22000000000000006,0.7900000000000005,0.46860829525458414
0.22000000000000006,0.7800000000000005,0.4685993528907842
0.22000000000000006,0.7700000000000005,0.4685904084190977
0.22000000000000006,0.7600000000000005,0.4685814618526473
0.22000000000000006,0.7500000000000004,0.46857251320457227
0.22000000000000006,0.7400000000000004,0.468563562488029
0.22000000000000006,0.7300000000000004,0.4685546097161895
0.22000000000000006,0.7200000000000004,0.46854565490224287
0.22000000000000006,0.7100000000000004,0.46853669805939413
0.22000000000000006,0.7000000000000004,0.46852773920086455
0.22000000000000006,0.6900000000000004,0.46851877833989136
0.22000000000000006,0.6800000000000004,0.46850981548972775
0.22000000000000006,0.6700000000000004,0.46850085066364283
0.22000000000000006,0.6600000000000004,0.46849188387492136
0.22000000000000006,0.6500000000000004,0.4684829151368639
0.22000000000000006,0.6400000000000003,0.4684739444627863
0.22000000000000006,0.6300000000000003,0.4684649718660199
0.22000000000000006,0.6200000000000003,0.4684559973599114
0.22000000000000006,0.6100000000000003,0.46844702095782265
0.22000000000000006,0.6000000000000003,0.4684380426731307
0.22000000000000006,0.5900000000000003,0.46842906251922745
0.22000000000000006,0.5800000000000003,0.4684200805095196
0.22000000000000006,0.5700000000000003,0.46841109665742886
0.22000000000000006,0.5600000000000003,0.4684021109763915
0.22000000000000006,0.5500000000000003,0.46839312347985806
0.22000000000000006,0.5400000000000003,0.46838413418129415
0.22000000000000006,0.5300000000000002,0.4683751430941791
0.22000000000000006,0.5200000000000002,0.4683661502320066
0.22000000000000006,0.5100000000000002,0.4683571556082846
0.22000000000000006,0.5000000000000002,0.46834815923653494
0.22000000000000006,0.49000000000000027,0.46833916113029345
0.22000000000000006,0.48000000000000026,0.4683301613031096
0.22000000000000006,0.47000000000000025,0.46832115976854644
0.22000000000000006,0.46000000000000024,0.468312156540181
0.22000000000000006,0.45000000000000023,0.468303151631603
0.22000000000000006,0.4400000000000002,0.46829414505641637
0.22000000000000006,0.4300000000000002,0.4682851368282375
0.22000000000000006,0.4200000000000002,0.4682761269606963
0.22000000000000006,0.4100000000000002,0.4682671154674357
0.22000000000000006,0.4000000000000002,0.46825810236211096
0.22000000000000006,0.3900000000000002,0.4682490876583909
0.22000000000000006,0.38000000000000017,0.46824007136995616
0.22000000000000006,0.37000000000000016,0.46823105351050043
0.22000000000000006,0.36000000000000015,0.4682220340937297
0.22000000000000006,0.35000000000000014,0.46821301313336233
0.22000000000000006,0.34000000000000014,0.4682039906431286
0.22000000000000006,0.3300000000000001,0.4681949666367712
0.22000000000000006,0.3200000000000001,0.4681859411280444
0.22000000000000006,0.3100000000000001,0.46817691413071466
0.22000000000000006,0.3000000000000001,0.46816788565855966
0.22000000000000006,0.2900000000000001,0.4681588557253693
0.22000000000000006,0.2800000000000001,0.4681498243449446
0.22000000000000006,0.2700000000000001,0.46814079153109783
0.22000000000000006,0.26000000000000006,0.46813175729765283
0.22000000000000006,0.25000000000000006,0.46812272165844443
0.22000000000000006,0.24000000000000007,0.4681136846273184
0.22000000000000006,0.23000000000000007,0.46810464621813147
0.22000000000000006,0.22000000000000006,0.468095606444751
0.22000000000000006,0.21000000000000005,0.46808656532105525
0.22000000000000006,0.20000000000000004,0.46807752286093285
0.22000000000000006,0.19000000000000003,0.468068479078283
0.22000000000000006,0.18000000000000002,0.4680594339870149
0.22000000000000006,0.17,0.4680503876010483
0.22000000000000006,0.16,0.46804133993431274
0.22000000000000006,0.15,0.4680322910007477
0.22000000000000006,0.13999999999999999,0.4680232408143027
0.22000000000000006,0.12999999999999998,0.46801418938893674
0.22000000000000006,0.11999999999999998,0.46800513673861854
0.22000000000000006,0.10999999999999999,0.4679960828773261
0.22000000000000006,0.09999999999999999,0.4679870278190469
0.22000000000000006,0.09,0.46797797157777754
0.22000000000000006,0.08,0.4679689141675238
0.22000000000000006,0.07,0.46795985560230047
0.22000000000000006,0.060000000000000005,0.467950795896131
0.22000000000000006,0.05,0.4679417350630477
0.22000000000000006,0.04,0.4679326731170915
0.22000000000000006,0.03,0.46792361007231165
0.22000000000000006,0.02,0.467914545942766
0.22000000000000006,0.01,0.4679054807425204
0.22000000000000006,0,0.46789641448564906
0.21000000000000005,1.0000000000000007,0.4688018881683355
0.21000000000000005,0.9900000000000007,0.46879299348131775
0.21000000000000005,0.9800000000000006,0.46878409641353036
0.21000000000000005,0.9700000000000006,0.468775196977725
0.21000000000000005,0.9600000000000006,0.46876629518667157
0.21000000000000005,0.9500000000000006,0.4687573910531587
0.21000000000000005,0.9400000000000006,0.46874848458999385
0.21000000000000005,0.9300000000000006,0.4687395758100028
0.21000000000000005,0.9200000000000006,0.4687306647260296
0.21000000000000005,0.9100000000000006,0.46872175135093663
0.21000000000000005,0.9000000000000006,0.46871283569760447
0.21000000000000005,0.8900000000000006,0.46870391777893167
0.21000000000000005,0.8800000000000006,0.4686949976078349
0.21000000000000005,0.8700000000000006,0.4686860751972486
0.21000000000000005,0.8600000000000005,0.46867715056012504
0.21000000000000005,0.8500000000000005,0.468668223709434
0.21000000000000005,0.8400000000000005,0.46865929465816314
0.21000000000000005,0.8300000000000005,0.4686503634193173
0.21000000000000005,0.8200000000000005,0.46864143000591885
0.21000000000000005,0.8100000000000005,0.46863249443100724
0.21000000000000005,0.8000000000000005,0.4686235567076395
0.21000000000000005,0.7900000000000005,0.4686146168488894
0.21000000000000005,0.7800000000000005,0.46860567486784754
0.21000000000000005,0.7700000000000005,0.46859673077762193
0.21000000000000005,0.7600000000000005,0.4685877845913367
0.21000000000000005,0.7500000000000004,0.46857883632213315
0.21000000000000005,0.7400000000000004,0.46856988598316895
0.21000000000000005,0.7300000000000004,0.4685609335876181
0.21000000000000005,0.7200000000000004,0.4685519791486711
0.21000000000000005,0.7100000000000004,0.46854302267953485
0.21000000000000005,0.7000000000000004,0.46853406419343185
0.21000000000000005,0.6900000000000004,0.46852510370360134
0.21000000000000005,0.6800000000000004,0.46851614122329777
0.21000000000000005,0.6700000000000004,0.46850717676579207
0.21000000000000005,0.6600000000000004,0.46849821034437056
0.21000000000000005,0.6500000000000004,0.46848924197233516
0.21000000000000005,0.6400000000000003,0.46848027166300343
0.21000000000000005,0.6300000000000003,0.4684712994297081
0.21000000000000005,0.6200000000000003,0.4684623252857975
0.21000000000000005,0.6100000000000003,0.4684533492446349
0.21000000000000005,0.6000000000000003,0.46844437131959876
0.21000000000000005,0.5900000000000003,0.4684353915240825
0.21000000000000005,0.5800000000000003,0.4684264098714943
0.21000000000000005,0.5700000000000003,0.4684174263752572
0.21000000000000005,0.5600000000000003,0.46840844104880897
0.21000000000000005,0.5500000000000003,0.4683994539056016
0.21000000000000005,0.5400000000000003,0.46839046495910186
0.21000000000000005,0.5300000000000002,0.4683814742227905
0.21000000000000005,0.5200000000000002,0.4683724817101629
0.21000000000000005,0.5100000000000002,0.46836348743472794
0.21000000000000005,0.5000000000000002,0.468354491410009
0.21000000000000005,0.49000000000000027,0.4683454936495431
0.21000000000000005,0.48000000000000026,0.46833649416688106
0.21000000000000005,0.47000000000000025,0.46832749297558735
0.21000000000000005,0.46000000000000024,0.4683184900892399
0.21000000000000005,0.45000000000000023,0.46830948552143015
0.21000000000000005,0.4400000000000002,0.46830047928576274
0.21000000000000005,0.4300000000000002,0.46829147139585564
0.21000000000000005,0.4200000000000002,0.4682824618653399
0.21000000000000005,0.4100000000000002,0.4682734507078593
0.21000000000000005,0.4000000000000002,0.46826443793707073
0.21000000000000005,0.3900000000000002,0.4682554235666438
0.21000000000000005,0.38000000000000017,0.4682464076102606
0.21000000000000005,0.37000000000000016,0.46823739008161575
0.21000000000000005,0.36000000000000015,0.46822837099441644
0.21000000000000005,0.35000000000000014,0.46821935036238205
0.21000000000000005,0.34000000000000014,0.4682103281992438
0.21000000000000005,0.3300000000000001,0.4682013045187455
0.21000000000000005,0.3200000000000001,0.4681922793346425
0.21000000000000005,0.3100000000000001,0.4681832526607022
0.21000000000000005,0.3000000000000001,0.4681742245107035
0.21000000000000005,0.2900000000000001,0.4681651948984371
0.21000000000000005,0.2800000000000001,0.4681561638377049
0.21000000000000005,0.2700000000000001,0.4681471313423205
0.21000000000000005,0.26000000000000006,0.4681380974261083
0.21000000000000005,0.25000000000000006,0.4681290621029041
0.21000000000000005,0.24000000000000007,0.46812002538655456
0.21000000000000005,0.23000000000000007,0.4681109872909174
0.21000000000000005,0.22000000000000006,0.46810194782986086
0.21000000000000005,0.21000000000000005,0.46809290701726397
0.21000000000000005,0.20000000000000004,0.4680838648670163
0.21000000000000005,0.19000000000000003,0.4680748213930176
0.21000000000000005,0.18000000000000002,0.4680657766091782
0.21000000000000005,0.17,0.4680567305294184
0.21000000000000005,0.16,0.4680476831676686
0.21000000000000005,0.15,0.46803863453786887
0.21000000000000005,0.13999999999999999,0.4680295846539696
0.21000000000000005,0.12999999999999998,0.4680205335299306
0.21000000000000005,0.11999999999999998,0.468011481179721
0.21000000000000005,0.10999999999999999,0.4680024276173197
0.21000000000000005,0.09999999999999999,0.4679933728567148
0.21000000000000005,0.09,0.4679843169119035
0.21000000000000005,0.08,0.46797525979689214
0.21000000000000005,0.07,0.4679662015256963
0.21000000000000005,0.060000000000000005,0.46795714211233985
0.21000000000000005,0.05,0.4679480815708557
0.21000000000000005,0.04,0.46793901991528536
0.21000000000000005,0.03,0.4679299571596785
0.21000000000000005,0.02,0.4679208933180938
0.21000000000000005,0.01,0.4679118284045972
0.21000000000000005,0,0.46790276243326356
0.20000000000000004,1.0000000000000007,0.46880820098768045
0.20000000000000004,0.9900000000000007,0.4687993067142217
0.20000000000000004,0.9800000000000006,0.4687904100586605
0.20000000000000004,0.9700000000000006,0.46878151103375
0.20000000000000004,0.9600000000000006,0.46877260965226253
0.20000000000000004,0.9500000000000006,0.46876370592698835
0.20000000000000004,0.9400000000000006,0.468754799870737
0.20000000000000004,0.9300000000000006,0.468745891496336
0.20000000000000004,0.9200000000000006,0.4687369808166314
0.20000000000000004,0.9100000000000006,0.46872806784448745
0.20000000000000004,0.9000000000000006,0.4687191525927865
0.20000000000000004,0.8900000000000006,0.46871023507442927
0.20000000000000004,0.8800000000000006,0.46870131530233394
0.20000000000000004,0.8700000000000006,0.4686923932894369
0.20000000000000004,0.8600000000000005,0.46868346904869224
0.20000000000000004,0.8500000000000005,0.4686745425930716
0.20000000000000004,0.8400000000000005,0.4686656139355644
0.20000000000000004,0.8300000000000005,0.4686566830891771
0.20000000000000004,0.8200000000000005,0.46864775006693393
0.20000000000000004,0.8100000000000005,0.4686388148818763
0.20000000000000004,0.8000000000000005,0.4686298775470628
0.20000000000000004,0.7900000000000005,0.4686209380755688
0.20000000000000004,0.7800000000000005,0.468611996480487
0.20000000000000004,0.7700000000000005,0.4686030527749267
0.20000000000000004,0.7600000000000005,0.468594106972014
0.20000000000000004,0.7500000000000004,0.4685851590848917
0.20000000000000004,0.7400000000000004,0.46857620912671916
0.20000000000000004,0.7300000000000004,0.46856725711067204
0.20000000000000004,0.7200000000000004,0.4685583030499425
0.20000000000000004,0.7100000000000004,0.4685493469577389
0.20000000000000004,0.7000000000000004,0.46854038884728566
0.20000000000000004,0.6900000000000004,0.4685314287318233
0.20000000000000004,0.6800000000000004,0.4685224666246081
0.20000000000000004,0.6700000000000004,0.4685135025389125
0.20000000000000004,0.6600000000000004,0.4685045364880241
0.20000000000000004,0.6500000000000004,0.46849556848524665
0.20000000000000004,0.6400000000000003,0.468486598543899
0.20000000000000004,0.6300000000000003,0.4684776266773155
0.20000000000000004,0.6200000000000003,0.46846865289884604
0.20000000000000004,0.6100000000000003,0.46845967722185533
0.20000000000000004,0.6000000000000003,0.4684506996597231
0.20000000000000004,0.5900000000000003,0.4684417202258443
0.20000000000000004,0.5800000000000003,0.46843273893362886
0.20000000000000004,0.5700000000000003,0.46842375579650086
0.20000000000000004,0.5600000000000003,0.46841477082789945
0.20000000000000004,0.5500000000000003,0.4684057840412783
0.20000000000000004,0.5400000000000003,0.4683967954501052
0.20000000000000004,0.5300000000000002,0.46838780506786265
0.20000000000000004,0.5200000000000002,0.4683788129080469
0.20000000000000004,0.5100000000000002,0.4683698189841686
0.20000000000000004,0.5000000000000002,0.4683608233097521
0.20000000000000004,0.49000000000000027,0.46835182589833596
0.20000000000000004,0.48000000000000026,0.468342826763472
0.20000000000000004,0.47000000000000025,0.4683338259187263
0.20000000000000004,0.46000000000000024,0.4683248233776776
0.20000000000000004,0.45000000000000023,0.4683158191539189
0.20000000000000004,0.4400000000000002,0.4683068132610561
0.20000000000000004,0.4300000000000002,0.46829780571270807
0.20000000000000004,0.4200000000000002,0.4682887965225072
0.20000000000000004,0.4100000000000002,0.46827978570409856
0.20000000000000004,0.4000000000000002,0.46827077327114003
0.20000000000000004,0.3900000000000002,0.4682617592373023
0.20000000000000004,0.38000000000000017,0.4682527436162686
0.20000000000000004,0.37000000000000016,0.4682437264217348
0.20000000000000004,0.36000000000000015,0.4682347076674091
0.20000000000000004,0.35000000000000014,0.46822568736701164
0.20000000000000004,0.34000000000000014,0.4682166655342752
0.20000000000000004,0.3300000000000001,0.4682076421829444
0.20000000000000004,0.3200000000000001,0.46819861732677565
0.20000000000000004,0.3100000000000001,0.4681895909795372
0.20000000000000004,0.3000000000000001,0.4681805631550091
0.20000000000000004,0.2900000000000001,0.4681715338669829
0.20000000000000004,0.2800000000000001,0.46816250312926155
0.20000000000000004,0.2700000000000001,0.4681534709556594
0.20000000000000004,0.26000000000000006,0.468144437360002
0.20000000000000004,0.25000000000000006,0.4681354023561259
0.20000000000000004,0.24000000000000007,0.46812636595787877
0.20000000000000004,0.23000000000000007,0.468117328179119
0.20000000000000004,0.22000000000000006,0.468108289033716
0.20000000000000004,0.21000000000000005,0.46809924853554924
0.20000000000000004,0.20000000000000004,0.46809020669850926
0.20000000000000004,0.19000000000000003,0.46808116353649676
0.20000000000000004,0.18000000000000002,0.4680721190634226
0.20000000000000004,0.17,0.468063073293208
0.20000000000000004,0.16,0.46805402623978404
0.20000000000000004,0.15,0.46804497791709176
0.20000000000000004,0.13999999999999999,0.46803592833908203
0.20000000000000004,0.12999999999999998,0.46802687751971506
0.20000000000000004,0.11999999999999998,0.46801782547296117
0.20000000000000004,0.10999999999999999,0.46800877221279974
0.20000000000000004,0.09999999999999999,0.46799971775321936
0.20000000000000004,0.09,0.46799066210821805
0.20000000000000004,0.08,0.46798160529180277
0.20000000000000004,0.07,0.4679725473179894
0.20000000000000004,0.060000000000000005,0.4679634882008027
0.20000000000000004,0.05,0.46795442795427605
0.20000000000000004,0.04,0.46794536659245123
0.20000000000000004,0.03,0.467936304129379
0.20000000000000004,0.02,0.4679272405791178
0.20000000000000004,0.01,0.4679181759557347
0.20000000000000004,0,0.4679091102733046
0.19000000000000003,1.0000000000000007,0.46881451336827545
0.19000000000000003,0.9900000000000007,0.46880561951151617
0.19000000000000003,0.9800000000000006,0.46879672327132443
0.19000000000000003,0.9700000000000006,0.4687878246604554
0.19000000000000003,0.9600000000000006,0.46877892369168306
0.19000000000000003,0.9500000000000006,0.46877002037779997
0.19000000000000003,0.9400000000000006,0.46876111473161736
0.19000000000000003,0.9300000000000006,0.46875220676596463
0.19000000000000003,0.9200000000000006,0.4687432964936898
0.19000000000000003,0.9100000000000006,0.4687343839276589
0.19000000000000003,0.9000000000000006,0.4687254690807564
0.19000000000000003,0.8900000000000006,0.46871655196588446
0.19000000000000003,0.8800000000000006,0.46870763259596326
0.19000000000000003,0.8700000000000006,0.4686987109839312
0.19000000000000003,0.8600000000000005,0.46868978714274373
0.19000000000000003,0.8500000000000005,0.46868086108537477
0.19000000000000003,0.8400000000000005,0.4686719328248152
0.19000000000000003,0.8300000000000005,0.4686630023740734
0.19000000000000003,0.8200000000000005,0.4686540697461753
0.19000000000000003,0.8100000000000005,0.46864513495416404
0.19000000000000003,0.8000000000000005,0.4686361980110998
0.19000000000000003,0.7900000000000005,0.46862725893005996
0.19000000000000003,0.7800000000000005,0.4686183177241386
0.19000000000000003,0.7700000000000005,0.46860937440644707
0.19000000000000003,0.7600000000000005,0.4686004289901127
0.19000000000000003,0.7500000000000004,0.46859148148828034
0.19000000000000003,0.7400000000000004,0.46858253191411087
0.19000000000000003,0.7300000000000004,0.4685735802807815
0.19000000000000003,0.7200000000000004,0.46856462660148607
0.19000000000000003,0.7100000000000004,0.46855567088943456
0.19000000000000003,0.7000000000000004,0.46854671315785296
0.19000000000000003,0.6900000000000004,0.46853775341998327
0.19000000000000003,0.6800000000000004,0.46852879168908346
0.19000000000000003,0.6700000000000004,0.46851982797842723
0.19000000000000003,0.6600000000000004,0.4685108623013043
0.19000000000000003,0.6500000000000004,0.4685018946710192
0.19000000000000003,0.6400000000000003,0.46849292510089297
0.19000000000000003,0.6300000000000003,0.46848395360426104
0.19000000000000003,0.6200000000000003,0.4684749801944749
0.19000000000000003,0.6100000000000003,0.46846600488490053
0.19000000000000003,0.6000000000000003,0.4684570276889194
0.19000000000000003,0.5900000000000003,0.4684480486199277
0.19000000000000003,0.5800000000000003,0.4684390676913368
0.19000000000000003,0.5700000000000003,0.46843008491657223
0.19000000000000003,0.5600000000000003,0.4684211003090746
0.19000000000000003,0.5500000000000003,0.4684121138822986
0.19000000000000003,0.5400000000000003,0.46840312564971376
0.19000000000000003,0.5300000000000002,0.46839413562480364
0.19000000000000003,0.5200000000000002,0.46838514382106605
0.19000000000000003,0.5100000000000002,0.4683761502520127
0.19000000000000003,0.5000000000000002,0.4683671549311695
0.19000000000000003,0.49000000000000027,0.468358157872076
0.19000000000000003,0.48000000000000026,0.4683491590882856
0.19000000000000003,0.47000000000000025,0.46834015859336525
0.19000000000000003,0.46000000000000024,0.46833115640089534
0.19000000000000003,0.45000000000000023,0.46832215252446974
0.19000000000000003,0.4400000000000002,0.4683131469776955
0.19000000000000003,0.4300000000000002,0.46830413977419305
0.19000000000000003,0.4200000000000002,0.46829513092759567
0.19000000000000003,0.4100000000000002,0.4682861204515496
0.19000000000000003,0.4000000000000002,0.46827710835971387
0.19000000000000003,0.3900000000000002,0.46826809466576036
0.19000000000000003,0.38000000000000017,0.46825907938337324
0.19000000000000003,0.37000000000000016,0.4682500625262497
0.19000000000000003,0.36000000000000015,0.46824104410809875
0.19000000000000003,0.35000000000000014,0.46823202414264176
0.19000000000000003,0.34000000000000014,0.4682230026436125
0.19000000000000003,0.3300000000000001,0.46821397962475647
0.19000000000000003,0.3200000000000001,0.4682049550998313
0.19000000000000003,0.3100000000000001,0.46819592908260615
0.19000000000000003,0.3000000000000001,0.46818690158686194
0.19000000000000003,0.2900000000000001,0.46817787262639116
0.19000000000000003,0.2800000000000001,0.4681688422149979
0.19000000000000003,0.2700000000000001,0.46815981036649734
0.19000000000000003,0.26000000000000006,0.4681507770947158
0.19000000000000003,0.25000000000000006,0.4681417424134907
0.19000000000000003,0.24000000000000007,0.468132706336671
0.19000000000000003,0.23000000000000007,0.46812366887811546
0.19000000000000003,0.22000000000000006,0.4681146300516943
0.19000000000000003,0.21000000000000005,0.46810558987128814
0.19000000000000003,0.20000000000000004,0.4680965483507882
0.19000000000000003,0.19000000000000003,0.46808750550409584
0.19000000000000003,0.18000000000000002,0.4680784613451229
0.19000000000000003,0.17,0.46806941588779116
0.19000000000000003,0.16,0.4680603691460324
0.19000000000000003,0.15,0.4680513211337884
0.19000000000000003,0.13999999999999999,0.46804227186501085
0.19000000000000003,0.12999999999999998,0.4680332213536606
0.19000000000000003,0.11999999999999998,0.4680241696137086
0.19000000000000003,0.10999999999999999,0.4680151166591348
0.19000000000000003,0.09999999999999999,0.4680060625039285
0.19000000000000003,0.09,0.46799700716208836
0.19000000000000003,0.08,0.4679879506476217
0.19000000000000003,0.07,0.4679788929745452
0.19000000000000003,0.060000000000000005,0.46796983415688426
0.19000000000000003,0.05,0.46796077420867244
0.19000000000000003,0.04,0.46795171314395234
0.19000000000000003,0.03,0.467942650976775
0.19000000000000003,0.02,0.46793358772119953
0.19000000000000003,0.01,0.4679245233912935
0.19000000000000003,0,0.4679154580011321
0.18000000000000002,1.0000000000000007,0.46882082530558367
0.18000000000000002,0.9900000000000007,0.468811931868663
0.18000000000000002,0.9800000000000006,0.4688030360469828
0.18000000000000002,0.9700000000000006,0.46879413785330026
0.18000000000000002,0.9600000000000006,0.46878523730039134
0.18000000000000002,0.9500000000000006,0.4687763344010504
0.18000000000000002,0.9400000000000006,0.46876742916809044
0.18000000000000002,0.9300000000000006,0.4687585216143431
0.18000000000000002,0.9200000000000006,0.46874961175265795
0.18000000000000002,0.9100000000000006,0.4687406995959031
0.18000000000000002,0.9000000000000006,0.4687317851569646
0.18000000000000002,0.8900000000000006,0.4687228684487465
0.18000000000000002,0.8800000000000006,0.4687139494841711
0.18000000000000002,0.8700000000000006,0.46870502827617805
0.18000000000000002,0.8600000000000005,0.46869610483772534
0.18000000000000002,0.8500000000000005,0.46868717918178787
0.18000000000000002,0.8400000000000005,0.46867825132135876
0.18000000000000002,0.8300000000000005,0.4686693212694481
0.18000000000000002,0.8200000000000005,0.4686603890390835
0.18000000000000002,0.8100000000000005,0.4686514546433098
0.18000000000000002,0.8000000000000005,0.46864251809518886
0.18000000000000002,0.7900000000000005,0.4686335794077998
0.18000000000000002,0.7800000000000005,0.46862463859423853
0.18000000000000002,0.7700000000000005,0.46861569566761774
0.18000000000000002,0.7600000000000005,0.4686067506410668
0.18000000000000002,0.7500000000000004,0.4685978035277319
0.18000000000000002,0.7400000000000004,0.4685888543407756
0.18000000000000002,0.7300000000000004,0.4685799030933769
0.18000000000000002,0.7200000000000004,0.4685709497987311
0.18000000000000002,0.7100000000000004,0.46856199447004965
0.18000000000000002,0.7000000000000004,0.4685530371205603
0.18000000000000002,0.6900000000000004,0.46854407776350676
0.18000000000000002,0.6800000000000004,0.4685351164121482
0.18000000000000002,0.6700000000000004,0.4685261530797599
0.18000000000000002,0.6600000000000004,0.4685171877796332
0.18000000000000002,0.6500000000000004,0.46850822052507435
0.18000000000000002,0.6400000000000003,0.4684992513294054
0.18000000000000002,0.6300000000000003,0.46849028020596367
0.18000000000000002,0.6200000000000003,0.46848130716810177
0.18000000000000002,0.6100000000000003,0.4684723322291874
0.18000000000000002,0.6000000000000003,0.46846335540260337
0.18000000000000002,0.5900000000000003,0.4684543767017472
0.18000000000000002,0.5800000000000003,0.46844539614003167
0.18000000000000002,0.5700000000000003,0.4684364137308838
0.18000000000000002,0.5600000000000003,0.4684274294877454
0.18000000000000002,0.5500000000000003,0.46841844342407285
0.18000000000000002,0.5400000000000003,0.4684094555533366
0.18000000000000002,0.5300000000000002,0.46840046588902173
0.18000000000000002,0.5200000000000002,0.46839147444462736
0.18000000000000002,0.5100000000000002,0.46838248123366644
0.18000000000000002,0.5000000000000002,0.4683734862696662
0.18000000000000002,0.49000000000000027,0.46836448956616733
0.18000000000000002,0.48000000000000026,0.4683554911367247
0.18000000000000002,0.47000000000000025,0.4683464909949062
0.18000000000000002,0.46000000000000024,0.46833748915429374
0.18000000000000002,0.45000000000000023,0.4683284856284822
0.18000000000000002,0.4400000000000002,0.46831948043107996
0.18000000000000002,0.4300000000000002,0.46831047357570843
0.18000000000000002,0.4200000000000002,0.46830146507600195
0.18000000000000002,0.4100000000000002,0.46829245494560817
0.18000000000000002,0.4000000000000002,0.46828344319818715
0.18000000000000002,0.3900000000000002,0.4682744298474117
0.18000000000000002,0.38000000000000017,0.4682654149069675
0.18000000000000002,0.37000000000000016,0.4682563983905522
0.18000000000000002,0.36000000000000015,0.4682473803118764
0.18000000000000002,0.35000000000000014,0.46823836068466224
0.18000000000000002,0.34000000000000014,0.4682293395226444
0.18000000000000002,0.3300000000000001,0.46822031683956966
0.18000000000000002,0.3200000000000001,0.46821129264919653
0.18000000000000002,0.3100000000000001,0.468202266965295
0.18000000000000002,0.3000000000000001,0.4681932398016472
0.18000000000000002,0.2900000000000001,0.46818421117204634
0.18000000000000002,0.2800000000000001,0.4681751810902975
0.18000000000000002,0.2700000000000001,0.4681661495702167
0.18000000000000002,0.26000000000000006,0.46815711662563114
0.18000000000000002,0.25000000000000006,0.4681480822703794
0.18000000000000002,0.24000000000000007,0.4681390465183107
0.18000000000000002,0.23000000000000007,0.46813000938328525
0.18000000000000002,0.22000000000000006,0.4681209708791738
0.18000000000000002,0.21000000000000005,0.4681119310198579
0.18000000000000002,0.20000000000000004,0.4681028898192292
0.18000000000000002,0.19000000000000003,0.46809384729119025
0.18000000000000002,0.18000000000000002,0.46808480344965336
0.18000000000000002,0.17,0.4680757583085411
0.18000000000000002,0.16,0.46806671188178606
0.18000000000000002,0.15,0.4680576641833307
0.18000000000000002,0.13999999999999999,0.46804861522712715
0.18000000000000002,0.12999999999999998,0.4680395650271373
0.18000000000000002,0.11999999999999998,0.4680305135973325
0.18000000000000002,0.10999999999999999,0.46802146095169317
0.18000000000000002,0.09999999999999999,0.4680124071042096
0.18000000000000002,0.09,0.4680033520688809
0.18000000000000002,0.08,0.46799429585971486
0.18000000000000002,0.07,0.46798523849072876
0.18000000000000002,0.060000000000000005,0.4679761799759483
0.18000000000000002,0.05,0.46796712032940807
0.18000000000000002,0.04,0.46795805956515096
0.18000000000000002,0.03,0.46794899769722825
0.18000000000000002,0.02,0.4679399347396999
0.18000000000000002,0.01,0.4679308707066335
0.18000000000000002,0,0.46792180561210495
0.17,1.0000000000000007,0.4688271367950685
0.17,0.9900000000000007,0.46881824378112424
0.17,0.9800000000000006,0.46880934838109645
0.17,0.9700000000000006,0.4688004506077442
0.17,0.9600000000000006,0.4687915504738454
0.17,0.9500000000000006,0.4687826479921965
0.17,0.9400000000000006,0.4687737431756122
0.17,0.9300000000000006,0.46876483603692587
0.17,0.9200000000000006,0.46875592658898907
0.17,0.9100000000000006,0.46874701484467174
0.17,0.9000000000000006,0.4687381008168616
0.17,0.8900000000000006,0.46872918451846496
0.17,0.8800000000000006,0.46872026596240546
0.17,0.8700000000000006,0.46871134516162477
0.17,0.8600000000000005,0.46870242212908253
0.17,0.8500000000000005,0.46869349687775563
0.17,0.8400000000000005,0.4686845694206385
0.17,0.8300000000000005,0.4686756397707435
0.17,0.8200000000000005,0.46866670794109955
0.17,0.8100000000000005,0.46865777394475344
0.17,0.8000000000000005,0.4686488377947687
0.17,0.7900000000000005,0.46863989950422597
0.17,0.7800000000000005,0.46863095908622293
0.17,0.7700000000000005,0.4686220165538738
0.17,0.7600000000000005,0.46861307192030993
0.17,0.7500000000000004,0.46860412519867883
0.17,0.7400000000000004,0.4685951764021448
0.17,0.7300000000000004,0.4685862255438884
0.17,0.7200000000000004,0.4685772726371064
0.17,0.7100000000000004,0.46856831769501234
0.17,0.7000000000000004,0.4685593607308348
0.17,0.6900000000000004,0.4685504017578193
0.17,0.6800000000000004,0.46854144078922677
0.17,0.6700000000000004,0.46853247783833407
0.17,0.6600000000000004,0.4685235129184334
0.17,0.6500000000000004,0.46851454604283305
0.17,0.6400000000000003,0.4685055772248565
0.17,0.6300000000000003,0.46849660647784225
0.17,0.6200000000000003,0.46848763381514474
0.17,0.6100000000000003,0.4684786592501327
0.17,0.6000000000000003,0.46846968279619067
0.17,0.5900000000000003,0.46846070446671734
0.17,0.5800000000000003,0.46845172427512705
0.17,0.5700000000000003,0.46844274223484794
0.17,0.5600000000000003,0.4684337583593235
0.17,0.5500000000000003,0.468424772662011
0.17,0.5400000000000003,0.4684157851563828
0.17,0.5300000000000002,0.4684067958559249
0.17,0.5200000000000002,0.46839780477413767
0.17,0.5100000000000002,0.4683888119245356
0.17,0.5000000000000002,0.4683798173206469
0.17,0.49000000000000027,0.4683708209760138
0.17,0.48000000000000026,0.4683618229041921
0.17,0.47000000000000025,0.46835282311875115
0.17,0.46000000000000024,0.4683438216332737
0.17,0.45000000000000023,0.4683348184613563
0.17,0.4400000000000002,0.468325813616608
0.17,0.4300000000000002,0.46831680711265167
0.17,0.4200000000000002,0.4683077989631229
0.17,0.4100000000000002,0.46829878918167006
0.17,0.4000000000000002,0.46828977778195463
0.17,0.3900000000000002,0.4682807647776504
0.17,0.38000000000000017,0.468271750182444
0.17,0.37000000000000016,0.4682627340100344
0.17,0.36000000000000015,0.46825371627413276
0.17,0.35000000000000014,0.46824469698846277
0.17,0.34000000000000014,0.46823567616675993
0.17,0.3300000000000001,0.46822665382277195
0.17,0.3200000000000001,0.4682176299702583
0.17,0.3100000000000001,0.4682086046229899
0.17,0.3000000000000001,0.46819957779474985
0.17,0.2900000000000001,0.46819054949933236
0.17,0.2800000000000001,0.4681815197505433
0.17,0.2700000000000001,0.4681724885621996
0.17,0.26000000000000006,0.4681634559481294
0.17,0.25000000000000006,0.46815442192217205
0.17,0.24000000000000007,0.46814538649817766
0.17,0.23000000000000007,0.46813634969000717
0.17,0.22000000000000006,0.46812731151153214
0.17,0.21000000000000005,0.46811827197663486
0.17,0.20000000000000004,0.4681092310992082
0.17,0.19000000000000003,0.46810018889315474
0.17,0.18000000000000002,0.4680911453723879
0.17,0.17,0.46808210055083094
0.17,0.16,0.46807305444241726
0.17,0.15,0.4680640070610898
0.17,0.13999999999999999,0.46805495842080147
0.17,0.12999999999999998,0.4680459085355147
0.17,0.11999999999999998,0.4680368574192014
0.17,0.10999999999999999,0.4680278050858431
0.17,0.09999999999999999,0.46801875154942996
0.17,0.09,0.4680096968239618
0.17,0.08,0.46800064092344756
0.17,0.07,0.46799158386190454
0.17,0.060000000000000005,0.46798252565335907
0.17,0.05,0.46797346631184616
0.17,0.04,0.4679644058514093
0.17,0.03,0.46795534428610036
0.17,0.02,0.4679462816299793
0.17,0.01,0.4679372178971146
0.17,0,0.4679281531015825
0.16,1.0000000000000007,0.4688334478321932
0.16,0.9900000000000007,0.46882455524436184
0.16,0.9800000000000006,0.4688156602691261
0.16,0.9700000000000006,0.46880676291924683
0.16,0.9600000000000006,0.4687978632075038
0.16,0.9500000000000006,0.4687889611466953
0.16,0.9400000000000006,0.4687800567496381
0.16,0.9300000000000006,0.46877115002916714
0.16,0.9200000000000006,0.4687622409981361
0.16,0.9100000000000006,0.46875332966941674
0.16,0.9000000000000006,0.46874441605589845
0.16,0.8900000000000006,0.46873550017048915
0.16,0.8800000000000006,0.4687265820261146
0.16,0.8700000000000006,0.46871766163571826
0.16,0.8600000000000005,0.46870873901226123
0.16,0.8500000000000005,0.4686998141687223
0.16,0.8400000000000005,0.4686908871180978
0.16,0.8300000000000005,0.4686819578734015
0.16,0.8200000000000005,0.4686730264476643
0.16,0.8100000000000005,0.46866409285393457
0.16,0.8000000000000005,0.46865515710527744
0.16,0.7900000000000005,0.4686462192147754
0.16,0.7800000000000005,0.46863727919552756
0.16,0.7700000000000005,0.4686283370606502
0.16,0.7600000000000005,0.46861939282327575
0.16,0.7500000000000004,0.4686104464965537
0.16,0.7400000000000004,0.4686014980936498
0.16,0.7300000000000004,0.4685925476277462
0.16,0.7200000000000004,0.4685835951120415
0.16,0.7100000000000004,0.4685746405597502
0.16,0.7000000000000004,0.4685656839841029
0.16,0.6900000000000004,0.46855672539834664
0.16,0.6800000000000004,0.4685477648157438
0.16,0.6700000000000004,0.4685388022495725
0.16,0.6600000000000004,0.46852983771312695
0.16,0.6500000000000004,0.4685208712197164
0.16,0.6400000000000003,0.4685119027826659
0.16,0.6300000000000003,0.46850293241531576
0.16,0.6200000000000003,0.46849396013102124
0.16,0.6100000000000003,0.46848498594315297
0.16,0.6000000000000003,0.4684760098650965
0.16,0.5900000000000003,0.46846703191025246
0.16,0.5800000000000003,0.4684580520920359
0.16,0.5700000000000003,0.46844907042387685
0.16,0.5600000000000003,0.46844008691921973
0.16,0.5500000000000003,0.46843110159152357
0.16,0.5400000000000003,0.46842211445426135
0.16,0.5300000000000002,0.4684131255209211
0.16,0.5200000000000002,0.4684041348050041
0.16,0.5100000000000002,0.4683951423200261
0.16,0.5000000000000002,0.4683861480795166
0.16,0.49000000000000027,0.468377152097019
0.16,0.48000000000000026,0.46836815438609053
0.16,0.47000000000000025,0.4683591549603014
0.16,0.46000000000000024,0.4683501538332359
0.16,0.45000000000000023,0.4683411510184913
0.16,0.4400000000000002,0.4683321465296783
0.16,0.4300000000000002,0.46832314038042056
0.16,0.4200000000000002,0.46831413258435484
0.16,0.4100000000000002,0.46830512315513073
0.16,0.4000000000000002,0.4682961121064107
0.16,0.3900000000000002,0.46828709945186964
0.16,0.38000000000000017,0.46827808520519526
0.16,0.37000000000000016,0.46826906938008733
0.16,0.36000000000000015,0.46826005199025844
0.16,0.35000000000000014,0.468251033049433
0.16,0.34000000000000014,0.46824201257134757
0.16,0.3300000000000001,0.4682329905697508
0.16,0.3200000000000001,0.4682239670584031
0.16,0.3100000000000001,0.4682149420510765
0.16,0.3000000000000001,0.4682059155615546
0.16,0.2900000000000001,0.4681968876036331
0.16,0.2800000000000001,0.4681878581911182
0.16,0.2700000000000001,0.46817882733782806
0.16,0.26000000000000006,0.4681697950575915
0.16,0.25000000000000006,0.46816076136424883
0.16,0.24000000000000007,0.46815172627165075
0.16,0.23000000000000007,0.46814268979365925
0.16,0.22000000000000006,0.46813365194414663
0.16,0.21000000000000005,0.46812461273699585
0.16,0.20000000000000004,0.4681155721861004
0.16,0.19000000000000003,0.46810653030536387
0.16,0.18000000000000002,0.46809748710870047
0.16,0.17,0.46808844261003385
0.16,0.16,0.468079396823298
0.16,0.15,0.4680703497624369
0.16,0.13999999999999999,0.468061301441404
0.16,0.12999999999999998,0.4680522518741621
0.16,0.11999999999999998,0.4680432010746841
0.16,0.10999999999999999,0.46803414905695173
0.16,0.09999999999999999,0.4680250958349561
0.16,0.09,0.46801604142269737
0.16,0.08,0.46800698583418493
0.16,0.07,0.4679979290834368
0.16,0.060000000000000005,0.4679888711844798
0.16,0.05,0.46797981215134926
0.16,0.04,0.46797075199808935
0.16,0.03,0.467961690738752
0.16,0.02,0.4679526283873981
0.16,0.01,0.46794356495809625
0.16,0,0.4679345004649231
0.15,1.0000000000000007,0.4688397584124216
0.15,0.9900000000000007,0.46883086625383835
0.15,0.9800000000000006,0.4688219717065328
0.15,0.9700000000000006,0.4688130747832676
0.15,0.9600000000000006,0.4688041754968246
0.15,0.9500000000000006,0.46879527386000397
0.15,0.9400000000000006,0.46878636988562394
0.15,0.9300000000000006,0.46877746358652184
0.15,0.9200000000000006,0.46876855497555275
0.15,0.9100000000000006,0.4687596440655901
0.15,0.9000000000000006,0.46875073086952557
0.15,0.8900000000000006,0.46874181540026877
0.15,0.8800000000000006,0.468732897670747
0.15,0.8700000000000006,0.4687239776939054
0.15,0.8600000000000005,0.4687150554827071
0.15,0.8500000000000005,0.4687061310501326
0.15,0.8400000000000005,0.4686972044091799
0.15,0.8300000000000005,0.46868827557286424
0.15,0.8200000000000005,0.4686793445542186
0.15,0.8100000000000005,0.46867041136629284
0.15,0.8000000000000005,0.46866147602215374
0.15,0.7900000000000005,0.4686525385348856
0.15,0.7800000000000005,0.4686435989175889
0.15,0.7700000000000005,0.4686346571833817
0.15,0.7600000000000005,0.46862571334539804
0.15,0.7500000000000004,0.468616767416789
0.15,0.7400000000000004,0.4686078194107218
0.15,0.7300000000000004,0.46859886934038053
0.15,0.7200000000000004,0.4685899172189648
0.15,0.7100000000000004,0.4685809630596911
0.15,0.7000000000000004,0.46857200687579154
0.15,0.6900000000000004,0.46856304868051435
0.15,0.6800000000000004,0.4685540884871235
0.15,0.6700000000000004,0.46854512630889894
0.15,0.6600000000000004,0.46853616215913596
0.15,0.6500000000000004,0.4685271960511455
0.15,0.6400000000000003,0.4685182279982538
0.15,0.6300000000000003,0.4685092580138026
0.15,0.6200000000000003,0.46850028611114897
0.15,0.6100000000000003,0.46849131230366464
0.15,0.6000000000000003,0.46848233660473665
0.15,0.5900000000000003,0.4684733590277668
0.15,0.5800000000000003,0.4684643795861717
0.15,0.5700000000000003,0.4684553982933826
0.15,0.5600000000000003,0.46844641516284524
0.15,0.5500000000000003,0.46843743020802003
0.15,0.5400000000000003,0.4684284434423813
0.15,0.5300000000000002,0.4684194548794181
0.15,0.5200000000000002,0.46841046453263324
0.15,0.5100000000000002,0.46840147241554353
0.15,0.5000000000000002,0.4683924785416799
0.15,0.49000000000000027,0.46838348292458665
0.15,0.48000000000000026,0.46837448557782235
0.15,0.47000000000000025,0.46836548651495863
0.15,0.46000000000000024,0.4683564857495806
0.15,0.45000000000000023,0.4683474832952868
0.15,0.4400000000000002,0.4683384791656892
0.15,0.4300000000000002,0.46832947337441244
0.15,0.4200000000000002,0.4683204659350943
0.15,0.4100000000000002,0.46831145686138564
0.15,0.4000000000000002,0.46830244616694977
0.15,0.3900000000000002,0.46829343386546296
0.15,0.38000000000000017,0.4682844199706136
0.15,0.37000000000000016,0.46827540449610283
0.15,0.36000000000000015,0.4682663874556439
0.15,0.35000000000000014,0.46825736886296243
0.15,0.34000000000000014,0.4682483487317959
0.15,0.3300000000000001,0.46823932707589383
0.15,0.3200000000000001,0.4682303039090176
0.15,0.3100000000000001,0.46822127924494017
0.15,0.3000000000000001,0.4682122530974463
0.15,0.2900000000000001,0.4682032254803321
0.15,0.2800000000000001,0.46819419640740495
0.15,0.2700000000000001,0.4681851658924837
0.15,0.26000000000000006,0.4681761339493983
0.15,0.25000000000000006,0.46816710059198957
0.15,0.24000000000000007,0.46815806583410907
0.15,0.23000000000000007,0.46814902968961963
0.15,0.22000000000000006,0.46813999217239427
0.15,0.21000000000000005,0.4681309532963168
0.15,0.20000000000000004,0.46812191307528134
0.15,0.19000000000000003,0.46811287152319236
0.15,0.18000000000000002,0.4681038286539643
0.15,0.17,0.46809478448152203
0.15,0.16,0.4680857390198001
0.15,0.15,0.46807669228274296
0.15,0.13999999999999999,0.4680676442843046
0.15,0.12999999999999998,0.46805859503844877
0.15,0.11999999999999998,0.4680495445591487
0.15,0.10999999999999999,0.46804049286038674
0.15,0.09999999999999999,0.46803143995615454
0.15,0.09,0.4680223858604531
0.15,0.08,0.46801333058729183
0.15,0.07,0.4680042741506895
0.15,0.060000000000000005,0.4679952165646735
0.15,0.05,0.46798615784327957
0.15,0.04,0.46797709800055204
0.15,0.03,0.467968037050544
0.15,0.02,0.467958975007316
0.15,0.01,0.46794991188493734
0.15,0,0.46794084769748495
0.13999999999999999,1.0000000000000007,0.4688460685312171
0.13999999999999999,0.9900000000000007,0.4688371768050159
0.13999999999999999,0.9800000000000006,0.4688282826887774
0.13999999999999999,0.9700000000000006,0.46881938619526653
0.13999999999999999,0.9600000000000006,0.4688104873372665
0.13999999999999999,0.9500000000000006,0.4688015861275795
0.13999999999999999,0.9400000000000006,0.46879268257902584
0.13999999999999999,0.9300000000000006,0.4687837767044442
0.13999999999999999,0.9200000000000006,0.4687748685166919
0.13999999999999999,0.9100000000000006,0.46876595802864407
0.13999999999999999,0.9000000000000006,0.46875704525319395
0.13999999999999999,0.8900000000000006,0.4687481302032532
0.13999999999999999,0.8800000000000006,0.4687392128917506
0.13999999999999999,0.8700000000000006,0.46873029333163335
0.13999999999999999,0.8600000000000005,0.4687213715358661
0.13999999999999999,0.8500000000000005,0.46871244751743113
0.13999999999999999,0.8400000000000005,0.46870352128932813
0.13999999999999999,0.8300000000000005,0.46869459286457416
0.13999999999999999,0.8200000000000005,0.4686856622562036
0.13999999999999999,0.8100000000000005,0.4686767294772681
0.13999999999999999,0.8000000000000005,0.4686677945408362
0.13999999999999999,0.7900000000000005,0.4686588574599937
0.13999999999999999,0.7800000000000005,0.46864991824784286
0.13999999999999999,0.7700000000000005,0.46864097691750317
0.13999999999999999,0.7600000000000005,0.4686320334821105
0.13999999999999999,0.7500000000000004,0.4686230879548172
0.13999999999999999,0.7400000000000004,0.4686141403487924
0.13999999999999999,0.7300000000000004,0.46860519067722145
0.13999999999999999,0.7200000000000004,0.46859623895330577
0.13999999999999999,0.7100000000000004,0.4685872851902631
0.13999999999999999,0.7000000000000004,0.4685783294013273
0.13999999999999999,0.6900000000000004,0.46856937159974793
0.13999999999999999,0.6800000000000004,0.4685604117987905
0.13999999999999999,0.6700000000000004,0.4685514500117365
0.13999999999999999,0.6600000000000004,0.46854248625188244
0.13999999999999999,0.6500000000000004,0.468533520532541
0.13999999999999999,0.6400000000000003,0.46852455286703976
0.13999999999999999,0.6300000000000003,0.46851558326872195
0.13999999999999999,0.6200000000000003,0.46850661175094566
0.13999999999999999,0.6100000000000003,0.4684976383270844
0.13999999999999999,0.6000000000000003,0.4684886630105264
0.13999999999999999,0.5900000000000003,0.4684796858146747
0.13999999999999999,0.5800000000000003,0.4684707067529475
0.13999999999999999,0.5700000000000003,0.4684617258387774
0.13999999999999999,0.5600000000000003,0.4684527430856111
0.13999999999999999,0.5500000000000003,0.4684437585069105
0.13999999999999999,0.5400000000000003,0.4684347721161513
0.13999999999999999,0.5300000000000002,0.46842578392682377
0.13999999999999999,0.5200000000000002,0.46841679395243174
0.13999999999999999,0.5100000000000002,0.46840780220649353
0.13999999999999999,0.5000000000000002,0.4683988087025411
0.13999999999999999,0.49000000000000027,0.4683898134541201
0.13999999999999999,0.48000000000000026,0.46838081647479024
0.13999999999999999,0.47000000000000025,0.46837181777812414
0.13999999999999999,0.46000000000000024,0.46836281737770824
0.13999999999999999,0.45000000000000023,0.4683538152871422
0.13999999999999999,0.4400000000000002,0.468344811520039
0.13999999999999999,0.4300000000000002,0.46833580609002445
0.13999999999999999,0.4200000000000002,0.4683267990107375
0.13999999999999999,0.4100000000000002,0.4683177902958298
0.13999999999999999,0.4000000000000002,0.4683087799589662
0.13999999999999999,0.3900000000000002,0.46829976801382345
0.13999999999999999,0.38000000000000017,0.46829075447409124
0.13999999999999999,0.37000000000000016,0.4682817393534718
0.13999999999999999,0.36000000000000015,0.4682727226656792
0.13999999999999999,0.35000000000000014,0.4682637044244401
0.13999999999999999,0.34000000000000014,0.4682546846434929
0.13999999999999999,0.3300000000000001,0.46824566333658807
0.13999999999999999,0.3200000000000001,0.468236640517488
0.13999999999999999,0.3100000000000001,0.4682276161999664
0.13999999999999999,0.3000000000000001,0.46821859039780894
0.13999999999999999,0.2900000000000001,0.46820956312481277
0.13999999999999999,0.2800000000000001,0.46820053439478604
0.13999999999999999,0.2700000000000001,0.4681915042215483
0.13999999999999999,0.26000000000000006,0.46818247261893026
0.13999999999999999,0.25000000000000006,0.46817343960077373
0.13999999999999999,0.24000000000000007,0.4681644051809312
0.13999999999999999,0.23000000000000007,0.468155369373266
0.13999999999999999,0.22000000000000006,0.4681463321916519
0.13999999999999999,0.21000000000000005,0.46813729364997375
0.13999999999999999,0.20000000000000004,0.46812825376212597
0.13999999999999999,0.19000000000000003,0.46811921254201394
0.13999999999999999,0.18000000000000002,0.46811017000355293
0.13999999999999999,0.17,0.46810112616066807
0.13999999999999999,0.16,0.4680920810272948
0.13999999999999999,0.15,0.4680830346173783
0.13999999999999999,0.13999999999999999,0.46807398694487296
0.13999999999999999,0.12999999999999998,0.4680649380237433
0.13999999999999999,0.11999999999999998,0.46805588786796304
0.13999999999999999,0.10999999999999999,0.468046836491515
0.13999999999999999,0.09999999999999999,0.46803778390839157
0.13999999999999999,0.09,0.4680287301325941
0.13999999999999999,0.08,0.4680196751781327
0.13999999999999999,0.07,0.46801061905902636
0.13999999999999999,0.060000000000000005,0.4680015617893031
0.13999999999999999,0.05,0.4679925033829991
0.13999999999999999,0.04,0.46798344385415913
0.13999999999999999,0.03,0.4679743832168365
0.13999999999999999,0.02,0.46796532148509246
0.13999999999999999,0.01,0.46795625867299656
0.13999999999999999,0,0.46794719479462604
0.12999999999999998,1.0000000000000007,0.4688523781840434
0.12999999999999998,0.9900000000000007,0.46884348689335686
0.12999999999999998,0.9800000000000006,0.46883459321132126
0.12999999999999998,0.9700000000000006,0.46882569715070327
0.12999999999999998,0.9600000000000006,0.46881679872428794
0.12999999999999998,0.9500000000000006,0.4688078979448793
0.12999999999999998,0.9400000000000006,0.4687989948252995
0.12999999999999998,0.9300000000000006,0.46879008937838923
0.12999999999999998,0.9200000000000006,0.4687811816170072
0.12999999999999998,0.9100000000000006,0.46877227155403073
0.12999999999999998,0.9000000000000006,0.4687633592023547
0.12999999999999998,0.8900000000000006,0.4687544445748921
0.12999999999999998,0.8800000000000006,0.4687455276845741
0.12999999999999998,0.8700000000000006,0.4687366085443494
0.12999999999999998,0.8600000000000005,0.46872768716718416
0.12999999999999998,0.8500000000000005,0.4687187635660625
0.12999999999999998,0.8400000000000005,0.46870983775398595
0.12999999999999998,0.8300000000000005,0.46870090974397316
0.12999999999999998,0.8200000000000005,0.46869197954906006
0.12999999999999998,0.8100000000000005,0.4686830471823001
0.12999999999999998,0.8000000000000005,0.4686741126567633
0.12999999999999998,0.7900000000000005,0.4686651759855372
0.12999999999999998,0.7800000000000005,0.46865623718172567
0.12999999999999998,0.7700000000000005,0.46864729625844975
0.12999999999999998,0.7600000000000005,0.46863835322884695
0.12999999999999998,0.7500000000000004,0.4686294081060712
0.12999999999999998,0.7400000000000004,0.46862046090329296
0.12999999999999998,0.7300000000000004,0.4686115116336994
0.12999999999999998,0.7200000000000004,0.4686025603104933
0.12999999999999998,0.7100000000000004,0.46859360694689406
0.12999999999999998,0.7000000000000004,0.4685846515561369
0.12999999999999998,0.6900000000000004,0.4685756941514729
0.12999999999999998,0.6800000000000004,0.4685667347461691
0.12999999999999998,0.6700000000000004,0.46855777335350834
0.12999999999999998,0.6600000000000004,0.4685488099867888
0.12999999999999998,0.6500000000000004,0.4685398446593242
0.12999999999999998,0.6400000000000003,0.4685308773844438
0.12999999999999998,0.6300000000000003,0.4685219081754922
0.12999999999999998,0.6200000000000003,0.46851293704582875
0.12999999999999998,0.6100000000000003,0.46850396400882843
0.12999999999999998,0.6000000000000003,0.4684949890778809
0.12999999999999998,0.5900000000000003,0.4684860122663905
0.12999999999999998,0.5800000000000003,0.46847703358777654
0.12999999999999998,0.5700000000000003,0.468468053055473
0.12999999999999998,0.5600000000000003,0.4684590706829282
0.12999999999999998,0.5500000000000003,0.4684500864836048
0.12999999999999998,0.5400000000000003,0.4684411004709803
0.12999999999999998,0.5300000000000002,0.4684321126585456
0.12999999999999998,0.5200000000000002,0.4684231230598063
0.12999999999999998,0.5100000000000002,0.4684141316882816
0.12999999999999998,0.5000000000000002,0.468405138557505
0.12999999999999998,0.49000000000000027,0.46839614368102295
0.12999999999999998,0.48000000000000026,0.4683871470723963
0.12999999999999998,0.47000000000000025,0.4683781487451992
0.12999999999999998,0.46000000000000024,0.46836914871301893
0.12999999999999998,0.45000000000000023,0.46836014698945655
0.12999999999999998,0.4400000000000002,0.4683511435881258
0.12999999999999998,0.4300000000000002,0.4683421385226538
0.12999999999999998,0.4200000000000002,0.4683331318066804
0.12999999999999998,0.4100000000000002,0.4683241234538585
0.12999999999999998,0.4000000000000002,0.46831511347785376
0.12999999999999998,0.3900000000000002,0.468306101892344
0.12999999999999998,0.38000000000000017,0.4682970887110203
0.12999999999999998,0.37000000000000016,0.4682880739475852
0.12999999999999998,0.36000000000000015,0.46827905761575445
0.12999999999999998,0.35000000000000014,0.4682700397292551
0.12999999999999998,0.34000000000000014,0.46826102030182676
0.12999999999999998,0.3300000000000001,0.4682519993472208
0.12999999999999998,0.3200000000000001,0.46824297687920036
0.12999999999999998,0.3100000000000001,0.46823395291154024
0.12999999999999998,0.3000000000000001,0.46822492745802696
0.12999999999999998,0.2900000000000001,0.46821590053245826
0.12999999999999998,0.2800000000000001,0.46820687214864337
0.12999999999999998,0.2700000000000001,0.46819784232040274
0.12999999999999998,0.26000000000000006,0.4681888110615678
0.12999999999999998,0.25000000000000006,0.468179778385981
0.12999999999999998,0.24000000000000007,0.46817074430749567
0.12999999999999998,0.23000000000000007,0.468161708839976
0.12999999999999998,0.22000000000000006,0.46815267199729643
0.12999999999999998,0.21000000000000005,0.4681436337933422
0.12999999999999998,0.20000000000000004,0.46813459424200904
0.12999999999999998,0.19000000000000003,0.4681255533572026
0.12999999999999998,0.18000000000000002,0.4681165111528389
0.12999999999999998,0.17,0.46810746764284383
0.12999999999999998,0.16,0.4680984228411534
0.12999999999999998,0.15,0.46808937676171325
0.12999999999999998,0.13999999999999999,0.46808032941847855
0.12999999999999998,0.12999999999999998,0.46807128082541427
0.12999999999999998,0.11999999999999998,0.4680622309964948
0.12999999999999998,0.10999999999999999,0.46805317994570345
0.12999999999999998,0.09999999999999999,0.46804412768703313
0.12999999999999998,0.09,0.4680350742344856
0.12999999999999998,0.08,0.46802601960207163
0.12999999999999998,0.07,0.4680169638038107
0.12999999999999998,0.060000000000000005,0.46800790685373095
0.12999999999999998,0.05,0.46799884876586934
0.12999999999999998,0.04,0.467989789554271
0.12999999999999998,0.03,0.4679807292329895
0.12999999999999998,0.02,0.4679716678160866
0.12999999999999998,0.01,0.4679626053176321
0.12999999999999998,0,0.4679535417517037
0.11999999999999998,1.0000000000000007,0.4688586873663647
0.11999999999999998,0.9900000000000007,0.46884979651432424
0.11999999999999998,0.9800000000000006,0.4688409032696257
0.11999999999999998,0.9700000000000006,0.46883200764503785
0.11999999999999998,0.9600000000000006,0.4688231096533478
0.11999999999999998,0.9500000000000006,0.46881420930736095
0.11999999999999998,0.9400000000000006,0.4688053066199014
0.11999999999999998,0.9300000000000006,0.4687964016038117
0.11999999999999998,0.9200000000000006,0.4687874942719525
0.11999999999999998,0.9100000000000006,0.4687785846372024
0.11999999999999998,0.9000000000000006,0.46876967271245845
0.11999999999999998,0.8900000000000006,0.4687607585106355
0.11999999999999998,0.8800000000000006,0.468751842044666
0.11999999999999998,0.8700000000000006,0.4687429233275006
0.11999999999999998,0.8600000000000005,0.46873400237210744
0.11999999999999998,0.8500000000000005,0.4687250791914718
0.11999999999999998,0.8400000000000005,0.46871615379859705
0.11999999999999998,0.8300000000000005,0.4687072262065037
0.11999999999999998,0.8200000000000005,0.4686982964282293
0.11999999999999998,0.8100000000000005,0.4686893644768286
0.11999999999999998,0.8000000000000005,0.4686804303653737
0.11999999999999998,0.7900000000000005,0.4686714941069534
0.11999999999999998,0.7800000000000005,0.4686625557146735
0.11999999999999998,0.7700000000000005,0.46865361520165644
0.11999999999999998,0.7600000000000005,0.46864467258104114
0.11999999999999998,0.7500000000000004,0.46863572786598323
0.11999999999999998,0.7400000000000004,0.46862678106965494
0.11999999999999998,0.7300000000000004,0.4686178322052444
0.11999999999999998,0.7200000000000004,0.46860888128595646
0.11999999999999998,0.7100000000000004,0.4685999283250118
0.11999999999999998,0.7000000000000004,0.468590973335647
0.11999999999999998,0.6900000000000004,0.4685820163311149
0.11999999999999998,0.6800000000000004,0.4685730573246837
0.11999999999999998,0.6700000000000004,0.4685640963296377
0.11999999999999998,0.6600000000000004,0.46855513335927673
0.11999999999999998,0.6500000000000004,0.46854616842691593
0.11999999999999998,0.6400000000000003,0.4685372015458857
0.11999999999999998,0.6300000000000003,0.4685282327295321
0.11999999999999998,0.6200000000000003,0.4685192619912159
0.11999999999999998,0.6100000000000003,0.46851028934431344
0.11999999999999998,0.6000000000000003,0.46850131480221563
0.11999999999999998,0.5900000000000003,0.46849233837832815
0.11999999999999998,0.5800000000000003,0.4684833600860719
0.11999999999999998,0.5700000000000003,0.4684743799388817
0.11999999999999998,0.5600000000000003,0.4684653979502072
0.11999999999999998,0.5500000000000003,0.46845641413351286
0.11999999999999998,0.5400000000000003,0.46844742850227666
0.11999999999999998,0.5300000000000002,0.4684384410699914
0.11999999999999998,0.5200000000000002,0.4684294518501634
0.11999999999999998,0.5100000000000002,0.46842046085631334
0.11999999999999998,0.5000000000000002,0.4684114681019756
0.11999999999999998,0.49000000000000027,0.4684024736006982
0.11999999999999998,0.48000000000000026,0.468393477366043
0.11999999999999998,0.47000000000000025,0.46838447941158506
0.11999999999999998,0.46000000000000024,0.46837547975091304
0.11999999999999998,0.45000000000000023,0.46836647839762896
0.11999999999999998,0.4400000000000002,0.46835747536534766
0.11999999999999998,0.4300000000000002,0.4683484706676974
0.11999999999999998,0.4200000000000002,0.468339464318319
0.11999999999999998,0.4100000000000002,0.46833045633086656
0.11999999999999998,0.4000000000000002,0.46832144671900644
0.11999999999999998,0.3900000000000002,0.468312435496418
0.11999999999999998,0.38000000000000017,0.4683034226767926
0.11999999999999998,0.37000000000000016,0.4682944082738343
0.11999999999999998,0.36000000000000015,0.4682853923012595
0.11999999999999998,0.35000000000000014,0.4682763747727963
0.11999999999999998,0.34000000000000014,0.4682673557021855
0.11999999999999998,0.3300000000000001,0.4682583351031788
0.11999999999999998,0.3200000000000001,0.4682493129895408
0.11999999999999998,0.3100000000000001,0.46824028937504675
0.11999999999999998,0.3000000000000001,0.46823126427348416
0.11999999999999998,0.2900000000000001,0.4682222376986518
0.11999999999999998,0.2800000000000001,0.4682132096643595
0.11999999999999998,0.2700000000000001,0.4682041801844284
0.11999999999999998,0.26000000000000006,0.468195149272691
0.11999999999999998,0.25000000000000006,0.4681861169429904
0.11999999999999998,0.24000000000000007,0.4681770832091808
0.11999999999999998,0.23000000000000007,0.4681680480851267
0.11999999999999998,0.22000000000000006,0.46815901158470385
0.11999999999999998,0.21000000000000005,0.46814997372179784
0.11999999999999998,0.20000000000000004,0.4681409345103052
0.11999999999999998,0.19000000000000003,0.4681318939641321
0.11999999999999998,0.18000000000000002,0.46812285209719523
0.11999999999999998,0.17,0.4681138089234213
0.11999999999999998,0.16,0.4681047644567468
0.11999999999999998,0.15,0.46809571871111794
0.11999999999999998,0.13999999999999999,0.4680866717004905
0.11999999999999998,0.12999999999999998,0.46807762343882997
0.11999999999999998,0.11999999999999998,0.46806857394011137
0.11999999999999998,0.10999999999999999,0.46805952321831845
0.11999999999999998,0.09999999999999999,0.46805047128744476
0.11999999999999998,0.09,0.46804141816149236
0.11999999999999998,0.08,0.4680323638544726
0.11999999999999998,0.07,0.46802330838040535
0.11999999999999998,0.060000000000000005,0.46801425175331934
0.11999999999999998,0.05,0.4680051939872518
0.11999999999999998,0.04,0.4679961350962483
0.11999999999999998,0.03,0.4679870750943629
0.11999999999999998,0.02,0.4679780139956574
0.11999999999999998,0.01,0.46796895181420217
0.11999999999999998,0,0.4679598885640754
0.10999999999999999,1.0000000000000007,0.46886499607364507
0.10999999999999999,0.9900000000000007,0.46885610566338043
0.10999999999999999,0.9800000000000006,0.4688472128591522
0.10999999999999999,0.9700000000000006,0.4688383176737307
0.10999999999999999,0.9600000000000006,0.4688294201199047
0.10999999999999999,0.9500000000000006,0.4688205202104819
0.10999999999999999,0.9400000000000006,0.46881161795828774
0.10999999999999999,0.9300000000000006,0.4688027133761667
0.10999999999999999,0.9200000000000006,0.46879380647698116
0.10999999999999999,0.9100000000000006,0.46878489727361167
0.10999999999999999,0.9000000000000006,0.46877598577895674
0.10999999999999999,0.8900000000000006,0.4687670720059332
0.10999999999999999,0.8800000000000006,0.46875815596747505
0.10999999999999999,0.8700000000000006,0.46874923767653465
0.10999999999999999,0.8600000000000005,0.4687403171460817
0.10999999999999999,0.8500000000000005,0.46873139438910355
0.10999999999999999,0.8400000000000005,0.4687224694186051
0.10999999999999999,0.8300000000000005,0.46871354224760814
0.10999999999999999,0.8200000000000005,0.4687046128891522
0.10999999999999999,0.8100000000000005,0.46869568135629375
0.10999999999999999,0.8000000000000005,0.4686867476621063
0.10999999999999999,0.7900000000000005,0.46867781181968016
0.10999999999999999,0.7800000000000005,0.46866887384212286
0.10999999999999999,0.7700000000000005,0.46865993374255827
0.10999999999999999,0.7600000000000005,0.46865099153412704
0.10999999999999999,0.7500000000000004,0.46864204722998626
0.10999999999999999,0.7400000000000004,0.4686331008433097
0.10999999999999999,0.7300000000000004,0.46862415238728694
0.10999999999999999,0.7200000000000004,0.46861520187512445
0.10999999999999999,0.7100000000000004,0.4686062493200443
0.10999999999999999,0.7000000000000004,0.4685972947352846
0.10999999999999999,0.6900000000000004,0.4685883381340994
0.10999999999999999,0.6800000000000004,0.46857937952975875
0.10999999999999999,0.6700000000000004,0.4685704189355482
0.10999999999999999,0.6600000000000004,0.4685614563647687
0.10999999999999999,0.6500000000000004,0.4685524918307371
0.10999999999999999,0.6400000000000003,0.4685435253467852
0.10999999999999999,0.6300000000000003,0.4685345569262602
0.10999999999999999,0.6200000000000003,0.46852558658252463
0.10999999999999999,0.6100000000000003,0.46851661432895564
0.10999999999999999,0.6000000000000003,0.46850764017894575
0.10999999999999999,0.5900000000000003,0.4684986641459021
0.10999999999999999,0.5800000000000003,0.46848968624324644
0.10999999999999999,0.5700000000000003,0.4684807064844151
0.10999999999999999,0.5600000000000003,0.46847172488285926
0.10999999999999999,0.5500000000000003,0.46846274145204425
0.10999999999999999,0.5400000000000003,0.46845375620544927
0.10999999999999999,0.5300000000000002,0.4684447691565684
0.10999999999999999,0.5200000000000002,0.4684357803189094
0.10999999999999999,0.5100000000000002,0.468426789705994
0.10999999999999999,0.5000000000000002,0.4684177973313574
0.10999999999999999,0.49000000000000027,0.46840880320854933
0.10999999999999999,0.48000000000000026,0.4683998073511324
0.10999999999999999,0.47000000000000025,0.46839080977268294
0.10999999999999999,0.46000000000000024,0.4683818104867906
0.10999999999999999,0.45000000000000023,0.4683728095070585
0.10999999999999999,0.4400000000000002,0.4683638068471026
0.10999999999999999,0.4300000000000002,0.4683548025205523
0.10999999999999999,0.4200000000000002,0.46834579654104935
0.10999999999999999,0.4100000000000002,0.46833678892224884
0.10999999999999999,0.4000000000000002,0.46832777967781825
0.10999999999999999,0.3900000000000002,0.4683187688214377
0.10999999999999999,0.38000000000000017,0.4683097563667999
0.10999999999999999,0.37000000000000016,0.4683007423276096
0.10999999999999999,0.36000000000000015,0.46829172671758407
0.10999999999999999,0.35000000000000014,0.46828270955045265
0.10999999999999999,0.34000000000000014,0.46827369083995657
0.10999999999999999,0.3300000000000001,0.468264670599849
0.10999999999999999,0.3200000000000001,0.4682556488438948
0.10999999999999999,0.3100000000000001,0.4682466255858706
0.10999999999999999,0.3000000000000001,0.46823760083956456
0.10999999999999999,0.2900000000000001,0.46822857461877604
0.10999999999999999,0.2800000000000001,0.46821954693731593
0.10999999999999999,0.2700000000000001,0.46821051780900624
0.10999999999999999,0.26000000000000006,0.46820148724768
0.10999999999999999,0.25000000000000006,0.4681924552671811
0.10999999999999999,0.24000000000000007,0.4681834218813645
0.10999999999999999,0.23000000000000007,0.46817438710409565
0.10999999999999999,0.22000000000000006,0.4681653509492506
0.10999999999999999,0.21000000000000005,0.4681563134307159
0.10999999999999999,0.20000000000000004,0.46814727456238864
0.10999999999999999,0.19000000000000003,0.46813823435817564
0.10999999999999999,0.18000000000000002,0.4681291928319944
0.10999999999999999,0.17,0.4681201499977721
0.10999999999999999,0.16,0.46811110586944554
0.10999999999999999,0.15,0.468102060460962
0.10999999999999999,0.13999999999999999,0.46809301378627755
0.10999999999999999,0.12999999999999998,0.46808396585935846
0.10999999999999999,0.11999999999999998,0.46807491669417983
0.10999999999999999,0.10999999999999999,0.46806586630472635
0.10999999999999999,0.09999999999999999,0.46805681470499183
0.10999999999999999,0.09,0.46804776190897884
0.10999999999999999,0.08,0.46803870793069924
0.10999999999999999,0.07,0.4680296527841734
0.10999999999999999,0.060000000000000005,0.46802059648343025
0.10999999999999999,0.05,0.4680115390425076
0.10999999999999999,0.04,0.4680024804754512
0.10999999999999999,0.03,0.4679934207963156
0.10999999999999999,0.02,0.4679843600191632
0.10999999999999999,0.01,0.46797529815806443
0.10999999999999999,0,0.4679662352270978
0.09999999999999999,1.0000000000000007,0.46887130430134877
0.09999999999999999,0.9900000000000007,0.4688624143359888
0.09999999999999999,0.9800000000000006,0.46885352197536245
0.09999999999999999,0.9700000000000006,0.46884462723224196
0.09999999999999999,0.9600000000000006,0.46883573011941804
0.09999999999999999,0.9500000000000006,0.46882683064969977
0.09999999999999999,0.9400000000000006,0.4688179288359149
0.09999999999999999,0.9300000000000006,0.46880902469090935
0.09999999999999999,0.9200000000000006,0.46880011822754725
0.09999999999999999,0.9100000000000006,0.468791209458711
0.09999999999999999,0.9000000000000006,0.4687822983973009
0.09999999999999999,0.8900000000000006,0.4687733850562351
0.09999999999999999,0.8800000000000006,0.46876446944844985
0.09999999999999999,0.8700000000000006,0.4687555515868989
0.09999999999999999,0.8600000000000005,0.46874663148455364
0.09999999999999999,0.8500000000000005,0.46873770915440305
0.09999999999999999,0.8400000000000005,0.4687287846094536
0.09999999999999999,0.8300000000000005,0.46871985786272913
0.09999999999999999,0.8200000000000005,0.46871092892727034
0.09999999999999999,0.8100000000000005,0.4687019978161354
0.09999999999999999,0.8000000000000005,0.4686930645423996
0.09999999999999999,0.7900000000000005,0.4686841291191548
0.09999999999999999,0.7800000000000005,0.46867519155950993
0.09999999999999999,0.7700000000000005,0.46866625187659045
0.09999999999999999,0.7600000000000005,0.46865731008353845
0.09999999999999999,0.7500000000000004,0.4686483661935131
0.09999999999999999,0.7400000000000004,0.46863942021968885
0.09999999999999999,0.7300000000000004,0.4686304721752575
0.09999999999999999,0.7200000000000004,0.4686215220734265
0.09999999999999999,0.7100000000000004,0.46861256992741945
0.09999999999999999,0.7000000000000004,0.4686036157504763
0.09999999999999999,0.6900000000000004,0.46859465955585217
0.09999999999999999,0.6800000000000004,0.4685857013568187
0.09999999999999999,0.6700000000000004,0.4685767411666627
0.09999999999999999,0.6600000000000004,0.46856777899868673
0.09999999999999999,0.6500000000000004,0.4685588148662088
0.09999999999999999,0.6400000000000003,0.46854984878256223
0.09999999999999999,0.6300000000000003,0.4685408807610955
0.09999999999999999,0.6200000000000003,0.46853191081517237
0.09999999999999999,0.6100000000000003,0.4685229389581716
0.09999999999999999,0.6000000000000003,0.4685139652034868
0.09999999999999999,0.5900000000000003,0.4685049895645263
0.09999999999999999,0.5800000000000003,0.46849601205471336
0.09999999999999999,0.5700000000000003,0.4684870326874856
0.09999999999999999,0.5600000000000003,0.4684780514762952
0.09999999999999999,0.5500000000000003,0.4684690684346086
0.09999999999999999,0.5400000000000003,0.4684600835759067
0.09999999999999999,0.5300000000000002,0.4684510969136845
0.09999999999999999,0.5200000000000002,0.4684421084614509
0.09999999999999999,0.5100000000000002,0.4684331182327289
0.09999999999999999,0.5000000000000002,0.4684241262410549
0.09999999999999999,0.49000000000000027,0.4684151324999795
0.09999999999999999,0.48000000000000026,0.46840613702306655
0.09999999999999999,0.47000000000000025,0.4683971398238935
0.09999999999999999,0.46000000000000024,0.46838814091605147
0.09999999999999999,0.45000000000000023,0.4683791403131441
0.09999999999999999,0.4400000000000002,0.4683701380287886
0.09999999999999999,0.4300000000000002,0.4683611340766152
0.09999999999999999,0.4200000000000002,0.46835212847026714
0.09999999999999999,0.4100000000000002,0.4683431212234002
0.09999999999999999,0.4000000000000002,0.46833411234968286
0.09999999999999999,0.3900000000000002,0.4683251018627962
0.09999999999999999,0.38000000000000017,0.46831608977643396
0.09999999999999999,0.37000000000000016,0.46830707610430194
0.09999999999999999,0.36000000000000015,0.46829806086011816
0.09999999999999999,0.35000000000000014,0.46828904405761285
0.09999999999999999,0.34000000000000014,0.46828002571052807
0.09999999999999999,0.3300000000000001,0.468271005832618
0.09999999999999999,0.3200000000000001,0.4682619844376485
0.09999999999999999,0.3100000000000001,0.4682529615393968
0.09999999999999999,0.3000000000000001,0.4682439371516518
0.09999999999999999,0.2900000000000001,0.46823491128821393
0.09999999999999999,0.2800000000000001,0.4682258839628947
0.09999999999999999,0.2700000000000001,0.46821685518951706
0.09999999999999999,0.26000000000000006,0.46820782498191443
0.09999999999999999,0.25000000000000006,0.46819879335393194
0.09999999999999999,0.24000000000000007,0.46818976031942494
0.09999999999999999,0.23000000000000007,0.4681807258922596
0.09999999999999999,0.22000000000000006,0.4681716900863127
0.09999999999999999,0.21000000000000005,0.46816265291547154
0.09999999999999999,0.20000000000000004,0.4681536143936337
0.09999999999999999,0.19000000000000003,0.4681445745347067
0.09999999999999999,0.18000000000000002,0.46813553335260866
0.09999999999999999,0.17,0.46812649086126734
0.09999999999999999,0.16,0.46811744707462033
0.09999999999999999,0.15,0.4681084020066151
0.09999999999999999,0.13999999999999999,0.4680993556712086
0.09999999999999999,0.12999999999999998,0.4680903080823673
0.09999999999999999,0.11999999999999998,0.46808125925406713
0.09999999999999999,0.10999999999999999,0.468072209200293
0.09999999999999999,0.09999999999999999,0.46806315793503944
0.09999999999999999,0.09,0.46805410547230936
0.09999999999999999,0.08,0.46804505182611494
0.09999999999999999,0.07,0.4680359970104771
0.09999999999999999,0.060000000000000005,0.4680269410394252
0.09999999999999999,0.05,0.46801788392699734
0.09999999999999999,0.04,0.4680088256872398
0.09999999999999999,0.03,0.46799976633420726
0.09999999999999999,0.02,0.4679907058819625
0.09999999999999999,0.01,0.4679816443445764
0.09999999999999999,0,0.46797258173612744
0.09,1.0000000000000007,0.4688776120449403
0.09,0.9900000000000007,0.46886872252761225
0.09,0.9800000000000006,0.46885983061371833
0.09,0.9700000000000006,0.46885093631603225
0.09,0.9600000000000006,0.4688420396473468
0.09,0.9500000000000006,0.4688331406204728
0.09,0.9400000000000006,0.46882423924823957
0.09,0.9300000000000006,0.4688153355434951
0.09,0.9200000000000006,0.46880642951910484
0.09,0.9100000000000006,0.46879752118795326
0.09,0.9000000000000006,0.4687886105629422
0.09,0.8900000000000006,0.4687796976569917
0.09,0.8800000000000006,0.46877078248303944
0.09,0.8700000000000006,0.46876186505404105
0.09,0.8600000000000005,0.46875294538296947
0.09,0.8500000000000005,0.46874402348281535
0.09,0.8400000000000005,0.4687350993665868
0.09,0.8300000000000005,0.4687261730473092
0.09,0.8200000000000005,0.46871724453802505
0.09,0.8100000000000005,0.46870831385179407
0.09,0.8000000000000005,0.46869938100169284
0.09,0.7900000000000005,0.46869044600081505
0.09,0.7800000000000005,0.46868150886227117
0.09,0.7700000000000005,0.4686725695991882
0.09,0.7600000000000005,0.4686636282247098
0.09,0.7500000000000004,0.46865468475199623
0.09,0.7400000000000004,0.46864573919422414
0.09,0.7300000000000004,0.4686367915645862
0.09,0.7200000000000004,0.4686278418762917
0.09,0.7100000000000004,0.4686188901425656
0.09,0.7000000000000004,0.46860993637664905
0.09,0.6900000000000004,0.468600980591799
0.09,0.6800000000000004,0.46859202280128814
0.09,0.6700000000000004,0.4685830630184049
0.09,0.6600000000000004,0.46857410125645305
0.09,0.6500000000000004,0.46856513752875206
0.09,0.6400000000000003,0.46855617184863657
0.09,0.6300000000000003,0.46854720422945656
0.09,0.6200000000000003,0.4685382346845769
0.09,0.6100000000000003,0.4685292632273777
0.09,0.6000000000000003,0.4685202898712538
0.09,0.5900000000000003,0.4685113146296151
0.09,0.5800000000000003,0.46850233751588566
0.09,0.5700000000000003,0.4684933585435047
0.09,0.5600000000000003,0.46848437772592544
0.09,0.5500000000000003,0.46847539507661584
0.09,0.5400000000000003,0.46846641060905764
0.09,0.5300000000000002,0.4684574243367471
0.09,0.5200000000000002,0.46844843627319427
0.09,0.5100000000000002,0.4684394464319233
0.09,0.5000000000000002,0.468430454826472
0.09,0.49000000000000027,0.4684214614703918
0.09,0.48000000000000026,0.4684124663772477
0.09,0.47000000000000025,0.4684034695606183
0.09,0.46000000000000024,0.4683944710340956
0.09,0.45000000000000023,0.4683854708112845
0.09,0.4400000000000002,0.46837646890580337
0.09,0.4300000000000002,0.4683674653312831
0.09,0.4200000000000002,0.46835846010136817
0.09,0.4100000000000002,0.4683494532297153
0.09,0.4000000000000002,0.46834044472999387
0.09,0.3900000000000002,0.46833143461588606
0.09,0.38000000000000017,0.46832242290108644
0.09,0.37000000000000016,0.4683134095993018
0.09,0.36000000000000015,0.4683043947242509
0.09,0.35000000000000014,0.4682953782896651
0.09,0.34000000000000014,0.46828636030928733
0.09,0.3300000000000001,0.4682773407968724
0.09,0.3200000000000001,0.468268319766187
0.09,0.3100000000000001,0.4682592972310095
0.09,0.3000000000000001,0.4682502732051294
0.09,0.2900000000000001,0.4682412477023479
0.09,0.2800000000000001,0.46823222073647736
0.09,0.2700000000000001,0.46822319232134124
0.09,0.26000000000000006,0.46821416247077413
0.09,0.25000000000000006,0.4682051311986216
0.09,0.24000000000000007,0.46819609851873967
0.09,0.23000000000000007,0.4681870644449954
0.09,0.22000000000000006,0.468178028991266
0.09,0.21000000000000005,0.46816899217143954
0.09,0.20000000000000004,0.4681599539994142
0.09,0.19000000000000003,0.46815091448909824
0.09,0.18000000000000002,0.46814187365441023
0.09,0.17,0.46813283150927865
0.09,0.16,0.4681237880676413
0.09,0.15,0.4681147433434466
0.09,0.13999999999999999,0.468105697350652
0.09,0.12999999999999998,0.4680966501032243
0.09,0.11999999999999998,0.46808760161513996
0.09,0.10999999999999999,0.4680785519003845
0.09,0.09999999999999999,0.4680695009729525
0.09,0.09,0.4680604488468479
0.09,0.08,0.4680513955360828
0.09,0.07,0.46804234105467885
0.09,0.060000000000000005,0.4680332854166656
0.09,0.05,0.46802422863608173
0.09,0.04,0.4680151707269736
0.09,0.03,0.4680061117033964
0.09,0.02,0.4679970515794132
0.09,0.01,0.46798799036909505
0.09,0,0.46797892808652086
0.08,1.0000000000000007,0.46888391929988443
0.08,0.9900000000000007,0.46887503023371424
0.08,0.9800000000000006,0.46886613876968186
0.08,0.9700000000000006,0.4688572449205624
0.08,0.9600000000000006,0.4688483486991505
0.08,0.9500000000000006,0.46883945011825895
0.08,0.9400000000000006,0.4688305491907186
0.08,0.9300000000000006,0.46882164592937914
0.08,0.9200000000000006,0.4688127403471081
0.08,0.9100000000000006,0.46880383245679136
0.08,0.9000000000000006,0.4687949222713325
0.08,0.8900000000000006,0.46878600980365326
0.08,0.8800000000000006,0.468777095066693
0.08,0.8700000000000006,0.46876817807340887
0.08,0.8600000000000005,0.4687592588367757
0.08,0.8500000000000005,0.4687503373697858
0.08,0.8400000000000005,0.46874141368544864
0.08,0.8300000000000005,0.46873248779679133
0.08,0.8200000000000005,0.4687235597168578
0.08,0.8100000000000005,0.46871462945870973
0.08,0.8000000000000005,0.46870569703542503
0.08,0.7900000000000005,0.46869676246009895
0.08,0.7800000000000005,0.4686878257458434
0.08,0.7700000000000005,0.46867888690578696
0.08,0.7600000000000005,0.468669945953075
0.08,0.7500000000000004,0.46866100290086904
0.08,0.7400000000000004,0.4686520577623472
0.08,0.7300000000000004,0.46864311055070385
0.08,0.7200000000000004,0.4686341612791495
0.08,0.7100000000000004,0.4686252099609107
0.08,0.7000000000000004,0.46861625660922984
0.08,0.6900000000000004,0.46860730123736555
0.08,0.6800000000000004,0.4685983438585916
0.08,0.6700000000000004,0.46858938448619797
0.08,0.6600000000000004,0.46858042313348985
0.08,0.6500000000000004,0.468571459813788
0.08,0.6400000000000003,0.4685624945404284
0.08,0.6300000000000003,0.46855352732676225
0.08,0.6200000000000003,0.4685445581861558
0.08,0.6100000000000003,0.4685355871319905
0.08,0.6000000000000003,0.46852661417766234
0.08,0.5900000000000003,0.4685176393365825
0.08,0.5800000000000003,0.4685086626221766
0.08,0.5700000000000003,0.4684996840478847
0.08,0.5600000000000003,0.4684907036271613
0.08,0.5500000000000003,0.46848172137347555
0.08,0.5400000000000003,0.4684727373003105
0.08,0.5300000000000002,0.4684637514211636
0.08,0.5200000000000002,0.468454763749546
0.08,0.5100000000000002,0.46844577429898276
0.08,0.5000000000000002,0.46843678308301306
0.08,0.49000000000000027,0.46842779011518937
0.08,0.48000000000000026,0.46841879540907777
0.08,0.47000000000000025,0.4684097989782581
0.08,0.46000000000000024,0.4684008008363231
0.08,0.45000000000000023,0.4683918009968787
0.08,0.4400000000000002,0.4683827994735445
0.08,0.4300000000000002,0.4683737962799526
0.08,0.4200000000000002,0.468364791429748
0.08,0.4100000000000002,0.46835578493658864
0.08,0.4000000000000002,0.4683467768141449
0.08,0.3900000000000002,0.4683377670760998
0.08,0.38000000000000017,0.4683287557361488
0.08,0.37000000000000016,0.46831974280799965
0.08,0.36000000000000015,0.46831072830537207
0.08,0.35000000000000014,0.4683017122419981
0.08,0.34000000000000014,0.46829269463162176
0.08,0.3300000000000001,0.4682836754879985
0.08,0.3200000000000001,0.46827465482489605
0.08,0.3100000000000001,0.46826563265609333
0.08,0.3000000000000001,0.4682566089953809
0.08,0.2900000000000001,0.4682475838565604
0.08,0.2800000000000001,0.4682385572534453
0.08,0.2700000000000001,0.4682295291998596
0.08,0.26000000000000006,0.46822049970963875
0.08,0.25000000000000006,0.4682114687966287
0.08,0.24000000000000007,0.4682024364746864
0.08,0.23000000000000007,0.4681934027576796
0.08,0.22000000000000006,0.4681843676594862
0.08,0.21000000000000005,0.4681753311939948
0.08,0.20000000000000004,0.4681662933751041
0.08,0.19000000000000003,0.4681572542167232
0.08,0.18000000000000002,0.4681482137327711
0.08,0.17,0.46813917193717663
0.08,0.16,0.46813012884387883
0.08,0.15,0.46812108446682593
0.08,0.13999999999999999,0.46811203881997615
0.08,0.12999999999999998,0.4681029919172967
0.08,0.11999999999999998,0.46809394377276475
0.08,0.10999999999999999,0.4680848944003661
0.08,0.09999999999999999,0.4680758438140959
0.08,0.09,0.4680667920279581
0.08,0.08,0.4680577390559659
0.08,0.07,0.4680486849121407
0.08,0.060000000000000005,0.4680396296105128
0.08,0.05,0.468030573165121
0.08,0.04,0.46802151559001215
0.08,0.03,0.4680124568992417
0.08,0.02,0.46800339710687294
0.08,0.01,0.46799433622697734
0.08,0,0.46798527427363407
0.07,1.0000000000000007,0.46889022606164604
0.07,0.9900000000000007,0.4688813374497587
0.07,0.9800000000000006,0.46887244643871523
0.07,0.9700000000000006,0.4688635530412934
0.07,0.9600000000000006,0.46885465727028897
0.07,0.9500000000000006,0.46884575913851656
0.07,0.9400000000000006,0.4688368586588091
0.07,0.9300000000000006,0.4688279558440176
0.07,0.9200000000000006,0.46881905070701163
0.07,0.9100000000000006,0.46881014326067844
0.07,0.9000000000000006,0.4688012335179236
0.07,0.8900000000000006,0.46879232149167016
0.07,0.8800000000000006,0.46878340719485967
0.07,0.8700000000000006,0.46877449064045057
0.07,0.8600000000000005,0.4687655718414192
0.07,0.8500000000000005,0.4687566508107597
0.07,0.8400000000000005,0.4687477275614832
0.07,0.8300000000000005,0.46873880210661817
0.07,0.8200000000000005,0.46872987445921044
0.07,0.8100000000000005,0.46872094463232294
0.07,0.8000000000000005,0.4687120126390353
0.07,0.7900000000000005,0.46870307849244414
0.07,0.7800000000000005,0.46869414220566313
0.07,0.7700000000000005,0.4686852037918223
0.07,0.7600000000000005,0.46867626326406836
0.07,0.7500000000000004,0.4686673206355644
0.07,0.7400000000000004,0.46865837591949006
0.07,0.7300000000000004,0.46864942912904106
0.07,0.7200000000000004,0.4686404802774294
0.07,0.7100000000000004,0.46863152937788305
0.07,0.7000000000000004,0.4686225764436458
0.07,0.6900000000000004,0.4686136214879776
0.07,0.6800000000000004,0.4686046645241539
0.07,0.6700000000000004,0.4685957055654656
0.07,0.6600000000000004,0.46858674462521965
0.07,0.6500000000000004,0.4685777817167378
0.07,0.6400000000000003,0.46856881685335744
0.07,0.6300000000000003,0.4685598500484313
0.07,0.6200000000000003,0.46855088131532674
0.07,0.6100000000000003,0.4685419106674265
0.07,0.6000000000000003,0.46853293811812785
0.07,0.5900000000000003,0.4685239636808431
0.07,0.5800000000000003,0.46851498736899916
0.07,0.5700000000000003,0.46850600919603735
0.07,0.5600000000000003,0.4684970291754134
0.07,0.5500000000000003,0.4684880473205976
0.07,0.5400000000000003,0.46847906364507425
0.07,0.5300000000000002,0.46847007816234165
0.07,0.5200000000000002,0.4684610908859123
0.07,0.5100000000000002,0.4684521018293125
0.07,0.5000000000000002,0.4684431110060824
0.07,0.49000000000000027,0.4684341184297755
0.07,0.48000000000000026,0.46842512411395903
0.07,0.47000000000000025,0.4684161280722137
0.07,0.46000000000000024,0.46840713031813364
0.07,0.45000000000000023,0.46839813086532567
0.07,0.4400000000000002,0.4683891297274102
0.07,0.4300000000000002,0.4683801269180205
0.07,0.4200000000000002,0.4683711224508025
0.07,0.4100000000000002,0.46836211633941516
0.07,0.4000000000000002,0.4683531085975296
0.07,0.3900000000000002,0.46834409923883
0.07,0.38000000000000017,0.46833508827701253
0.07,0.37000000000000016,0.46832607572578605
0.07,0.36000000000000015,0.468317061598871
0.07,0.35000000000000014,0.46830804591000025
0.07,0.34000000000000014,0.46829902867291884
0.07,0.3300000000000001,0.46829000990138286
0.07,0.3200000000000001,0.468280989609161
0.07,0.3100000000000001,0.4682719678100328
0.07,0.3000000000000001,0.4682629445177896
0.07,0.2900000000000001,0.46825391974623404
0.07,0.2800000000000001,0.46824489350918
0.07,0.2700000000000001,0.4682358658204525
0.07,0.26000000000000006,0.4682268366938874
0.07,0.25000000000000006,0.4682178061433317
0.07,0.24000000000000007,0.4682087741826428
0.07,0.23000000000000007,0.4681997408256889
0.07,0.22000000000000006,0.468190706086349
0.07,0.21000000000000005,0.46818166997851185
0.07,0.20000000000000004,0.46817263251607705
0.07,0.19000000000000003,0.4681635937129542
0.07,0.18000000000000002,0.4681545535830629
0.07,0.17,0.4681455121403325
0.07,0.16,0.4681364693987026
0.07,0.15,0.4681274253721218
0.07,0.13999999999999999,0.468118380074549
0.07,0.12999999999999998,0.46810933351995193
0.07,0.11999999999999998,0.46810028572230783
0.07,0.10999999999999999,0.4680912366956033
0.07,0.09999999999999999,0.4680821864538338
0.07,0.09,0.46807313501100384
0.07,0.08,0.4680640823811268
0.07,0.07,0.4680550285782245
0.07,0.060000000000000005,0.46804597361632766
0.07,0.05,0.4680369175094753
0.07,0.04,0.46802786027171484
0.07,0.03,0.4680188019171016
0.07,0.02,0.46800974245969945
0.07,0.01,0.4680006819135801
0.07,0,0.46799162029282276
0.060000000000000005,1.0000000000000007,0.46889653232569034
0.060000000000000005,0.9900000000000007,0.46888764417120893
0.060000000000000005,0.9800000000000006,0.4688787536162812
0.060000000000000005,0.9700000000000006,0.4688698606736862
0.060000000000000005,0.9600000000000006,0.4688609653562218
0.060000000000000005,0.9500000000000006,0.4688520676767042
0.060000000000000005,0.9400000000000006,0.46884316764796813
0.060000000000000005,0.9300000000000006,0.46883426528286637
0.060000000000000005,0.9200000000000006,0.46882536059426977
0.060000000000000005,0.9100000000000006,0.4688164535950678
0.060000000000000005,0.9000000000000006,0.46880754429816746
0.060000000000000005,0.8900000000000006,0.4687986327164936
0.060000000000000005,0.8800000000000006,0.468789718862989
0.060000000000000005,0.8700000000000006,0.468780802750614
0.060000000000000005,0.8600000000000005,0.46877188439234685
0.060000000000000005,0.8500000000000005,0.46876296380118293
0.060000000000000005,0.8400000000000005,0.468754040990135
0.060000000000000005,0.8300000000000005,0.46874511597223323
0.060000000000000005,0.8200000000000005,0.46873618876052486
0.060000000000000005,0.8100000000000005,0.4687272593680743
0.060000000000000005,0.8000000000000005,0.468718327807963
0.060000000000000005,0.7900000000000005,0.46870939409328904
0.060000000000000005,0.7800000000000005,0.46870045823716744
0.060000000000000005,0.7700000000000005,0.46869152025272987
0.060000000000000005,0.7600000000000005,0.46868258015312425
0.060000000000000005,0.7500000000000004,0.46867363795151556
0.060000000000000005,0.7400000000000004,0.4686646936610846
0.060000000000000005,0.7300000000000004,0.46865574729502857
0.060000000000000005,0.7200000000000004,0.46864679886656097
0.060000000000000005,0.7100000000000004,0.4686378483889109
0.060000000000000005,0.7000000000000004,0.4686288958753241
0.060000000000000005,0.6900000000000004,0.46861994133906126
0.060000000000000005,0.6800000000000004,0.46861098479339963
0.060000000000000005,0.6700000000000004,0.46860202625163144
0.060000000000000005,0.6600000000000004,0.46859306572706466
0.060000000000000005,0.6500000000000004,0.4685841032330227
0.060000000000000005,0.6400000000000003,0.4685751387828441
0.060000000000000005,0.6300000000000003,0.4685661723898828
0.060000000000000005,0.6200000000000003,0.46855720406750756
0.060000000000000005,0.6100000000000003,0.46854823382910216
0.060000000000000005,0.6000000000000003,0.4685392616880656
0.060000000000000005,0.5900000000000003,0.468530287657811
0.060000000000000005,0.5800000000000003,0.4685213117517666
0.060000000000000005,0.5700000000000003,0.46851233398337483
0.060000000000000005,0.5600000000000003,0.4685033543660928
0.060000000000000005,0.5500000000000003,0.4684943729133918
0.060000000000000005,0.5400000000000003,0.4684853896387573
0.060000000000000005,0.5300000000000002,0.4684764045556888
0.060000000000000005,0.5200000000000002,0.4684674176776999
0.060000000000000005,0.5100000000000002,0.46845842901831786
0.060000000000000005,0.5000000000000002,0.4684494385910841
0.060000000000000005,0.49000000000000027,0.4684404464095531
0.060000000000000005,0.48000000000000026,0.4684314524872933
0.060000000000000005,0.47000000000000025,0.46842245683788636
0.060000000000000005,0.46000000000000024,0.4684134594749272
0.060000000000000005,0.45000000000000023,0.46840446041202405
0.060000000000000005,0.4400000000000002,0.46839545966279805
0.060000000000000005,0.4300000000000002,0.4683864572408835
0.060000000000000005,0.4200000000000002,0.4683774531599272
0.060000000000000005,0.4100000000000002,0.468368447433589
0.060000000000000005,0.4000000000000002,0.46835944007554137
0.060000000000000005,0.3900000000000002,0.4683504310994691
0.060000000000000005,0.38000000000000017,0.46834142051906913
0.060000000000000005,0.37000000000000016,0.4683324083480513
0.060000000000000005,0.36000000000000015,0.46832339460013706
0.060000000000000005,0.35000000000000014,0.46831437928906006
0.060000000000000005,0.34000000000000014,0.4683053624285658
0.060000000000000005,0.3300000000000001,0.4682963440324118
0.060000000000000005,0.3200000000000001,0.46828732411436697
0.060000000000000005,0.3100000000000001,0.4682783026882119
0.060000000000000005,0.3000000000000001,0.46826927976773886
0.060000000000000005,0.2900000000000001,0.468260255366751
0.060000000000000005,0.2800000000000001,0.4682512294990628
0.060000000000000005,0.2700000000000001,0.46824220217850027
0.060000000000000005,0.26000000000000006,0.4682331734188998
0.060000000000000005,0.25000000000000006,0.46822414323410894
0.060000000000000005,0.24000000000000007,0.46821511163798596
0.060000000000000005,0.23000000000000007,0.4682060786443997
0.060000000000000005,0.22000000000000006,0.4681970442672296
0.060000000000000005,0.21000000000000005,0.4681880085203653
0.060000000000000005,0.20000000000000004,0.4681789714177066
0.060000000000000005,0.19000000000000003,0.468169932973164
0.060000000000000005,0.18000000000000002,0.46816089320065746
0.060000000000000005,0.17,0.46815185211411703
0.060000000000000005,0.16,0.46814280972748246
0.060000000000000005,0.15,0.46813376605470336
0.060000000000000005,0.13999999999999999,0.4681247211097386
0.060000000000000005,0.12999999999999998,0.46811567490655664
0.060000000000000005,0.11999999999999998,0.46810662745913534
0.060000000000000005,0.10999999999999999,0.46809757878146135
0.060000000000000005,0.09999999999999999,0.46808852888753083
0.060000000000000005,0.09,0.4680794777913485
0.060000000000000005,0.08,0.4680704255069281
0.060000000000000005,0.07,0.468061372048292
0.060000000000000005,0.060000000000000005,0.46805231742947095
0.060000000000000005,0.05,0.4680432616645045
0.060000000000000005,0.04,0.4680342047674403
0.060000000000000005,0.03,0.46802514675233403
0.060000000000000005,0.02,0.46801608763324987
0.060000000000000005,0.01,0.4680070274242595
0.060000000000000005,0,0.4679979661394426
0.05,1.0000000000000007,0.46890283808748295
0.05,0.9900000000000007,0.46889395039352955
0.05,0.9800000000000006,0.4688850602978425
0.05,0.9700000000000006,0.4688761678132025
0.05,0.9600000000000006,0.46886727295240926
0.05,0.9500000000000006,0.4688583757282807
0.05,0.9400000000000006,0.46884947615365324
0.05,0.9300000000000006,0.4688405742413813
0.05,0.9200000000000006,0.4688316700043376
0.05,0.9100000000000006,0.46882276345541307
0.05,0.9000000000000006,0.46881385460751634
0.05,0.8900000000000006,0.468804943473574
0.05,0.8800000000000006,0.46879603006653053
0.05,0.8700000000000006,0.46878711439934795
0.05,0.8600000000000005,0.46877819648500574
0.05,0.8500000000000005,0.4687692763365011
0.05,0.8400000000000005,0.4687603539668484
0.05,0.8300000000000005,0.4687514293890794
0.05,0.8200000000000005,0.4687425026162428
0.05,0.8100000000000005,0.4687335736614047
0.05,0.8000000000000005,0.46872464253764773
0.05,0.7900000000000005,0.4687157092580718
0.05,0.7800000000000005,0.46870677383579334
0.05,0.7700000000000005,0.4686978362839453
0.05,0.7600000000000005,0.4686888966156774
0.05,0.7500000000000004,0.46867995484415587
0.05,0.7400000000000004,0.468671010982563
0.05,0.7300000000000004,0.46866206504409724
0.05,0.7200000000000004,0.4686531170419737
0.05,0.7100000000000004,0.46864416698942307
0.05,0.7000000000000004,0.46863521489969184
0.05,0.6900000000000004,0.46862626078604275
0.05,0.6800000000000004,0.46861730466175383
0.05,0.6700000000000004,0.468608346540119
0.05,0.6600000000000004,0.4685993864344476
0.05,0.6500000000000004,0.46859042435806403
0.05,0.6400000000000003,0.46858146032430825
0.05,0.6300000000000003,0.4685724943465356
0.05,0.6200000000000003,0.468563526438116
0.05,0.6100000000000003,0.4685545566124346
0.05,0.6000000000000003,0.4685455848828912
0.05,0.5900000000000003,0.4685366112629007
0.05,0.5800000000000003,0.4685276357658921
0.05,0.5700000000000003,0.4685186584053092
0.05,0.5600000000000003,0.46850967919461045
0.05,0.5500000000000003,0.4685006981472679
0.05,0.5400000000000003,0.46849171527676836
0.05,0.5300000000000002,0.4684827305966126
0.05,0.5200000000000002,0.468473744120315
0.05,0.5100000000000002,0.4684647558614043
0.05,0.5000000000000002,0.4684557658334226
0.05,0.49000000000000027,0.4684467740499257
0.05,0.48000000000000026,0.468437780524483
0.05,0.47000000000000025,0.46842878527067705
0.05,0.46000000000000024,0.4684197883021038
0.05,0.45000000000000023,0.4684107896323727
0.05,0.4400000000000002,0.46840178927510573
0.05,0.4300000000000002,0.46839278724393807
0.05,0.4200000000000002,0.46838378355251753
0.05,0.4100000000000002,0.46837477821450507
0.05,0.4000000000000002,0.46836577124357387
0.05,0.3900000000000002,0.46835676265340936
0.05,0.38000000000000017,0.46834775245771004
0.05,0.37000000000000016,0.4683387406701859
0.05,0.36000000000000015,0.4683297273045595
0.05,0.35000000000000014,0.46832071237456546
0.05,0.34000000000000014,0.4683116958939501
0.05,0.3300000000000001,0.4683026778764714
0.05,0.3200000000000001,0.46829365833589937
0.05,0.3100000000000001,0.46828463728601527
0.05,0.3000000000000001,0.46827561474061186
0.05,0.2900000000000001,0.4682665907134934
0.05,0.2800000000000001,0.46825756521847495
0.05,0.2700000000000001,0.468248538269383
0.05,0.26000000000000006,0.4682395098800549
0.05,0.25000000000000006,0.46823048006433876
0.05,0.24000000000000007,0.46822144883609346
0.05,0.23000000000000007,0.4682124162091884
0.05,0.22000000000000006,0.4682033821975036
0.05,0.21000000000000005,0.46819434681492944
0.05,0.20000000000000004,0.46818531007536635
0.05,0.19000000000000003,0.46817627199272505
0.05,0.18000000000000002,0.46816723258092624
0.05,0.17,0.46815819185390056
0.05,0.16,0.4681491498255882
0.05,0.15,0.46814010650993904
0.05,0.13999999999999999,0.4681310619209128
0.05,0.12999999999999998,0.46812201607247816
0.05,0.11999999999999998,0.4681129689786132
0.05,0.10999999999999999,0.46810392065330536
0.05,0.09999999999999999,0.4680948711105509
0.05,0.09,0.46808582036435525
0.05,0.08,0.46807676842873214
0.05,0.07,0.4680677153177044
0.05,0.060000000000000005,0.4680586610453032
0.05,0.05,0.46804960562556824
0.05,0.04,0.4680405490725476
0.05,0.03,0.4680314914002972
0.05,0.02,0.46802243262288135
0.05,0.01,0.46801337275437194
0.05,0,0.46800431180884905
0.04,1.0000000000000007,0.4689091433424894
0.04,0.9900000000000007,0.4689002561121846
0.04,0.9800000000000006,0.4688913664788619
0.04,0.9700000000000006,0.4688824744553039
0.04,0.9600000000000006,0.4688735800543118
0.04,0.9500000000000006,0.4688646832887053
0.04,0.9400000000000006,0.4688557841713221
0.04,0.9300000000000006,0.4688468827150192
0.04,0.9200000000000006,0.4688379789326702
0.04,0.9100000000000006,0.4688290728371679
0.04,0.9000000000000006,0.46882016444142266
0.04,0.8900000000000006,0.4688112537583629
0.04,0.8800000000000006,0.46880234080093436
0.04,0.8700000000000006,0.4687934255821007
0.04,0.8600000000000005,0.4687845081148431
0.04,0.8500000000000005,0.4687755884121604
0.04,0.8400000000000005,0.4687666664870684
0.04,0.8300000000000005,0.4687577423526004
0.04,0.8200000000000005,0.46874881602180685
0.04,0.8100000000000005,0.4687398875077549
0.04,0.8000000000000005,0.46873095682352933
0.04,0.7900000000000005,0.46872202398223095
0.04,0.7800000000000005,0.468713088996978
0.04,0.7700000000000005,0.46870415188090475
0.04,0.7600000000000005,0.4686952126471625
0.04,0.7500000000000004,0.46868627130891877
0.04,0.7400000000000004,0.46867732787935734
0.04,0.7300000000000004,0.46866838237167835
0.04,0.7200000000000004,0.4686594347990977
0.04,0.7100000000000004,0.4686504851748479
0.04,0.7000000000000004,0.46864153351217674
0.04,0.6900000000000004,0.46863257982434814
0.04,0.6800000000000004,0.4686236241246416
0.04,0.6700000000000004,0.46861466642635236
0.04,0.6600000000000004,0.46860570674279095
0.04,0.6500000000000004,0.4685967450872833
0.04,0.6400000000000003,0.46858778147317043
0.04,0.6300000000000003,0.46857881591380884
0.04,0.6200000000000003,0.46856984842257016
0.04,0.6100000000000003,0.46856087901284016
0.04,0.6000000000000003,0.4685519076980204
0.04,0.5900000000000003,0.4685429344915265
0.04,0.5800000000000003,0.46853395940678905
0.04,0.5700000000000003,0.4685249824572528
0.04,0.5600000000000003,0.4685160036563772
0.04,0.5500000000000003,0.46850702301763586
0.04,0.5400000000000003,0.46849804055451644
0.04,0.5300000000000002,0.4684890562805207
0.04,0.5200000000000002,0.4684800702091645
0.04,0.5100000000000002,0.4684710823539771
0.04,0.5000000000000002,0.46846209272850214
0.04,0.49000000000000027,0.4684531013462962
0.04,0.48000000000000026,0.4684441082209298
0.04,0.47000000000000025,0.46843511336598653
0.04,0.46000000000000024,0.46842611679506335
0.04,0.45000000000000023,0.4684171185217704
0.04,0.4400000000000002,0.46840811855973097
0.04,0.4300000000000002,0.468399116922581
0.04,0.4200000000000002,0.4683901136239695
0.04,0.4100000000000002,0.46838110867755794
0.04,0.4000000000000002,0.4683721020970204
0.04,0.3900000000000002,0.4683630938960436
0.04,0.38000000000000017,0.4683540840883264
0.04,0.37000000000000016,0.4683450726875802
0.04,0.36000000000000015,0.46833605970752795
0.04,0.35000000000000014,0.4683270451619051
0.04,0.34000000000000014,0.4683180290644588
0.04,0.3300000000000001,0.46830901142894804
0.04,0.3200000000000001,0.4682999922691433
0.04,0.3100000000000001,0.4682909715988267
0.04,0.3000000000000001,0.4682819494317919
0.04,0.2900000000000001,0.46827292578184343
0.04,0.2800000000000001,0.4682639006627975
0.04,0.2700000000000001,0.468254874088481
0.04,0.26000000000000006,0.468245846072732
0.04,0.25000000000000006,0.46823681662939926
0.04,0.24000000000000007,0.46822778577234225
0.04,0.23000000000000007,0.468218753515431
0.04,0.22000000000000006,0.4682097198725462
0.04,0.21000000000000005,0.46820068485757865
0.04,0.20000000000000004,0.46819164848442946
0.04,0.19000000000000003,0.4681826107670097
0.04,0.18000000000000002,0.46817357171924084
0.04,0.17,0.46816453135505376
0.04,0.16,0.4681554896883892
0.04,0.15,0.4681464467331977
0.04,0.13999999999999999,0.46813740250343916
0.04,0.12999999999999998,0.4681283570130828
0.04,0.11999999999999998,0.4681193102761073
0.04,0.10999999999999999,0.46811026230650027
0.04,0.09999999999999999,0.46810121311825836
0.04,0.09,0.4680921627253871
0.04,0.08,0.4680831111419011
0.04,0.07,0.4680740583818232
0.04,0.060000000000000005,0.468065004459185
0.04,0.05,0.4680559493880262
0.04,0.04,0.46804689318239534
0.04,0.03,0.4680378358563487
0.04,0.02,0.4680287774239507
0.04,0.01,0.46801971789927344
0.04,0,0.4680106572963972
0.03,1.0000000000000007,0.4689154480861757
0.03,0.9900000000000007,0.468906561322639
0.03,0.9800000000000006,0.4688976721548031
0.03,0.9700000000000006,0.46888878059545236
0.03,0.9600000000000006,0.46887988665738983
0.03,0.9500000000000006,0.4688709903534368
0.03,0.9400000000000006,0.46886209169643295
0.03,0.9300000000000006,0.4688531906992362
0.03,0.9200000000000006,0.4688442873747227
0.03,0.9100000000000006,0.4688353817357865
0.03,0.9000000000000006,0.4688264737953394
0.03,0.8900000000000006,0.4688175635663115
0.03,0.8800000000000006,0.4688086510616504
0.03,0.8700000000000006,0.46879973629432115
0.03,0.8600000000000005,0.46879081927730665
0.03,0.8500000000000005,0.46878190002360703
0.03,0.8400000000000005,0.4687729785462399
0.03,0.8300000000000005,0.4687640548582399
0.03,0.8200000000000005,0.46875512897265903
0.03,0.8100000000000005,0.46874620090256636
0.03,0.8000000000000005,0.4687372706610474
0.03,0.7900000000000005,0.4687283382612051
0.03,0.7800000000000005,0.4687194037161587
0.03,0.7700000000000005,0.46871046703904434
0.03,0.7600000000000005,0.46870152824301453
0.03,0.7500000000000004,0.46869258734123814
0.03,0.7400000000000004,0.46868364434690046
0.03,0.7300000000000004,0.4686746992732028
0.03,0.7200000000000004,0.46866575213336303
0.03,0.7100000000000004,0.4686568029406143
0.03,0.7000000000000004,0.4686478517082061
0.03,0.6900000000000004,0.46863889844940376
0.03,0.6800000000000004,0.468629943177488
0.03,0.6700000000000004,0.4686209859057554
0.03,0.6600000000000004,0.4686120266475176
0.03,0.6500000000000004,0.468603065416102
0.03,0.6400000000000003,0.46859410222485093
0.03,0.6300000000000003,0.46858513708712207
0.03,0.6200000000000003,0.4685761700162879
0.03,0.6100000000000003,0.46856720102573607
0.03,0.6000000000000003,0.4685582301288687
0.03,0.5900000000000003,0.46854925733910324
0.03,0.5800000000000003,0.4685402826698708
0.03,0.5700000000000003,0.46853130613461774
0.03,0.5600000000000003,0.46852232774680447
0.03,0.5500000000000003,0.4685133475199058
0.03,0.5400000000000003,0.4685043654674103
0.03,0.5300000000000002,0.46849538160282095
0.03,0.5200000000000002,0.46848639593965463
0.03,0.5100000000000002,0.46847740849144204
0.03,0.5000000000000002,0.46846841927172717
0.03,0.49000000000000027,0.4684594282940681
0.03,0.48000000000000026,0.46845043557203625
0.03,0.47000000000000025,0.4684414411192161
0.03,0.46000000000000024,0.4684324449492058
0.03,0.45000000000000023,0.4684234470756163
0.03,0.4400000000000002,0.4684144475120718
0.03,0.4300000000000002,0.4684054462722092
0.03,0.4200000000000002,0.46839644336967845
0.03,0.4100000000000002,0.468387438818142
0.03,0.4000000000000002,0.4683784326312747
0.03,0.3900000000000002,0.468369424822764
0.03,0.38000000000000017,0.46836041540631
0.03,0.37000000000000016,0.4683514043956242
0.03,0.36000000000000015,0.4683423918044314
0.03,0.35000000000000014,0.46833337764646693
0.03,0.34000000000000014,0.46832436193547927
0.03,0.3300000000000001,0.46831534468522784
0.03,0.3200000000000001,0.46830632590948407
0.03,0.3100000000000001,0.4682973056220306
0.03,0.3000000000000001,0.468288283836662
0.03,0.2900000000000001,0.4682792605671834
0.03,0.2800000000000001,0.4682702358274116
0.03,0.2700000000000001,0.4682612096311744
0.03,0.26000000000000006,0.4682521819923102
0.03,0.25000000000000006,0.4682431529246686
0.03,0.24000000000000007,0.46823412244210966
0.03,0.23000000000000007,0.4682250905585039
0.03,0.22000000000000006,0.46821605728773263
0.03,0.21000000000000005,0.46820702264368713
0.03,0.20000000000000004,0.4681979866402691
0.03,0.19000000000000003,0.4681889492913904
0.03,0.18000000000000002,0.4681799106109724
0.03,0.17,0.4681708706129469
0.03,0.16,0.4681618293112551
0.03,0.15,0.4681527867198478
0.03,0.13999999999999999,0.4681437428526854
0.03,0.12999999999999998,0.4681346977237376
0.03,0.11999999999999998,0.4681256513469834
0.03,0.10999999999999999,0.4681166037364107
0.03,0.09999999999999999,0.46810755490601663
0.03,0.09,0.46809850486980725
0.03,0.08,0.46808945364179705
0.03,0.07,0.4680804012360095
0.03,0.060000000000000005,0.46807134766647635
0.03,0.05,0.4680622929472376
0.03,0.04,0.46805323709234214
0.03,0.03,0.46804418011584625
0.03,0.02,0.4680351220318146
0.03,0.01,0.4680260628543198
0.03,0,0.46801700259744194
0.02,1.0000000000000007,0.46892175231400834
0.02,0.9900000000000007,0.4689128660203575
0.02,0.9800000000000006,0.4689039773211295
0.02,0.9700000000000006,0.4688950862291102
0.02,0.9600000000000006,0.46888619275710447
0.02,0.9500000000000006,0.4688772969179352
0.02,0.9400000000000006,0.4688683987244438
0.02,0.9300000000000006,0.4688594981894898
0.02,0.9200000000000006,0.46885059532595097
0.02,0.9100000000000006,0.46884169014672294
0.02,0.9000000000000006,0.46883278266471934
0.02,0.8900000000000006,0.4688238728928717
0.02,0.8800000000000006,0.4688149608441292
0.02,0.8700000000000006,0.4688060465314585
0.02,0.8600000000000005,0.468797129967844
0.02,0.8500000000000005,0.4687882111662876
0.02,0.8400000000000005,0.46877929013980807
0.02,0.8300000000000005,0.4687703669014419
0.02,0.8200000000000005,0.4687614414642424
0.02,0.8100000000000005,0.4687525138412802
0.02,0.8000000000000005,0.46874358404564237
0.02,0.7900000000000005,0.46873465209043313
0.02,0.7800000000000005,0.4687257179887733
0.02,0.7700000000000005,0.4687167817538005
0.02,0.7600000000000005,0.4687078433986685
0.02,0.7500000000000004,0.46869890293654765
0.02,0.7400000000000004,0.4686899603806246
0.02,0.7300000000000004,0.46868101574410226
0.02,0.7200000000000004,0.4686720690401995
0.02,0.7100000000000004,0.4686631202821512
0.02,0.7000000000000004,0.4686541694832079
0.02,0.6900000000000004,0.4686452166566363
0.02,0.6800000000000004,0.46863626181571855
0.02,0.6700000000000004,0.46862730497375227
0.02,0.6600000000000004,0.4686183461440505
0.02,0.6500000000000004,0.46860938533994206
0.02,0.6400000000000003,0.46860042257477036
0.02,0.6300000000000003,0.46859145786189427
0.02,0.6200000000000003,0.4685824912146876
0.02,0.6100000000000003,0.4685735226465392
0.02,0.6000000000000003,0.4685645521708523
0.02,0.5900000000000003,0.4685555798010454
0.02,0.5800000000000003,0.46854660555055105
0.02,0.5700000000000003,0.46853762943281657
0.02,0.5600000000000003,0.4685286514613035
0.02,0.5500000000000003,0.46851967164948755
0.02,0.5400000000000003,0.46851069001085877
0.02,0.5300000000000002,0.4685017065589212
0.02,0.5200000000000002,0.4684927213071924
0.02,0.5100000000000002,0.4684837342692043
0.02,0.5000000000000002,0.468474745458502
0.02,0.49000000000000027,0.46846575488864467
0.02,0.48000000000000026,0.4684567625732043
0.02,0.47000000000000025,0.4684477685257668
0.02,0.46000000000000024,0.4684387727599311
0.02,0.45000000000000023,0.46842977528930907
0.02,0.4400000000000002,0.4684207761275258
0.02,0.4300000000000002,0.46841177528821937
0.02,0.4200000000000002,0.46840277278504017
0.02,0.4100000000000002,0.4683937686316519
0.02,0.4000000000000002,0.46838476284173003
0.02,0.3900000000000002,0.46837575542896315
0.02,0.38000000000000017,0.4683667464070518
0.02,0.37000000000000016,0.46835773578970885
0.02,0.36000000000000015,0.4683487235906591
0.02,0.35000000000000014,0.4683397098236395
0.02,0.34000000000000014,0.46833069450239867
0.02,0.3300000000000001,0.46832167764069704
0.02,0.3200000000000001,0.46831265925230664
0.02,0.3100000000000001,0.46830363935101105
0.02,0.3000000000000001,0.46829461795060523
0.02,0.2900000000000001,0.4682855950648952
0.02,0.2800000000000001,0.4682765707076984
0.02,0.2700000000000001,0.46826754489284317
0.02,0.26000000000000006,0.4682585176341687
0.02,0.25000000000000006,0.46824948894552504
0.02,0.24000000000000007,0.4682404588407727
0.02,0.23000000000000007,0.4682314273337831
0.02,0.22000000000000006,0.46822239443843794
0.02,0.21000000000000005,0.468213360168629
0.02,0.20000000000000004,0.4682043245382586
0.02,0.19000000000000003,0.46819528756123907
0.02,0.18000000000000002,0.46818624925149227
0.02,0.17,0.4681772096229503
0.02,0.16,0.4681681686895551
0.02,0.15,0.46815912646525765
0.02,0.13999999999999999,0.4681500829640189
0.02,0.12999999999999998,0.4681410381998089
0.02,0.11999999999999998,0.4681319921866069
0.02,0.10999999999999999,0.4681229449384014
0.02,0.09999999999999999,0.46811389646918977
0.02,0.09,0.46810484679297837
0.02,0.08,0.46809579592378203
0.02,0.07,0.4680867438756244
0.02,0.060000000000000005,0.46807769066253746
0.02,0.05,0.46806863629856177
0.02,0.04,0.4680595807977462
0.02,0.03,0.4680505241741473
0.02,0.02,0.46804146644182987
0.02,0.01,0.46803240761486675
0.02,0,0.4680233477073382
0.01,1.0000000000000007,0.46892805602145377
0.01,0.9900000000000007,0.46891917020080554
0.01,0.9800000000000006,0.4689102819733049
0.01,0.9700000000000006,0.4689013913517399
0.01,0.9600000000000006,0.46889249834891683
0.01,0.9500000000000006,0.46888360297766024
0.01,0.9400000000000006,0.46887470525081315
0.01,0.9300000000000006,0.46886580518123694
0.01,0.9200000000000006,0.4688569027818107
0.01,0.9100000000000006,0.468847998065432
0.01,0.9000000000000006,0.4688390910450158
0.01,0.8900000000000006,0.46883018173349533
0.01,0.8800000000000006,0.4688212701438213
0.01,0.8700000000000006,0.468812356288962
0.01,0.8600000000000005,0.4688034401819033
0.01,0.8500000000000005,0.4687945218356487
0.01,0.8400000000000005,0.4687856012632184
0.01,0.8300000000000005,0.4687766784776505
0.01,0.8200000000000005,0.4687677534919998
0.01,0.8100000000000005,0.46875882631933813
0.01,0.8000000000000005,0.4687498969727544
0.01,0.7900000000000005,0.46874096546535415
0.01,0.7800000000000005,0.4687320318102596
0.01,0.7700000000000005,0.4687230960206097
0.01,0.7600000000000005,0.4687141581095597
0.01,0.7500000000000004,0.46870521809028143
0.01,0.7400000000000004,0.46869627597596303
0.01,0.7300000000000004,0.4686873317798083
0.01,0.7200000000000004,0.4686783855150378
0.01,0.7100000000000004,0.4686694371948877
0.01,0.7000000000000004,0.46866048683260986
0.01,0.6900000000000004,0.46865153444147234
0.01,0.6800000000000004,0.4686425800347585
0.01,0.6700000000000004,0.4686336236257671
0.01,0.6600000000000004,0.46862466522781276
0.01,0.6500000000000004,0.46861570485422527
0.01,0.6400000000000003,0.4686067425183494
0.01,0.6300000000000003,0.4685977782335452
0.01,0.6200000000000003,0.46858881201318764
0.01,0.6100000000000003,0.46857984387066665
0.01,0.6000000000000003,0.468570873819387
0.01,0.5900000000000003,0.4685619018727679
0.01,0.5800000000000003,0.4685529280442433
0.01,0.5700000000000003,0.4685439523472616
0.01,0.5600000000000003,0.46853497479528544
0.01,0.5500000000000003,0.4685259954017916
0.01,0.5400000000000003,0.46851701418027114
0.01,0.5300000000000002,0.4685080311442292
0.01,0.5200000000000002,0.46849904630718453
0.01,0.5100000000000002,0.4684900596826698
0.01,0.5000000000000002,0.46848107128423133
0.01,0.49000000000000027,0.46847208112542926
0.01,0.48000000000000026,0.4684630892198365
0.01,0.47000000000000025,0.46845409558103984
0.01,0.46000000000000024,0.46844510022263935
0.01,0.45000000000000023,0.46843610315824774
0.01,0.4400000000000002,0.46842710440149116
0.01,0.4300000000000002,0.46841810396600814
0.01,0.4200000000000002,0.4684091018654505
0.01,0.4100000000000002,0.4684000981134822
0.01,0.4000000000000002,0.4683910927237802
0.01,0.3900000000000002,0.4683820857100335
0.01,0.38000000000000017,0.4683730770859436
0.01,0.37000000000000016,0.4683640668652241
0.01,0.36000000000000015,0.4683550550616007
0.01,0.35000000000000014,0.46834604168881094
0.01,0.34000000000000014,0.4683370267606042
0.01,0.3300000000000001,0.4683280102907417
0.01,0.3200000000000001,0.4683189922929963
0.01,0.3100000000000001,0.4683099727811521
0.01,0.3000000000000001,0.4683009517690047
0.01,0.2900000000000001,0.4682919292703611
0.01,0.2800000000000001,0.468282905299039
0.01,0.2700000000000001,0.46827387986886754
0.01,0.26000000000000006,0.46826485299368636
0.01,0.25000000000000006,0.4682558246873463
0.01,0.24000000000000007,0.4682467949637084
0.01,0.23000000000000007,0.4682377638366446
0.01,0.22000000000000006,0.46822873132003723
0.01,0.21000000000000005,0.46821969742777847
0.01,0.20000000000000004,0.46821066217377116
0.01,0.19000000000000003,0.46820162557192796
0.01,0.18000000000000002,0.4681925876361715
0.01,0.17,0.4681835483804343
0.01,0.16,0.46817450781865844
0.01,0.15,0.4681654659647956
0.01,0.13999999999999999,0.468156422832807
0.01,0.12999999999999998,0.46814737843666304
0.01,0.11999999999999998,0.46813833279034345
0.01,0.10999999999999999,0.468129285907837
0.01,0.09999999999999999,0.4681202378031414
0.01,0.09,0.4681111884902632
0.01,0.08,0.46810213798321754
0.01,0.07,0.46809308629602864
0.01,0.060000000000000005,0.4680840334427284
0.01,0.05,0.4680749794373578
0.01,0.04,0.46806592429396554
0.01,0.03,0.4680568680266089
0.01,0.02,0.46804781064935264
0.01,0.01,0.4680387521762697
0.01,0,0.46802969262144056
0,1.0000000000000007,0.468934359203979
0,0.9900000000000007,0.46892547385944855
0,0.9800000000000006,0.4689165861067938
0,0.9700000000000006,0.46890769595880444
0,0.9600000000000006,0.46889880342828844
0,0.9500000000000006,0.4688899085280721
0,0.9400000000000006,0.46888101127100007
0,0.9300000000000006,0.4688721116699351
0,0.9200000000000006,0.4688632097377583
0,0.9100000000000006,0.4688543054873683
0,0.9000000000000006,0.46884539893168226
0,0.8900000000000006,0.4688364900836346
0,0.8800000000000006,0.46882757895617755
0,0.8700000000000006,0.4688186655622812
0,0.8600000000000005,0.46880974991493285
0,0.8500000000000005,0.46880083202713724
0,0.8400000000000005,0.4687919119119166
0,0.8300000000000005,0.4687829895823101
0,0.8200000000000005,0.4687740650513742
0,0.8100000000000005,0.4687651383321821
0,0.8000000000000005,0.46875620943782415
0,0.7900000000000005,0.46874727838140745
0,0.7800000000000005,0.46873834517605556
0,0.7700000000000005,0.4687294098349088
0,0.7600000000000005,0.4687204723711238
0,0.7500000000000004,0.468711532797874
0,0.7400000000000004,0.4687025911283484
0,0.7300000000000004,0.4686936473757528
0,0.7200000000000004,0.4686847015533085
0,0.7100000000000004,0.4686757536742533
0,0.7000000000000004,0.4686668037518404
0,0.6900000000000004,0.46865785179933894
0,0.6800000000000004,0.46864889783003355
0,0.6700000000000004,0.46863994185722463
0,0.6600000000000004,0.4686309838942277
0,0.6500000000000004,0.46862202395437375
0,0.6400000000000003,0.46861306205100883
0,0.6300000000000003,0.4686040981974944
0,0.6200000000000003,0.46859513240720635
0,0.6100000000000003,0.4685861646935358
0,0.6000000000000003,0.4685771950698888
0,0.5900000000000003,0.4685682235496858
0,0.5800000000000003,0.4685592501463614
0,0.5700000000000003,0.46855027487336554
0,0.5600000000000003,0.4685412977441618
0,0.5500000000000003,0.4685323187722281
0,0.5400000000000003,0.4685233379710565
0,0.5300000000000002,0.4685143553541531
0,0.5200000000000002,0.46850537093503786
0,0.5100000000000002,0.4684963847272443
0,0.5000000000000002,0.46848739674431983
0,0.49000000000000027,0.46847840699982535
0,0.48000000000000026,0.4684694155073351
0,0.47000000000000025,0.46846042228043666
0,0.46000000000000024,0.46845142733273093
0,0.45000000000000023,0.46844243067783153
0,0.4400000000000002,0.4684334323293656
0,0.4300000000000002,0.46842443230097247
0,0.4200000000000002,0.468415430606305
0,0.4100000000000002,0.4684064272590279
0,0.4000000000000002,0.46839742227281883
0,0.3900000000000002,0.46838841566136763
0,0.38000000000000017,0.4683794074383768
0,0.37000000000000016,0.4683703976175606
0,0.36000000000000015,0.4683613862126453
0,0.35000000000000014,0.4683523732373695
0,0.34000000000000014,0.46834335870548316
0,0.3300000000000001,0.46833434263074825
0,0.3200000000000001,0.46832532502693824
0,0.3100000000000001,0.46831630590783796
0,0.3000000000000001,0.4683072852872437
0,0.2900000000000001,0.46829826317896306
0,0.2800000000000001,0.46828923959681434
0,0.2700000000000001,0.4682802145546273
0,0.26000000000000006,0.46827118806624246
0,0.25000000000000006,0.4682621601455106
0,0.24000000000000007,0.46825313080629405
0,0.23000000000000007,0.4682441000624647
0,0.22000000000000006,0.4682350679279056
0,0.21000000000000005,0.4682260344165095
0,0.20000000000000004,0.46821699954217966
0,0.19000000000000003,0.4682079633188293
0,0.18000000000000002,0.46819892576038147
0,0.17,0.468189886880769
0,0.16,0.46818084669393445
0,0.15,0.4681718052138299
0,0.13999999999999999,0.46816276245441707
0,0.12999999999999998,0.4681537184296665
0,0.11999999999999998,0.4681446731535584
0,0.10999999999999999,0.46813562664008196
0,0.09999999999999999,0.4681265789032349
0,0.09,0.46811752995702427
0,0.08,0.4681084798154655
0,0.07,0.46809942849258296
0,0.060000000000000005,0.468090376002409
0,0.05,0.46808132235898436
0,0.04,0.46807226757635856
0,0.03,0.46806321166858844
0,0.02,0.4680541546497393
0,0.01,0.4680450965338842
0,0,0.46803603733510357
