index,iter,time,objective
0,0,0.5422826869487762,-110.0478062748287
1,1,0.9848982710838318,-112.39301514606765
2,2,1.4169934520721434,-113.61273661904265
3,3,1.8142731530666352,-93.81604862078788
4,4,2.2154533579349516,-106.89998728297189
5,5,2.614935183048248,-96.2161659071218
6,6,2.9067699370384217,-105.39318943412351
7,7,3.2896276440620422,-108.35189995963
8,8,3.653457750082016,-105.69999434794909
9,9,4.029785439014435,-106.8999852873636
10,10,4.422530311107636,-100.40704083224517
11,11,4.791601634979248,-116.73214962759384
12,12,5.237232095956802,-99.40290368022357
13,13,5.706131919145584,-101.70809940082286
14,14,6.084870155096054,-100.52022512323896
15,15,6.438549072980881,-98.69424333618218
16,16,6.842559462070465,-110.02538236613249
17,17,7.222591669082641,-114.10000402691747
18,18,7.58254182100296,-110.50001422008224
19,19,7.94017947101593,-95.13382530663124
20,20,8.320958431005478,-102.91602074668953
21,21,8.878402179002762,-106.93462581275071
22,22,9.255202666044235,-96.949529228412
23,23,9.612396099090576,-91.41707215883112
24,24,9.992377362012864,-108.7903251478074
25,25,10.31685668706894,-114.28636395427733
26,26,10.61757670903206,-96.29103280175902
27,27,10.951533725976944,-98.68472422309529
28,28,11.331314279079438,-100.57770451709987
29,29,11.723011220932007,-108.28262532623448
30,30,12.086393995046615,-105.73519641977143
31,31,12.510997657060623,-108.21760355166194
32,32,12.867334304094314,-105.87951307007293
33,33,13.349330196142196,-103.41774998454888
34,34,13.731846374988557,-98.28420461842974
35,35,14.054169054985046,-100.90001519438565
36,36,14.400754359960557,-113.58842553316386
37,37,14.753052155017853,-111.18825778089598
38,38,15.130302659988404,-111.186094726397
39,39,15.51759238409996,-98.50002799333073
40,40,15.893122820138931,-108.27250167073089
41,41,16.28144010806084,-114.10000360488363
42,42,16.658583649158476,-93.81849503118337
43,43,17.050690861940385,-104.67014142179562
44,44,17.459019257068633,-83.81958575742168
45,45,17.99716494703293,-101.6180808919279
46,46,18.405970757961274,-99.3055542671733
47,47,18.802665030002593,-110.49999766262277
48,48,19.196949659109116,-109.33664232450295
49,49,19.587038536071777,-109.98641612796077
50,50,19.979414649009705,-117.73675552147918
51,51,20.383333728075026,-112.37814367202401
52,52,20.717835049152374,-114.81443164191987
53,53,21.075091457128526,-103.30003850856741
54,54,21.452158493995668,-108.27189433038961
55,55,21.805356647968292,-110.15742567077989
56,56,22.37080329012871,-107.01931946165499
57,57,22.75817017698288,-103.30002216250017
58,58,23.13093677806854,-102.24897327854084
59,59,23.476477535009384,-110.18143876401493
60,60,23.843900282144546,-105.70000442592044
61,61,24.205037076950074,-104.4999873410388
62,62,24.566118829011916,-113.75368176469269
63,63,24.919241178035737,-102.78439872579105
64,64,25.245833579063415,-108.77075872850381
65,65,25.60695214700699,-91.42022480529046
66,66,26.20292098712921,-105.18365150707595
67,67,26.568758080005647,-108.10009341868812
68,68,26.963109676122667,-107.58331461576175
69,69,27.34232602715492,-106.36806115129549
70,70,27.74683603000641,-110.02126518780936
71,71,28.116633394002914,-112.36702311294206
72,72,28.431973906993868,-108.24889448918182
73,73,28.804958672046663,-96.22091496120856
74,74,29.167678704977035,-113.60385705924284
75,75,29.562975183963776,-99.84609818190495
76,76,30.116847965955735,-97.42128036229151
77,77,30.50625298810005,-107.58145629831041
78,78,30.879944687128067,-111.16208028738725
79,79,31.24050685095787,-115.30000706905889
80,80,31.609594885110855,-111.73927419020937
81,81,32.000237584114075,-118.3992117870092
82,82,32.36183211493492,-99.86118489955297
83,83,32.76696264910698,-97.95828979147166
84,84,33.05938475108147,-114.10015631637481
85,85,33.443361521959304,-109.9570241692858
86,86,33.81676716804505,-115.98027572075063
87,87,34.26138348197937,-92.0773312891692
88,88,34.771150228977206,-104.53974625734374
89,89,35.17734094405174,-99.15372678678537
90,90,35.57015710902214,-97.42224750612641
91,91,35.9508682000637,-102.23176746597564
92,92,36.30601616001129,-110.53990058857767
93,93,36.687714415073394,-104.60034012070787
94,94,37.0158008339405,-96.34456690596302
95,95,37.36331986808777,-102.77937901952262
96,96,37.730955450057984,-106.50147194719936
97,97,38.090141272068024,-103.42526376390471
98,98,38.51073229598999,-103.42399168885765
99,99,39.103773616075514,-103.42840818632571
100,100,39.47493065309524,-105.86145946704815
101,101,39.869654684066774,-98.7049344874168
102,102,40.205475211143494,-93.69970502657789
103,103,40.629933925151825,-107.01570695220346
104,104,41.046698277950284,-105.13575100687626
105,105,41.36907146406174,-124.98214942689413
106,106,41.749525964975355,-104.4996519239832
107,107,42.12997892212868,-111.70015156816642
108,108,42.53593287205696,-114.09978903376562
109,109,42.88629792904854,-101.576481573568
110,110,43.30003427910805,-100.89960211325311
111,111,43.828922338962556,-109.97605808506488
112,112,44.226220528125765,-104.49954641253669
113,113,44.619519258975984,-106.32445658834365
114,114,45.01352484202385,-109.9752260740065
115,115,45.37777593493462,-108.82008510346718
116,116,45.76636253809929,-110.07129291742531
117,117,46.10390914106369,-110.50001580913234
118,118,46.44619941997528,-112.93594731192665
119,119,46.785923746109006,-115.95851057056353
120,120,47.138939823150636,-111.17374660051546
121,121,47.48159503412246,-112.35529990951467
122,122,47.85187623000145,-118.98643892909202
123,123,48.43705343198776,-99.10861822129431
124,124,48.84425108909607,-107.54995437556151
125,125,49.18781949305534,-103.29940917438535
126,126,49.543213113069534,-118.37132902521071
127,127,49.91996770405769,-121.97180460652626
128,128,50.27975415611267,-104.54336446147983
129,129,50.61458599901199,-110.4991665476316
130,130,51.00834761595726,-97.42646865780897
131,131,51.42722281098366,-118.41507632694494
132,132,51.72550545501709,-102.83599074566172
133,133,52.06245588111877,-114.77041726820985
134,134,52.44137281394005,-114.76951926813005
135,135,53.049126063108446,-105.13580276997472
136,136,53.40386081504822,-111.08876348412264
137,137,53.79477165913582,-103.34483799787564
138,138,54.17060906815529,-105.29593086267722
139,139,54.540166131973265,-99.75333857715567
140,140,54.97157026910782,-103.96727915165349
141,141,55.326005051136015,-111.92880433127247
142,142,55.71471881008148,-106.8991138845199
143,143,56.113042345047,-106.89860803416546
144,144,56.52495710015297,-103.34100445737485
145,145,57.116507285118104,-101.02892750079955
146,146,57.46959119009971,-102.76505636305073
147,147,57.81497121715546,-99.73466219441724
148,148,58.22378662109375,-101.59903426911761
149,149,58.583450798988345,-94.44336269663799
150,150,58.955269919157026,-100.89899611873382
151,151,59.32766721296311,-108.76095592841463
152,152,59.69042128396034,-109.443712633093
153,153,60.05498892712593,-126.14852001927478
154,154,60.44248906993866,-109.90348009204611
155,155,60.922915729999545,-116.05801010240762
156,156,61.463796905994414,-110.51045311676883
157,157,61.857745917081836,-103.30801833470491
158,158,62.27761845397949,-111.74997541874743
159,159,62.687630604982374,-112.90105327608327
160,160,63.09979708099365,-100.89916984778584
161,161,63.4776107211113,-99.69981336315861
162,162,63.86083037209511,-98.4976185174427
163,163,64.27640076303481,-91.43289574935838
164,164,64.65721211600304,-112.3543169656982
165,165,65.07153347802162,-106.88370399307226
166,166,65.48502417111396,-108.09825280598646
167,167,65.98692353701591,-102.09984444405703
168,168,66.31175056815147,-116.60385769389218
169,169,66.68404382705688,-100.74322355896291
170,170,67.01885018205643,-103.79056008276048
171,171,67.39746550011635,-99.6985996144388
172,172,67.79672478795051,-102.0951931295044
173,173,68.20491474604607,-111.70016421158171
174,174,68.61011253714561,-112.89957822943839
175,175,68.96449704194069,-114.15497693512596
176,176,69.35284588694573,-111.7001898766974
177,177,69.70328510808945,-106.34532370235485
178,178,70.3347207801342,-93.13161802426984
179,179,70.74363618707658,-107.39271490203359
180,180,71.09801749396324,-102.83884559025844
181,181,71.45046105408669,-101.9331393501249
182,182,71.83804618906974,-103.07196766118643
183,183,72.21358823299408,-102.77035005535828
184,184,72.6519718720913,-103.94354864220603
185,185,73.0324041340351,-123.7524141841258
186,186,73.42941152906418,-102.88203251975789
187,187,73.82081674003601,-111.13954695550333
188,188,74.2137205939293,-113.54095854461605
189,189,74.84803084397316,-110.4988956147453
190,190,75.250292178154,-117.0094795467866
191,191,75.61461242508888,-110.50671727456655
192,192,75.94766834402084,-119.0150347818811
193,193,76.32003096699715,-93.08823338549048
194,194,76.68870877099037,-105.69925074034532
195,195,77.03616133499146,-98.36885467552302
196,196,77.43867627811431,-104.93661971559456
197,197,77.80325906705856,-120.79063472475767
198,198,78.16303187799454,-112.84212745676041
199,199,78.63396202707291,-90.87503736401503
200,200,79.20113886404037,-106.32985778752227
201,201,79.5582335960865,-104.35011191200729
202,202,79.9384097559452,-97.85339130482173
203,203,80.31979432702065,-113.42757062468367
204,204,80.70449051809311,-114.09955828209401
205,205,81.11798547792435,-112.72744533288568
206,206,81.48647458696365,-109.29185317440731
207,207,81.89433093905448,-108.16034985851599
208,208,82.30261853694915,-104.88792764004432
209,209,82.72312707710266,-119.59073452136046
210,210,83.16235026192665,-108.10052745669324
211,211,83.7154711239338,-105.82051634416685
212,212,84.09333332800865,-121.92813919808899
213,213,84.44188917708397,-115.29454049886087
214,214,84.82014178800583,-116.4937472929487
215,215,85.20926100301743,-110.34346775712898
216,216,85.58157966494561,-110.28275798827339
217,217,85.95584630298615,-103.43075644685081
218,218,86.35269289398194,-90.75289124155543
219,219,86.67287996196747,-109.91425012139206
220,220,87.02590710496902,-96.06512346221493
221,221,87.3775775949955,-109.2940338850442
222,222,87.80597481012344,-97.04958850210127
223,223,88.47518521094322,-101.50260730472706
224,224,88.82658591413498,-95.43333469123081
225,225,89.22458185696601,-108.09934645831291
226,226,89.63375747513771,-112.92300019658279
227,227,89.98642149806022,-114.4377276085188
228,228,90.36008752608299,-115.68930744687329
229,229,90.73573819708824,-100.20827929451939
230,230,91.13482043910027,-105.40694039188159
231,231,91.51282062506675,-113.79778334901361
232,232,91.90882649707794,-99.96306669601029
233,233,92.31290990614892,-103.63744046132395
234,234,92.66814524912834,-104.1508397940946
235,235,93.1307761721611,-115.376274043274
236,236,93.69215578198433,-112.29584479414268
237,237,94.07638431811333,-95.96313265952222
238,238,94.46480432605743,-103.29083866079932
239,239,94.80114943003655,-104.11426509375121
240,240,95.19231454706193,-103.72145420855844
241,241,95.6086925649643,-101.11139639577684
242,242,96.01037390613556,-107.0868237221425
243,243,96.37518393707275,-102.10190612075371
244,244,96.76155127811433,-109.28498804851631
245,245,97.1387329750061,-109.34114315335981
246,246,97.53403972792626,-112.28721854423871
247,247,97.94055562996864,-92.82842549625548
248,248,98.57243348503113,-103.45425100728694
249,249,98.90890479397774,-104.49720486959109
250,250,99.27992541003228,-116.49596096651707
251,251,99.65116478896141,-101.11959881915448
252,252,99.99593122911453,-111.34442531245368
253,253,100.3434402730465,-105.043601069949
254,254,100.72326858711243,-102.0685716701875
255,255,101.12715594911575,-103.37545381581018
256,256,101.51753858399391,-83.91191847343273
257,257,101.91858701109886,-108.33896108762804
258,258,102.34202928900719,-108.66935116706841
259,259,102.7532954750061,-92.63300530542412
260,260,103.37873960208893,-111.644557118566
261,261,103.77738377904892,-96.90747615050749
262,262,104.1218126001358,-94.50370511947499
263,263,104.47038001799584,-126.2811868224566
264,264,104.79740533900261,-99.75132576162815
265,265,105.15961875605583,-99.69993562433947
266,266,105.55470221114159,-99.29640027593642
267,267,105.9574737379551,-103.83873281511195
268,268,106.35723878407478,-112.2423830757502
269,269,106.76120672512054,-112.32310136569238
270,270,107.4548674390316,-121.92254338441924
271,271,107.79484039402008,-95.14594354325841
272,272,108.16269074010849,-114.1630614914332
273,273,108.53580896806717,-108.13963413532383
274,274,108.9415431280136,-106.21072123038793
275,275,109.34552469301224,-110.49348893808389
276,276,109.71265654301644,-117.69310621345619
277,277,110.12515902709961,-96.79274016764857
278,278,110.51197418713569,-96.07447188727409
279,279,110.90983077692985,-105.86451607412701
280,280,111.31365269899368,-103.46072640259733
281,281,111.9379526181221,-115.89969510585276
282,282,112.26861836004257,-102.05373347128874
283,283,112.58799361515045,-108.01398451422644
284,284,112.93996814703941,-88.04600484225507
285,285,113.29327000498772,-109.2680523685753
286,286,113.69273677992821,-101.96740305478484
287,287,114.06264660716057,-106.83030208386054
288,288,114.44676858615875,-100.83906996060627
289,289,114.84534276604653,-112.2379262061229
290,290,115.2472443921566,-108.64364593287993
291,291,115.67552494502067,-107.98279628910753
292,292,116.09015209007264,-121.29197813927597
293,293,116.68962031912804,-98.4697790048685
294,294,117.01866770410538,-108.4538909129711
295,295,117.37159064006805,-116.55662467962857
296,296,117.7769551229477,-101.37352322861928
297,297,118.09343423414231,-108.04168731389318
298,298,118.47882497501374,-94.68125357941507
299,299,118.8843846540451,-116.48937851418293
300,300,119.27044846105575,-107.30300400186619
301,301,119.6756386449337,-109.66341305185608
302,302,120.09811487913132,-115.87508428539064
303,303,120.39378022694588,-99.70278318880013
304,304,120.73569544196128,-107.13709684372179
305,305,121.12008999204636,-116.55208011475649
306,306,121.72325806307792,-110.82286743946966
307,307,122.07584385108947,-109.6545668627288
308,308,122.4665014231205,-104.45749494999264
309,309,122.84825467300415,-106.16077403658213
310,310,123.24391610193253,-104.11999679219187
311,311,123.62254332709313,-109.78885676614996
312,312,123.96582178807259,-110.77664720174499
313,313,124.31838062000274,-117.74911632816958
314,314,124.72987844705581,-104.99816059545572
315,315,125.09893044614792,-104.69764969876046
316,316,125.48159178495408,-95.53059989178837
317,317,126.1785617620945,-100.61918578045508
318,318,126.53960264396667,-98.94893862274944
319,319,126.91371941304207,-92.67819050875178
320,320,127.32085069298745,-101.60125268263575
321,321,127.7367347869873,-93.87961254807328
322,322,128.17823153805733,-99.91533399832366
323,323,128.58067233610154,-111.42628431448283
324,324,128.9941487159729,-105.59484997750091
325,325,129.4126362900734,-105.6369507256932
326,326,129.85076954197885,-107.32852157991297
327,327,130.25934893798828,-111.4045788942642
328,328,130.89596715712548,-107.0470896015041
329,329,131.24310930013655,-108.98864983734798
330,330,131.5940271990299,-100.84690018227931
331,331,131.92027728009225,-96.89538438739717
332,332,132.28118114113806,-101.70412940393831
333,333,132.6790979349613,-96.74380605248683
334,334,133.07046416401863,-101.27882981968912
335,335,133.44654730916022,-105.0006819113717
336,336,133.83919194507598,-106.5407471221232
337,337,134.26838283896447,-109.7427252011567
338,338,134.67845999908448,-109.22303761728841
339,339,135.1244936721325,-99.88092782679122
340,340,135.64009843492508,-101.32317874578104
341,341,135.98912685108183,-103.14752346353443
342,342,136.35020483994484,-93.58389054292374
343,343,136.75329468393326,-99.66088265586801
344,344,137.12374825596808,-99.30715877816016
345,345,137.52658579301834,-104.93090108310523
346,346,137.92371937513352,-91.87071866585381
347,347,138.32636801314354,-100.37253844750325
348,348,138.73692227411271,-103.23838352725714
349,349,139.1203907160759,-106.90594694346527
350,350,139.61793437099456,-103.16029265135563
351,351,140.17169468212128,-113.27375749453846
352,352,140.5529774930477,-101.55639241503438
353,353,140.91093887114525,-97.48085970811552
354,354,141.27102271294595,-101.43809257701473
355,355,141.64528932905196,-101.99301484105104
356,356,142.01638401913644,-97.63357981263314
357,357,142.40527991700174,-107.536934058266
358,358,142.8353609790802,-101.4667127370652
359,359,143.20497360110284,-97.41917387475715
360,360,143.58309715294837,-117.68869293833993
361,361,143.98226472115516,-89.9289091675288
362,362,144.4642110581398,-93.77944765864144
363,363,145.01074565196038,-107.32060066519944
364,364,145.36755947113036,-117.60563338981336
365,365,145.73943216013907,-110.86614809210772
366,366,146.14007373094557,-96.18080886282871
367,367,146.53707747101782,-111.89600793938288
368,368,146.96420800495147,-98.07427237421928
369,369,147.39679045200347,-113.97665736925934
370,370,147.78112204909326,-116.48246972224358
371,371,148.10607627415658,-111.39217331112823
372,372,148.51583147811888,-118.72878061304769
373,373,148.89999968409538,-96.14084345748782
374,374,149.56126961398124,-117.63716188430163
375,375,149.9574122891426,-107.21804612631074
376,376,150.3034473400116,-98.75358952779355
377,377,150.62729771900177,-104.2213268589705
378,378,150.98177288007736,-105.47036411649603
379,379,151.34305104207994,-86.87198739292305
380,380,151.73077579092978,-105.58108329457711
381,381,152.17471682596207,-100.37450664537147
382,382,152.56083823609353,-102.66076232894422
383,383,152.91060435199736,-104.74677798839281
384,384,153.56532088804244,-109.67569416641925
385,385,153.9098116250038,-98.08461879238355
386,386,154.23174936413764,-101.97746409630592
387,387,154.57209430098533,-105.36700453671867
388,388,154.97238796401024,-105.86504596617247
389,389,155.3494311299324,-113.98292206643885
390,390,155.7044166841507,-105.52908892939804
391,391,156.09691415405274,-122.56451765057716
392,392,156.45323162508012,-105.6457276188564
393,393,156.87124274015426,-104.63437327577151
394,394,157.22165050196648,-116.29803116558644
395,395,157.58152663302423,-98.89145093856486
396,396,158.20583414316178,-103.40295007962126
397,397,158.55862879896165,-100.24622996448359
398,398,158.87503062415124,-108.9390011727481
399,399,159.25980797314645,-105.78948139183458
400,400,159.6048496761322,-93.09541949754023
401,401,160.02135408115387,-103.41331759368275
402,402,160.42707318997384,-105.8018064172196
403,403,160.75120134615898,-106.49998499919144
404,404,161.1402842450142,-112.65878421778899
405,405,161.52588360214233,-99.57178975537978
406,406,162.14941760396957,-103.95375522863525
407,407,162.5332235839367,-111.35626098787716
408,408,162.9238324370384,-116.2367232768328
409,409,163.32316320204734,-108.91156978355056
410,410,163.73086379098893,-111.82074261011493
411,411,164.10992265701293,-107.37024608395737
412,412,164.51245766997337,-105.31272614867937
413,413,164.9254717719555,-106.6736795392469
414,414,165.31209845805168,-97.21229019579245
415,415,165.6920701520443,-93.18000420243095
416,416,166.08404537796974,-97.5159448894514
417,417,166.4621106610298,-109.09370867742659
418,418,167.10673952794076,-102.53306846092737
419,419,167.45365405797958,-104.66796862470039
420,420,167.77598272705077,-117.90595989318885
421,421,168.11542255306244,-100.06008924309086
422,422,168.41425921702384,-123.0532322742556
423,423,168.76308963608741,-106.54864962581006
424,424,169.13144173502923,-112.48942793846433
425,425,169.53466303300857,-100.570854470102
426,426,169.93873207497597,-95.99412929196352
427,427,170.2839569129944,-112.84816779381407
428,428,170.63157335805892,-91.7819260586285
429,429,171.063895537138,-90.01609889624324
430,430,171.70752490210532,-95.41359850759366
431,431,172.08181412410735,-93.86669430935088
432,432,172.47819642114638,-115.28101876764862
433,433,172.8680005710125,-83.34112934833264
434,434,173.2177776720524,-105.63239740619326
435,435,173.62625112295152,-110.43632778523906
436,436,173.99568709611893,-105.42632505786395
437,437,174.34275889205932,-105.47469915803272
438,438,174.75052202296257,-111.19434147456522
439,439,175.18070149493218,-114.96001549069199
440,440,175.54917894792555,-106.63252692413062
441,441,175.96277100610732,-104.54096396813534
442,442,176.54103756809235,-111.57735385412178
443,443,176.92747391414642,-103.26074856082674
444,444,177.24901032614707,-107.68532252747052
445,445,177.62309922599792,-115.46962181642012
446,446,178.01272126793862,-110.33545580978284
447,447,178.3599074549675,-113.93903946954791
448,448,178.71890345406533,-104.18540560164058
449,449,179.1160242731571,-113.7616924402682
450,450,179.51634785008432,-96.53879751478064
451,451,179.90711379694937,-94.97185244170787
452,452,180.33256938505173,-89.26932782235596
453,453,180.9395295190811,-104.98624927467702
454,454,181.27503953003884,-107.0287553906999
455,455,181.67395401000977,-98.87146698135197
456,456,182.06513403701783,-101.13151517179273
457,457,182.43335406899453,-113.52639094447794
458,458,182.7813059771061,-112.51526641621967
459,459,183.18619273614883,-111.52850149705765
460,460,183.6125116200447,-104.55969011821041
461,461,183.96635191392897,-106.82359047238268
462,462,184.36853480696678,-107.54565072294542
463,463,184.76415276002885,-104.57139745935753
464,464,185.38723031806947,-102.0765912187045
465,465,185.7618421370983,-93.63713652578608
466,466,186.1430569911003,-112.25611282760418
467,467,186.49624660515786,-110.43314910600877
468,468,186.89883806800842,-113.6757864090659
469,469,187.28450358510017,-102.91876928567359
470,470,187.65287674403191,-110.31290462572534
471,471,188.07008102607728,-100.51058352551654
472,472,188.3909354839325,-96.19450524004962
473,473,189.0684521920681,-113.96718457230139
474,474,189.42219890499115,-102.45550853520024
475,475,189.7974592130184,-121.11072144218933
476,476,190.1455293841362,-114.69872630147792
477,477,190.49405615115165,-113.71538529390065
478,478,190.88841209101676,-98.03898716320899
479,479,191.24513948512077,-110.84186696182218
480,480,191.60268470215797,-107.19432435716111
481,481,192.02085661697387,-106.76956897226665
482,482,192.3778466849327,-103.09008921608157
483,483,192.77465438604355,-95.58438472633236
484,484,193.15189478802682,-99.23713517511996
485,485,193.7600777039528,-98.64740209175122
486,486,194.12292993402482,-101.57612322065022
487,487,194.50236505293847,-105.87581494241036
488,488,194.827451939106,-100.4465929656246
489,489,195.20713143706323,-110.9354625152741
490,490,195.5417768599987,-103.56528437243331
491,491,195.9164681251049,-115.79526126736516
492,492,196.30038289308547,-110.16546809647787
493,493,196.68778626203536,-97.87542881914946
494,494,197.02305713415146,-112.9411320376829
495,495,197.44513415598868,-99.34826645405981
496,496,198.03579185199737,-114.62139168073989
497,497,198.4154050810337,-113.9283615211802
498,498,198.81580554294587,-98.66745062487709
499,499,199.18953816199303,-97.79203191492988
500,500,199.56054336810112,-106.5300215885807
501,501,199.962601416111,-104.97279079114936
502,502,200.39066221094131,-109.09078765193154
503,503,200.76455696606635,-101.19179872778625
504,504,201.134679500103,-101.87731544415232
505,505,201.486079652071,-109.2525241696152
506,506,201.88644012212754,-106.15438932532984
507,507,202.5374353339672,-114.13764166583478
508,508,202.88890079903604,-106.60169064800141
509,509,203.1900953350067,-103.10079670201354
510,510,203.54353456902504,-113.13999655730915
511,511,203.8937673499584,-99.10370058511194
512,512,204.28956166911127,-99.60618050221629
513,513,204.69024437713622,-100.06780556322438
514,514,205.11877149009703,-97.73668575806396
515,515,205.5193041200638,-107.80971558461705
516,516,205.91332550811768,-103.27873360712123
517,517,206.3281690609455,-111.00494741343834
518,518,206.7234336400032,-107.56319020260403
519,519,207.15984962511064,-105.55889765114466
520,520,207.77496128106117,-107.95862614452446
521,521,208.11923710298538,-108.91836953362481
522,522,208.46420792508124,-87.7814740453923
523,523,208.79362828707696,-94.63453317493943
524,524,209.18729774212838,-85.3886353581112
525,525,209.58628003406525,-106.09214928590903
526,526,209.93910174894333,-97.87649533267046
527,527,210.37675866699217,-108.79117036719641
528,528,210.750911495924,-102.57395252197573
529,529,211.122239964962,-100.7716675804312
530,530,211.55104734110833,-110.66687348338253
531,531,211.87652261400223,-100.1048545709303
532,532,212.59056262993812,-106.70490492325007
533,533,212.94438470697403,-101.63857832377579
534,534,213.31862489008904,-104.54783165739096
535,535,213.6501398830414,-99.38024788712848
536,536,214.01584064602852,-111.90371876869582
537,537,214.37812963700296,-103.30489460247111
538,538,214.7779791960716,-106.90659360936714
539,539,215.18790348911284,-107.54555683514546
540,540,215.57007742404937,-107.80722082012184
541,541,215.9438617169857,-105.4287690675107
542,542,216.31348076295853,-99.08582691979404
543,543,216.75783936309816,-96.63712206465691
544,544,217.392055768013,-107.65972930467473
545,545,217.72331440901758,-103.46034209328863
546,546,218.11174449896814,-106.31364364267206
547,547,218.48360081005097,-94.1036726715956
548,548,218.89476729512214,-109.19236018084372
549,549,219.27199240398406,-105.68626833335396
550,550,219.6566429040432,-100.92636282499907
551,551,220.02725187301635,-107.93538826526654
552,552,220.39615181303023,-100.79610213213778
553,553,220.80822931599616,-106.06699593676694
554,554,221.1885929169655,-99.78730916621527
555,555,221.5651225171089,-103.74528456902065
556,556,222.23495635700226,-103.53174250042501
557,557,222.59511485600473,-95.27546114369723
558,558,222.91845101308823,-88.76067181548812
559,559,223.32202270698548,-93.87462981268419
560,560,223.70202031993867,-102.76382016060535
561,561,224.07474941706658,-103.32956383055449
562,562,224.45672430610657,-97.93751197575723
563,563,224.86248782801627,-121.71212443566748
564,564,225.24234281992912,-93.86428927996786
565,565,225.64813208293916,-105.54359684398565
566,566,226.03068935012817,-102.23130020060529
567,567,226.50091583395005,-97.65883162711042
568,568,227.11749360013008,-94.49228424696932
569,569,227.46972554302215,-98.06115995061297
570,570,227.81670572400094,-103.34588017588736
571,571,228.2065830359459,-99.04141787758344
572,572,228.5511308529377,-101.73417847359272
573,573,228.97934799313546,-110.90292441873146
574,574,229.28966116404533,-89.2032118704058
575,575,229.7035660750866,-104.85915773176441
576,576,230.08765549016,-100.32512142211033
577,577,230.5107504529953,-110.50806997405378
578,578,230.92551176309587,-110.6121699691671
579,579,231.34229447793962,-103.84775868683904
580,580,232.05783800196647,-104.78821005581771
581,581,232.43585675096512,-112.66594736334227
582,582,232.79024199295043,-95.7359380393319
583,583,233.14746887111664,-83.10026134179526
584,584,233.55954931402206,-103.6153263762051
585,585,233.95257103395463,-113.26598841636142
586,586,234.3377648911476,-107.28468351763304
587,587,234.76051482510567,-110.05756989834339
588,588,235.16965296697617,-93.60628598230879
589,589,235.55160106801986,-100.41826981156619
590,590,235.92328147101404,-103.81667105549883
591,591,236.26985800909995,-106.81803866205101
592,592,236.65642884802818,-113.7915297503612
593,593,237.2616420149803,-109.28501454840591
594,594,237.64659342098236,-123.41171394269233
595,595,238.02378035902976,-102.66294111419829
596,596,238.39766654706003,-110.60017082780362
597,597,238.83574044203758,-90.65972279892323
598,598,239.24716381311416,-111.37949769478246
599,599,239.65981521201132,-102.6262523515368
600,600,240.07189405608176,-95.28988950403125
601,601,240.49947293806076,-95.16876089387642
602,602,240.909264220953,-101.56655555534637
603,603,241.32237412595748,-111.78771526463109
604,604,241.82865033197402,-108.9212083056529
605,605,242.43868981194495,-97.31987152820966
606,606,242.78335107898712,-103.01356425483704
607,607,243.11084990906716,-121.70814903012764
608,608,243.5179963209629,-108.43712764550644
609,609,243.84745898914338,-86.62510268954188
610,610,244.27602013897896,-98.19934871995117
611,611,244.6892795190811,-105.19989090238099
612,612,245.0745434000492,-107.29860493471529
613,613,245.46174100494386,-90.6977397021526
614,614,245.89523664093016,-98.43926223052942
615,615,246.30022870302201,-111.12554579367878
616,616,246.93328354001045,-111.35009960909336
617,617,247.31775220394135,-89.08443953020972
618,618,247.67965491104127,-96.4525388085071
619,619,248.08144835805894,-105.11321280941084
620,620,248.39379849004746,-95.91091520167086
621,621,248.78331020498277,-92.90470434808182
622,622,249.16355498194696,-94.3548034830777
623,623,249.57385393309593,-106.7695764654572
624,624,249.9937783961296,-97.29309321396234
625,625,250.4084003789425,-103.86355607212303
626,626,250.93595160007476,-103.40957874746563
627,627,251.5121938750744,-106.8879491252913
628,628,251.89204278111458,-106.08812394504756
629,629,252.2575482981205,-104.30573571213591
630,630,252.5978499200344,-100.05948514313911
631,631,252.9753805410862,-94.38830259406798
632,632,253.38938461613654,-91.08783439948098
633,633,253.7634825351238,-84.6277597453934
634,634,254.16970527815818,-106.7266905067112
635,635,254.57429022693634,-108.42482225066954
636,636,254.95341902709006,-110.1297990982855
637,637,255.3601336450577,-101.12951048300717
638,638,255.99629392409324,-107.5772973284837
639,639,256.3016365790367,-105.7502344292373
640,640,256.6878127279282,-90.49868594268096
641,641,257.0762626199722,-97.90422275536082
642,642,257.4602817430496,-111.62962739292308
643,643,257.8316526169777,-84.38309763767207
644,644,258.19848976397515,-106.22907560899519
645,645,258.63607415413856,-103.36450715081502
646,646,259.06624114394185,-105.18508663782634
647,647,259.4584069049358,-95.30137304326723
648,648,259.84699719309805,-109.7376239013862
649,649,260.1830850291252,-101.79624282471435
650,650,260.65472228598594,-111.60975750383022
651,651,261.24173359799386,-91.30210592220374
652,652,261.61425110697746,-93.01601043427104
653,653,261.9927870371342,-105.23654454613165
654,654,262.32771126914025,-88.4395529728091
655,655,262.737863861084,-96.47784221887699
656,656,263.1404730401039,-96.31551073592632
657,657,263.53665018200877,-105.26240286896794
658,658,263.91397222304346,-95.21523775362702
659,659,264.3117269411087,-112.12415703190173
660,660,264.6685979800224,-105.45991104375221
661,661,265.0637951979637,-95.71280906370438
662,662,265.5168439540863,-93.78691533475904
663,663,266.098990498066,-106.61924025983522
664,664,266.47313881397247,-92.18753283511897
665,665,266.83973771500587,-95.52850589225167
666,666,267.216659760952,-96.82169892072623
667,667,267.62330527210236,-97.57826831408944
668,668,268.0219648680687,-95.89459990241944
669,669,268.40070417308806,-86.38575456322697
670,670,268.7512347230911,-80.61129864067286
671,671,269.15417441797257,-100.13219225979358
672,672,269.5506220009327,-97.12352451245417
673,673,270.0367308731079,-105.2223671026973
674,674,270.64026119208336,-102.6938564113758
675,675,271.042338242054,-104.76259556505825
676,676,271.39597379803655,-98.39004005474332
677,677,271.7733467991352,-89.09891209825054
678,678,272.1592820460796,-108.49064135778215
679,679,272.53519009113313,-104.94203634094734
680,680,272.90631733393667,-100.81847434934026
681,681,273.29290504312513,-99.91682085125225
682,682,273.66100237298014,-95.16924186765038
683,683,274.08068325304987,-91.21572422482713
684,684,274.4856955959797,-101.33279495297802
685,685,275.00707215595247,-110.20685799207953
686,686,275.522051774025,-103.09679022169578
687,687,275.879455589056,-96.37309332428704
688,688,276.2577344810963,-102.52639884596118
689,689,276.6171896820068,-100.53080872486011
690,690,277.0287524180412,-90.75610135368187
691,691,277.4162566151619,-95.18586639755738
692,692,277.8508040540218,-106.25962635341295
693,693,278.2412156190872,-86.58706112568606
694,694,278.64933415293694,-100.29105661961654
695,695,279.0334395971298,-96.19197001864072
696,696,279.4234747350216,-91.97599590893907
697,697,280.0103635661602,-97.59983154581778
698,698,280.38922251200677,-110.74043145650356
699,699,280.7467709140778,-93.28970070578613
700,700,281.07223010396956,-97.62097772643327
701,701,281.4492968130112,-97.6905477061351
702,702,281.8925777621269,-107.00265749709354
703,703,282.2633642780781,-94.94773881587827
704,704,282.67293865013124,-96.36729981293406
705,705,283.08704555296896,-98.08058931714577
706,706,283.7571607079506,-92.53305421484637
707,707,284.1310185379982,-91.14846632298253
708,708,284.50849209594725,-88.8335311324187
709,709,284.9013258371353,-99.155272663612
710,710,285.26315742301944,-101.70493054970794
711,711,285.63172270798685,-102.05708123943764
712,712,285.97932242798805,-98.95153788909928
713,713,286.33306015896795,-109.10179779283163
714,714,286.72231198000907,-110.47984093862802
715,715,287.1416609611511,-95.22785691323291
716,716,287.54626761603356,-98.87391155531247
717,717,288.08539872002603,-103.15460596898924
718,718,288.6379865970612,-91.15869600846314
719,719,289.0215128259659,-102.97546425820364
720,720,289.42526039600375,-94.33701363923322
721,721,289.82949763703346,-95.80734904569398
722,722,290.21919510006904,-86.71815269454464
723,723,290.6305337600708,-91.92898354255996
724,724,291.06073707199096,-100.19222309479477
725,725,291.43738394713404,-105.82829946859835
726,726,291.8359968430996,-114.72911363085409
727,727,292.2031755521297,-108.44781168843907
728,728,292.654404184103,-101.32532173804069
729,729,293.2505283780098,-94.6841768981097
730,730,293.6288849289417,-92.72603168450908
731,731,294.02577060103414,-97.20735592588714
732,732,294.4193312599659,-94.48112630904936
733,733,294.84292666006087,-103.62421842907466
734,734,295.25415871596334,-93.61171807255411
735,735,295.6143707921505,-97.51701350786011
736,736,295.9620448379517,-80.44305706763421
737,737,296.3423024749756,-104.13771522885392
738,738,296.73356919813153,-88.18834822945841
739,739,297.0957246050835,-106.5069957493789
740,740,297.4047529320717,-110.57519051154627
741,741,298.0566379480362,-112.39057708907664
742,742,298.4278134851456,-93.57486493873328
743,743,298.7882633690834,-96.34526008646766
744,744,299.1240101261139,-97.54536390420733
745,745,299.48668767309186,-86.4458758910664
746,746,299.8824005899429,-102.6854513144625
747,747,300.2626732029915,-90.63550906251304
748,748,300.6135614550114,-88.7734396066947
749,749,300.97896835494043,-89.31665118878261
750,750,301.2951867439747,-85.14723427823138
751,751,302.0167655079365,-100.06200604842422
752,752,302.36675027608874,-88.30416315756361
753,753,302.7298507721424,-93.39939072935717
754,754,303.1151478691101,-95.5012330356394
755,755,303.51650864601135,-91.78462202763264
756,756,303.9474908361435,-90.41807329050809
757,757,304.32556775307654,-81.89833415700319
758,758,304.7419004211426,-93.1614720556614
759,759,305.13475240707396,-93.2318277330063
760,760,305.57673864603044,-91.61358143798655
761,761,305.9381737840176,-101.6041601177963
762,762,306.45758736109735,-89.36683789709011
763,763,307.0586233279705,-91.65139276999706
764,764,307.37852163004874,-85.91802985429995
765,765,307.74037400603294,-91.99735931677768
766,766,308.0932865390778,-94.30157511016627
767,767,308.44602420711516,-89.13434803111193
768,768,308.8361251871586,-103.33632115964907
769,769,309.20984775304794,-91.15094258902617
770,770,309.5814882071018,-91.84286838282608
771,771,309.9336085679531,-86.26168494265302
772,772,310.3062194609642,-94.7334603597202
773,773,310.72152089715,-99.04674695446501
774,774,311.0501861720085,-78.02261397089725
775,775,311.6626045200825,-97.42138046906442
776,776,312.059287101984,-99.56676417199739
777,777,312.412312746048,-80.6964990078583
778,778,312.77813247299196,-76.99540634112907
779,779,313.1812617840767,-94.09244502841443
780,780,313.5372131500244,-101.3915238114069
781,781,313.95369083309174,-90.52891490221936
782,782,314.3360202629566,-103.83910618595968
783,783,314.7459518520832,-81.19264201474283
784,784,315.1562875349522,-97.45240095550211
785,785,315.6030884349346,-81.54039474534902
786,786,316.2625696101189,-92.37529273668193
787,787,316.6177960410118,-79.62727992973946
788,788,316.97903569793704,-105.39299496784221
789,789,317.3830553719997,-95.61302157040167
790,790,317.73284734606744,-99.19706465421842
791,791,318.1381516289711,-92.19075349974298
792,792,318.5456392769814,-92.3280531029452
793,793,318.9770159029961,-92.3894915722899
794,794,319.3679222049713,-87.48237855512147
795,795,319.7592412631512,-88.68412194395233
796,796,320.14598310995103,-83.48209078809867
797,797,320.51860498309134,-87.84955549337656
798,798,321.16095424103736,-92.91812752890219
799,799,321.5445569710732,-95.29982418722734
800,800,321.9266794631481,-91.64833945962359
801,801,322.2390493979454,-67.61483347639667
802,802,322.63379953312875,-94.96466622450448
803,803,323.0709279060364,-87.4626589001112
804,804,323.48855755496027,-87.65629177049527
805,805,323.88215542292596,-92.27019829431342
806,806,324.2640076200962,-91.4840714868499
807,807,324.6245469429493,-86.5048382911447
808,808,325.0170084350109,-88.8302673010829
809,809,325.6783820300102,-81.6451321295413
810,810,326.0691476819515,-85.71237258006425
811,811,326.420981192112,-86.36674470826325
812,812,326.80030048012736,-97.11664302454736
813,813,327.16919405698775,-97.11659942837969
814,814,327.57235109996793,-82.4737103041135
815,815,327.98094788599013,-95.97750875374729
816,816,328.32763820004465,-92.39407932368923
817,817,328.702889523983,-92.13324833386784
818,818,329.08490752601625,-82.67011394311544
819,819,329.4598788321018,-98.06171227555075
820,820,329.8917593359947,-82.33293165664853
821,821,330.48606788897513,-98.86779974515979
822,822,330.88414879608155,-96.96394083721692
823,823,331.2752585351467,-96.81829010537368
824,824,331.62696091508866,-85.37042273567812
825,825,332.0597400691509,-94.47954792010192
826,826,332.43904434013365,-86.34489232068452
827,827,332.836397796154,-89.35333532051061
828,828,333.21154442715647,-98.01229957595258
829,829,333.58486507797244,-86.96656546299356
830,830,333.9877193729877,-85.05331843662701
831,831,334.3684093430042,-89.24156938274754
832,832,334.7067987990379,-83.61663429117013
833,833,335.15832052707674,-83.96575975852016
834,834,335.724127243042,-79.16994436329732
835,835,336.05225945711135,-88.09797332777839
836,836,336.3957923200131,-104.44809553762752
837,837,336.7909888601303,-86.99592393626578
838,838,337.1581442289352,-92.4821050112627
839,839,337.5571509110928,-87.91063254962049
840,840,337.9449026350975,-107.50508139779245
841,841,338.31722252607346,-73.58047433598679
842,842,338.6613874940872,-72.63027537291875
843,843,339.03638136315345,-79.95216281628709
844,844,339.43811324214937,-88.0930010922238
845,845,339.8491113240719,-90.9970988200367
846,846,340.4991235840321,-89.626150717175
847,847,340.88183206009865,-85.33507231912732
848,848,341.2587190730572,-98.99508464658824
849,849,341.6512645521164,-80.79321520161308
850,850,342.0511307890415,-79.85776204123503
851,851,342.4886083950996,-90.79854496168984
852,852,342.8858133249283,-88.55756978955452
853,853,343.29013861107825,-89.24446342459377
854,854,343.7241077260971,-86.07248975584416
855,855,344.3997391860485,-85.6023961356775
856,856,344.75628984594346,-73.32899811973454
857,857,345.1414249501228,-81.78269813098726
858,858,345.4756975340843,-82.86810529061323
859,859,345.87948907613753,-92.91301862697478
860,860,346.27271792912484,-88.53762519376775
861,861,346.6692248520851,-84.83225949382783
862,862,347.0501759030819,-88.1641542810642
863,863,347.4297935619354,-94.64191140409436
864,864,347.83281373095514,-85.2839156248144
865,865,348.22007475709916,-80.82074922123655
866,866,348.7231049361229,-98.56455139507264
867,867,349.27946232795716,-87.9852070321062
868,868,349.66182352900506,-82.34912944400793
869,869,350.04607581496236,-84.45998715037767
870,870,350.444915323019,-82.13187390500167
871,871,350.8421457519531,-83.1886846151304
872,872,351.2489726691246,-109.40121601065756
873,873,351.6467181200981,-97.12361287451867
874,874,352.015913424015,-81.10003762511352
875,875,352.4098580160141,-73.8749705551747
876,876,352.81785803294184,-76.12466345819416
877,877,353.18492680692674,-95.60534613876308
878,878,353.61363418602946,-90.17878633680581
879,879,354.16894851613046,-89.37526446225442
880,880,354.567771474123,-88.99305701895828
881,881,354.96778689694406,-88.60601949817072
882,882,355.323794809103,-85.53594667915809
883,883,355.73395827412605,-84.94271242628008
884,884,356.16050091910364,-85.70481143370264
885,885,356.54990139198304,-84.08656664395224
886,886,356.96286298608777,-96.26193989277249
887,887,357.35910399699213,-78.99759253323833
888,888,357.7504276809692,-89.75980696312402
889,889,358.22229321813586,-85.7085504422667
890,890,358.80532754302027,-83.2706215396156
891,891,359.1932399950027,-83.26190529852241
892,892,359.5377271709442,-90.64988942079732
893,893,359.9127123179436,-79.30137021210825
894,894,360.32516952514646,-103.94134848184879
895,895,360.73373122310636,-82.21310606120078
896,896,361.151024089098,-86.66723004519068
897,897,361.499219876051,-72.9834764470973
898,898,361.8797435901165,-84.28635963726828
899,899,362.25784309005735,-95.15296122442845
900,900,362.62236752295496,-91.78607948572272
901,901,363.10797406315805,-98.896776483585
902,902,363.69064473509786,-91.30896446129687
903,903,364.0819406170845,-86.38568618357013
904,904,364.4598610799313,-88.20545517153252
905,905,364.81040741801263,-99.3594926866878
906,906,365.1978608999252,-89.14241302679991
907,907,365.6036406641006,-85.14468860122045
908,908,365.98225241613386,-89.76446818159576
909,909,366.3826934070587,-76.8138872655088
910,910,366.7651967890263,-84.29379585167221
911,911,367.1604330279827,-94.77077083119636
912,912,367.5914223499298,-96.61826021027255
913,913,367.99732261896133,-98.47366759102263
914,914,368.6071705060005,-79.17040897312499
915,915,368.9915471739769,-86.3220220059654
916,916,369.3430279660225,-83.49745712967099
917,917,369.7405481030941,-82.28745362491418
918,918,370.1204142999649,-91.0188232769416
919,919,370.5213108849525,-84.633353333107
920,920,370.8778463900089,-89.19687115977824
921,921,371.226967236042,-78.40625454845039
922,922,371.63171506595614,-77.33892830346478
923,923,372.02564692115783,-67.82331460858589
924,924,372.4538298461437,-93.40725208263356
925,925,373.1405333271027,-97.27027820094186
926,926,373.54447437906265,-90.02670805689306
927,927,373.86800890803335,-76.43715351469262
928,928,374.24251396608355,-73.37086670973753
929,929,374.59962411808965,-77.32225697491351
930,930,374.9684778780937,-75.97001852202709
931,931,375.38261420297624,-82.79251305380457
932,932,375.7288066310883,-67.0272880150836
933,933,376.10423981499673,-80.9196000293683
934,934,376.4608028869629,-71.76954739686487
935,935,376.8664714779854,-79.70349152484741
936,936,377.3149499080181,-88.33353047669857
937,937,377.8983887181282,-83.51725310802084
938,938,378.27841964697836,-75.38616772697118
939,939,378.6297959561348,-89.02275510406372
940,940,379.0285578961372,-86.49704169538512
941,941,379.4298924131393,-82.27795312651226
942,942,379.8124127509594,-88.72785501646611
943,943,380.25664522004126,-79.14904338898059
944,944,380.6494164531231,-80.55356839370084
945,945,380.99946890211106,-74.26936364281414
946,946,381.4252429151535,-79.91941979715598
947,947,381.80202550196645,-78.36528571491567
948,948,382.2608786611557,-67.98888516141048
949,949,382.862360558033,-82.39124967092512
950,950,383.239683701992,-82.04492796332906
951,951,383.593567125082,-82.90549357756429
952,952,383.94658369112017,-84.54432868506973
953,953,384.30113436603546,-89.21090471465234
954,954,384.7270974850655,-91.66750159852552
955,955,385.13214197802546,-82.86981108681096
956,956,385.5603646709919,-89.56007451139708
957,957,385.94090530109406,-95.2796873108756
958,958,386.3431498980522,-86.50171094901847
959,959,386.77581638503074,-88.63148959964056
960,960,387.3896373691559,-90.29095814917682
961,961,387.74821145701407,-71.28904481813905
962,962,388.16089927792547,-83.43257303376063
963,963,388.5434513580799,-73.2995167604941
964,964,388.97855725312235,-87.17662494582348
965,965,389.4138569190502,-82.31278597231545
966,966,389.78982751607896,-76.20544462599096
967,967,390.1969753611088,-75.48273221327635
968,968,390.61159615898134,-96.7241173000929
969,969,391.08565436697006,-92.97928123727456
970,970,391.73315009903905,-76.214824054485
971,971,392.15141341495513,-79.73469344753964
972,972,392.49954311108587,-99.35056763715815
973,973,392.8747883520126,-94.14500070182451
974,974,393.2717573900223,-79.689581216297
975,975,393.66220459508895,-92.54381794793474
976,976,394.049636302948,-89.23989098758206
977,977,394.3861840031147,-87.68277012191841
978,978,394.82112559199334,-88.02355668891059
979,979,395.23846838092805,-88.48299944467973
980,980,395.6468970661163,-82.95957121741856
981,981,396.02527141809463,-90.24749477929683
982,982,396.6725920290947,-86.40820894165311
983,983,397.0321194579601,-92.8714474961114
984,984,397.3840609681606,-84.64661458217738
985,985,397.75970232105254,-80.8210767891938
986,986,398.1814822700024,-91.47836661550821
987,987,398.5883800859451,-84.94405908973417
988,988,398.94558022093776,-86.45203633984957
989,989,399.3486180279255,-78.83714744137747
990,990,399.73813919496536,-78.53745548073972
991,991,400.1296237490177,-72.78306442585598
992,992,400.7990852510929,-93.288340081243
993,993,401.1826461210251,-79.21180361514558
994,994,401.5631074249744,-83.67957632742085
995,995,401.91078239297866,-84.95046857226373
996,996,402.30940314507484,-87.11155424240536
997,997,402.68634304094314,-89.89701287891745
998,998,403.08178984594343,-92.19762635644592
999,999,403.5100495800972,-76.4621114980648
