33.08612128394109